10  100
49	66	16	18	44	65	77	39	35	30	50	63	98	26	22	22	11	56	21	88	54	28	12	30	62	73	72	71	59	80	86	50	89	83	97	44	63	83	63	50	20	19	47	85	43	81	99	2	29	82	44	76	28	72	54	69	78	26	4	19	42	75	81	58	64	15	80	21	63	70	17	32	78	37	14	38	84	92	92	83	82	84	2	79	100	93	53	74	94	91	66	77	96	63	93	34	87	43	49	20	
54	15	98	29	100	36	17	46	69	31	8	77	61	11	68	1	83	76	83	46	27	41	64	52	21	63	89	97	27	86	68	76	52	97	95	1	30	9	100	1	54	63	78	11	12	55	94	11	94	93	45	5	47	90	81	18	22	84	67	81	6	7	78	92	75	85	24	24	65	91	87	57	94	42	63	27	31	48	10	44	54	11	70	84	79	92	81	14	10	26	51	37	98	8	97	36	46	40	29	90	
55	57	78	37	49	14	53	83	70	61	25	1	86	84	17	33	98	43	2	44	93	80	94	31	29	31	23	42	89	12	83	6	4	20	53	28	84	14	64	53	33	7	25	48	15	59	72	16	34	77	64	78	88	27	78	43	81	58	31	7	31	42	87	95	68	38	69	84	63	69	42	26	77	41	73	17	72	72	50	15	71	72	63	53	12	39	12	71	88	15	74	98	4	64	69	96	56	7	62	22	
55	97	60	6	12	56	13	6	89	51	95	25	44	43	72	69	86	78	34	28	36	66	85	44	42	99	87	62	30	63	46	26	35	5	20	16	1	87	65	77	1	15	76	58	43	48	46	93	33	98	8	42	65	15	72	41	82	61	25	64	8	86	11	48	76	91	51	89	62	10	28	59	48	70	93	43	10	86	14	59	81	42	29	58	69	9	24	51	65	54	97	86	57	92	28	1	57	46	11	80	
64	40	79	47	71	17	74	22	40	94	86	65	61	45	18	33	93	34	6	1	33	72	45	31	99	41	45	68	61	48	86	54	29	34	73	1	15	46	74	54	82	53	48	73	4	32	26	45	37	16	63	83	34	100	36	13	10	34	88	95	72	67	89	95	33	90	42	46	29	37	76	14	38	82	67	15	48	19	30	84	53	23	17	57	17	15	70	66	18	9	61	94	78	65	64	1	6	46	99	73	
63	61	92	92	62	43	84	85	33	11	36	55	47	65	67	46	36	82	72	38	4	48	47	43	71	94	80	87	30	79	32	40	73	79	62	92	62	35	22	43	1	5	80	82	78	88	94	40	45	59	96	92	3	72	5	86	44	95	35	83	40	9	9	68	15	46	53	38	100	1	79	17	97	90	22	3	57	84	52	94	4	94	23	7	2	44	75	32	95	2	56	35	24	96	76	46	51	2	63	64	
90	23	35	98	72	43	55	69	50	81	77	29	76	24	64	77	43	66	74	56	24	38	98	2	23	41	56	28	44	82	13	25	98	25	44	43	76	34	95	51	74	52	82	31	26	79	57	14	18	82	95	98	36	16	44	63	34	83	52	33	61	11	58	89	46	70	40	77	65	20	92	32	1	6	57	54	22	78	68	44	75	76	13	65	36	42	3	9	2	6	43	46	73	2	78	38	7	62	35	88	
98	53	18	14	55	97	72	14	36	32	91	7	15	72	78	27	36	11	16	49	30	31	87	18	52	62	80	73	7	46	21	30	36	74	78	12	14	16	74	95	42	41	51	61	90	35	19	23	47	10	49	6	71	22	21	64	74	86	3	9	27	9	64	24	43	12	2	57	8	97	87	46	19	97	96	80	6	72	44	55	85	13	98	20	33	81	59	67	19	62	9	76	99	75	11	55	87	92	50	97	
20	14	17	81	47	81	6	51	24	29	38	92	71	90	86	46	75	53	94	75	70	67	93	20	10	13	87	76	39	24	9	94	89	81	43	82	11	66	87	78	56	92	66	69	27	97	64	53	11	23	96	99	13	68	75	5	98	29	95	2	73	11	95	27	3	54	27	94	98	17	76	82	67	91	67	84	78	83	12	28	7	15	14	20	35	25	5	6	56	71	14	16	66	49	51	89	6	27	5	29	
98	86	35	98	77	93	64	3	52	87	38	73	84	97	75	81	29	86	59	17	29	28	5	67	98	21	50	90	94	38	93	63	4	18	55	76	57	7	52	58	82	39	77	6	14	75	84	93	90	92	44	48	16	30	4	69	53	2	90	56	16	63	87	39	14	48	56	84	33	83	9	46	2	59	95	59	23	96	23	30	17	72	92	22	69	47	27	1	17	58	1	27	75	21	57	66	26	3	86	4	
4106	585	4442	1381	2525	2923	4078	4048	4478	2415	2750	1743	517	2447	3280	4007	4574	4389	3284	438	3955	2254	1907	3011	1336	3404	2693	959	2221	4897	987	1637	1870	1137	1220	1591	3418	1940	2942	1839	2345	2989	943	691	3681	1677	2717	3872	2169	307	4627	108	1657	524	4275	1360	3936	268	359	1800	3711	2071	3055	4215	4076	4388	1244	2596	4993	4569	3706	285	3944	4986	1567	1945	826	1410	3788	4263	1714	4543	2880	2870	3669	4514	2835	775	4700	3497	1103	1153	1285	1491	2150	4424	2683	1036	3948	2375	
0	68	38	41	69	28	59	67	77	61	54	55	68	30	84	62	61	91	22	81	54	65	53	88	53	20	67	36	78	39	53	74	40	87	74	40	87	82	65	69	62	83	68	40	74	49	64	76	71	70	36	45	85	29	35	47	40	50	70	71	36	77	31	70	34	51	56	59	71	60	79	32	13	29	77	47	39	36	60	32	64	49	77	43	57	57	76	55	29	51	9	60	66	59	68	25	56	49	40	72	75	
68	0	67	66	19	48	10	6	58	45	57	13	2	46	46	16	67	39	55	30	56	4	43	47	36	59	47	49	26	35	15	51	35	34	62	28	48	44	50	38	46	41	76	46	10	40	56	25	12	75	67	25	42	47	33	28	30	42	17	5	32	18	40	2	45	18	17	36	70	12	24	59	63	40	53	42	53	33	8	36	48	57	50	28	62	53	63	18	38	42	64	23	55	72	51	48	27	23	31	35	51	
38	67	0	3	58	23	58	63	46	35	21	59	66	24	59	70	25	72	20	64	23	63	30	64	35	19	40	18	63	33	54	45	32	69	41	47	63	58	37	47	36	61	30	21	68	30	32	62	63	33	2	43	63	24	43	39	51	29	60	67	40	67	32	69	22	51	50	39	34	55	66	9	25	34	48	27	14	48	62	45	37	17	49	40	22	26	43	63	41	29	29	48	34	21	39	26	43	43	38	51	46	
41	66	3	0	56	24	57	62	42	32	18	58	65	24	56	70	21	70	22	62	19	62	28	61	33	22	37	17	61	32	54	42	31	67	37	48	59	55	34	44	33	58	27	20	67	28	29	60	61	30	5	43	60	24	43	38	52	27	58	66	41	65	32	68	22	50	49	37	31	54	64	11	28	35	44	25	13	49	61	46	34	14	46	40	18	23	39	63	42	27	32	46	31	18	35	27	41	43	38	49	43	
69	19	58	56	0	43	18	12	40	28	43	25	17	41	27	34	51	24	50	13	41	16	28	29	23	55	29	41	9	30	22	32	30	18	44	34	30	25	32	19	29	23	60	37	12	28	39	8	7	58	58	24	24	42	36	22	38	29	2	15	33	9	38	21	39	21	13	20	52	13	10	51	60	40	34	31	44	40	22	41	30	44	31	26	47	38	45	33	42	29	63	10	38	58	33	45	15	20	29	16	33	
28	48	23	24	43	0	38	45	49	33	29	37	47	2	55	47	38	64	7	54	29	44	25	60	25	11	39	10	51	13	33	46	13	59	48	24	59	53	38	41	34	55	47	12	51	21	37	50	46	48	22	23	57	1	20	21	28	22	45	49	17	52	8	50	5	30	32	31	47	37	53	13	17	11	49	18	14	25	41	22	36	25	48	20	33	30	50	41	18	23	20	33	39	39	40	4	29	25	17	43	47	
59	10	58	57	18	38	0	9	54	38	49	7	9	36	45	17	59	41	45	31	48	6	35	47	29	49	42	40	27	25	5	47	25	36	57	19	48	43	44	34	40	41	69	37	16	32	50	25	14	68	57	15	42	37	23	18	21	34	17	12	22	21	30	12	35	8	10	29	63	5	26	49	53	30	49	33	44	25	5	27	42	48	46	18	54	45	58	15	29	34	54	17	49	64	45	38	20	14	21	32	47	
67	6	63	62	12	45	9	0	52	38	51	15	4	43	39	22	61	33	52	24	50	4	37	41	30	56	41	45	20	32	15	44	32	28	56	28	42	38	43	31	40	35	70	41	7	34	50	19	6	68	62	22	36	44	32	24	31	36	11	4	31	13	37	8	42	16	13	29	63	8	18	55	61	38	47	37	49	34	10	36	41	51	43	25	56	47	57	22	38	37	63	17	49	67	44	45	21	20	28	28	45	
77	58	46	42	40	49	54	52	0	18	24	60	56	48	20	71	23	37	54	36	23	55	25	24	29	57	12	40	37	45	55	7	43	37	7	60	22	20	12	20	16	24	28	37	52	30	13	37	47	24	47	49	26	49	59	42	65	28	42	55	55	45	51	60	44	52	44	25	18	49	41	46	64	55	5	31	38	65	59	64	14	29	9	48	24	20	6	68	62	27	68	36	11	31	10	53	35	44	49	24	7	
61	45	35	32	28	33	38	38	18	0	16	43	43	31	24	55	22	37	38	31	14	41	7	29	11	41	6	24	30	27	38	13	25	35	18	42	28	22	6	12	2	25	31	20	41	12	11	29	36	29	36	31	27	32	41	24	47	10	30	42	37	36	33	47	27	35	28	9	24	34	33	32	49	37	16	14	24	47	43	46	4	18	15	30	19	10	20	51	44	9	52	21	10	30	8	36	18	27	31	17	14	
54	57	21	18	43	29	49	51	24	16	0	53	55	28	39	65	10	53	31	47	2	53	14	43	21	33	19	19	46	29	48	24	28	51	20	46	42	37	16	28	16	41	20	17	55	17	11	45	50	20	22	38	43	29	44	31	51	15	45	55	40	51	33	59	24	44	40	23	18	45	49	22	40	37	26	16	15	50	54	48	16	4	28	36	5	6	22	59	45	15	44	34	13	15	17	33	30	36	35	33	25	
55	13	59	58	25	37	7	15	60	43	53	0	14	35	52	12	63	49	43	38	51	12	39	54	33	47	48	41	34	25	5	53	26	43	62	15	55	50	49	40	45	48	73	38	22	35	54	33	21	72	58	15	49	36	20	21	16	37	25	17	20	28	28	15	36	8	15	34	67	12	33	49	51	28	55	36	45	19	5	23	47	51	53	18	58	50	64	8	25	38	52	23	54	67	51	36	25	17	20	39	53	
68	2	66	65	17	47	9	4	56	43	55	14	0	45	44	18	65	37	54	28	54	3	41	45	34	58	45	48	24	34	14	49	34	32	60	28	46	42	48	36	44	39	74	44	8	38	54	23	10	72	65	24	40	46	32	26	30	40	15	3	31	16	39	4	44	17	16	33	67	10	22	57	62	39	51	40	52	33	8	36	46	55	48	27	60	51	61	19	38	40	64	21	53	71	49	47	25	22	30	33	49	
30	46	24	24	41	2	36	43	48	31	28	35	45	0	53	46	37	61	9	51	28	42	23	58	23	13	38	9	49	11	31	44	11	57	46	23	57	51	36	38	33	53	46	11	49	19	36	47	44	47	23	21	55	1	19	19	27	20	43	47	16	50	7	48	4	28	30	29	46	35	51	14	19	10	47	17	13	24	39	21	34	24	47	18	32	29	48	39	18	21	22	31	37	39	38	5	26	23	15	41	45	
84	46	59	56	27	55	45	39	20	24	39	52	44	53	0	61	42	17	62	18	37	43	31	4	30	65	19	48	21	46	48	16	44	17	27	57	3	2	23	15	23	5	48	44	37	34	29	21	34	44	60	46	5	55	57	40	61	33	28	41	54	29	54	47	50	46	37	25	38	40	24	57	72	57	15	37	48	62	49	63	22	42	12	46	41	33	26	60	62	33	76	29	27	50	21	59	31	40	48	13	15	
62	16	70	70	34	47	17	22	71	55	65	12	18	46	61	0	75	55	53	46	63	18	51	63	45	57	59	52	42	37	17	64	38	50	74	23	64	59	61	51	57	57	85	50	26	47	66	41	28	84	69	27	58	47	28	33	22	49	33	21	30	34	39	16	47	20	26	46	79	22	40	60	59	37	66	48	57	26	12	30	59	63	63	30	70	62	75	7	33	50	60	34	66	79	62	46	36	29	31	49	64	
61	67	25	21	51	38	59	61	23	22	10	63	65	37	42	75	0	58	40	53	11	62	24	46	30	41	24	28	53	40	58	26	38	56	17	57	44	41	20	33	22	45	10	27	64	27	13	52	58	10	26	48	47	38	54	42	62	25	53	64	50	59	43	69	33	54	49	31	9	55	56	29	48	47	27	26	24	60	64	58	21	13	30	46	5	13	19	70	55	24	52	43	15	8	21	42	39	46	45	39	27	
91	39	72	70	24	64	41	33	37	37	53	49	37	61	17	55	58	0	71	10	51	38	42	14	39	74	34	59	14	52	46	32	51	5	44	58	16	17	38	25	37	13	64	54	29	44	45	16	27	61	73	48	11	63	60	44	62	44	24	34	57	21	60	40	58	46	37	34	55	37	15	68	81	62	32	47	60	64	44	65	37	56	28	49	56	47	43	56	66	44	84	31	43	66	37	66	35	43	52	21	31	
22	55	20	22	50	7	45	52	54	38	31	43	54	9	62	53	40	71	0	61	32	51	31	66	32	4	45	13	58	20	40	51	20	66	51	30	65	60	43	47	40	61	48	17	58	27	41	57	54	50	18	30	63	8	25	28	33	28	52	56	23	59	15	57	12	37	39	37	49	44	60	11	10	16	54	24	16	29	48	25	41	27	54	27	35	34	54	46	22	29	14	40	43	39	45	7	36	32	24	50	52	
81	30	64	62	13	54	31	24	36	31	47	38	28	51	18	46	53	10	61	0	45	28	34	18	30	65	29	49	4	42	35	29	41	5	42	47	19	17	32	19	31	13	61	45	20	35	40	5	18	57	65	37	13	53	49	34	51	35	13	25	46	12	49	31	49	35	26	25	52	26	6	59	71	52	30	38	51	53	34	55	31	49	26	38	50	41	42	46	55	35	74	21	38	60	32	56	25	32	41	14	29	
54	56	23	19	41	29	48	50	23	14	2	51	54	28	37	63	11	51	32	45	0	51	13	41	19	34	18	19	44	29	46	22	27	49	19	46	40	35	14	26	14	39	21	17	53	16	10	43	48	21	24	37	41	29	43	30	51	14	43	54	39	50	33	58	24	43	38	21	18	44	47	23	41	37	25	15	15	49	53	47	14	5	26	34	6	4	21	58	44	13	45	33	12	17	16	33	28	34	34	31	23	
65	4	63	62	16	44	6	4	55	41	53	12	3	42	43	18	62	38	51	28	51	0	38	45	32	55	43	45	24	31	12	47	31	32	58	25	46	41	46	34	42	39	72	42	10	35	52	23	10	70	62	21	40	43	30	23	27	37	15	5	28	17	36	6	41	14	13	31	65	7	22	54	59	36	50	38	49	31	6	34	44	52	47	24	58	49	59	18	35	38	61	19	51	68	47	44	22	19	27	31	48	
53	43	30	28	28	25	35	37	25	7	14	39	41	23	31	51	24	42	31	34	13	38	0	35	6	34	14	17	33	20	34	20	18	39	25	35	34	29	13	17	9	31	33	13	40	5	15	32	35	32	31	26	33	25	34	18	41	3	31	41	30	37	26	45	19	31	25	9	28	31	36	26	41	30	23	6	17	40	40	39	11	15	23	24	19	10	27	46	37	2	45	20	16	30	15	29	15	22	24	21	21	
88	47	64	61	29	60	47	41	24	29	43	54	45	58	4	63	46	14	66	18	41	45	35	0	34	70	23	53	21	50	50	20	48	16	31	60	2	6	27	19	28	6	52	48	38	38	33	22	35	48	65	49	5	59	61	43	64	38	30	42	57	30	58	48	54	49	40	29	42	42	24	61	77	61	19	41	53	66	51	66	27	47	16	49	45	37	30	62	66	37	80	32	31	54	25	63	34	44	51	17	19	
53	36	35	33	23	25	29	30	29	11	21	33	34	23	30	45	30	39	32	30	19	32	6	34	0	35	17	19	28	16	28	23	14	35	30	31	34	28	17	15	13	29	40	15	34	5	21	27	29	39	35	20	31	24	30	13	36	6	25	34	26	32	24	38	19	25	19	5	34	24	31	29	42	27	26	8	21	36	33	35	15	21	25	19	25	16	31	40	33	6	46	13	21	36	19	28	9	16	20	18	24	
20	59	19	22	55	11	49	56	57	41	33	47	58	13	65	57	41	74	4	65	34	55	34	70	35	0	48	17	62	24	44	54	25	70	54	33	69	63	46	51	43	65	49	21	62	31	44	61	58	51	18	34	67	12	28	32	36	31	56	60	27	63	19	61	16	41	43	41	50	48	64	12	7	19	57	28	18	32	52	28	45	29	57	31	36	37	56	50	25	32	11	44	46	40	48	11	40	36	28	54	55	
67	47	40	37	29	39	42	41	12	6	19	48	45	38	19	59	24	34	45	29	18	43	14	23	17	48	0	31	29	33	43	6	31	32	15	48	22	17	4	10	5	21	31	27	42	18	11	29	37	29	41	37	23	39	47	30	53	17	31	44	43	36	40	49	34	40	32	13	23	37	33	38	55	44	9	21	30	53	47	52	3	23	9	36	22	13	16	55	50	16	59	25	9	32	3	43	23	32	37	15	7	
36	49	18	17	41	10	40	45	40	24	19	41	48	9	48	52	28	59	13	49	19	45	17	53	19	17	31	0	47	15	36	37	14	55	38	31	52	46	29	34	26	48	37	4	51	14	28	46	46	38	17	25	51	10	27	21	35	15	43	49	24	50	16	51	5	33	32	25	37	37	50	10	24	19	40	11	5	33	44	30	28	15	40	22	23	20	40	46	27	15	28	31	29	29	31	14	26	25	20	38	38	
78	26	63	61	9	51	27	20	37	30	46	34	24	49	21	42	53	14	58	4	44	24	33	21	28	62	29	47	0	39	31	30	38	9	43	43	23	19	33	19	31	16	61	43	16	33	40	1	14	58	63	33	16	50	46	30	47	34	9	21	43	8	46	27	46	31	22	24	52	22	3	57	68	49	31	36	49	49	30	51	31	48	28	35	50	40	43	41	51	34	71	18	39	60	33	53	22	29	38	14	30	
39	35	33	32	30	13	25	32	45	27	29	25	34	11	46	37	40	52	20	42	29	31	20	50	16	24	33	15	39	0	21	39	2	47	45	17	50	44	33	31	29	45	50	13	38	15	35	37	33	50	32	10	47	12	14	8	21	17	32	36	10	39	7	37	10	18	19	21	47	24	40	24	30	11	42	14	20	20	29	19	31	27	41	7	34	28	47	31	17	18	32	21	36	43	35	14	17	12	5	33	41	
53	15	54	54	22	33	5	15	55	38	48	5	14	31	48	17	58	46	40	35	46	12	34	50	28	44	43	36	31	21	0	48	22	41	57	13	51	46	44	36	40	44	68	34	22	30	49	30	19	67	53	10	45	32	18	16	16	32	22	17	17	27	25	17	31	3	11	30	62	8	31	45	48	25	51	31	41	19	8	21	42	46	48	13	53	45	59	12	23	33	49	19	49	62	46	33	20	12	16	35	49	
74	51	45	42	32	46	47	44	7	13	24	53	49	44	16	64	26	32	51	29	22	47	20	20	23	54	6	37	30	39	48	0	37	31	12	54	18	15	8	13	11	19	32	33	45	25	13	30	40	28	46	43	21	45	53	36	59	23	34	48	49	38	46	53	40	45	37	19	22	42	34	44	61	50	3	27	36	59	52	58	9	28	4	42	25	18	12	61	56	22	65	29	11	34	6	49	28	38	43	16	1	
40	35	32	31	30	13	25	32	43	25	28	26	34	11	44	38	38	51	20	41	27	31	18	48	14	25	31	14	38	2	22	37	0	46	43	18	48	42	31	30	27	43	48	12	38	13	33	36	33	48	31	11	45	12	16	8	23	15	31	36	12	38	9	37	10	18	19	20	45	24	39	23	30	13	41	12	18	22	30	21	29	25	39	8	33	26	45	32	19	16	33	20	34	42	33	15	15	12	7	32	39	
87	34	69	67	18	59	36	28	37	35	51	43	32	57	17	50	56	5	66	5	49	32	39	16	35	70	32	55	9	47	41	31	46	0	44	53	18	17	36	23	35	13	63	50	24	40	43	10	22	60	70	43	12	58	55	39	56	40	18	29	52	16	55	35	54	40	32	30	54	32	10	64	77	58	31	43	56	59	39	60	35	53	28	44	54	45	43	50	60	40	80	26	41	64	35	61	30	38	47	18	31	
74	62	41	37	44	48	57	56	7	18	20	62	60	46	27	74	17	44	51	42	19	58	25	31	30	54	15	38	43	45	57	12	43	44	0	61	29	26	13	24	17	31	21	35	57	30	10	43	52	17	42	50	32	47	59	43	66	28	46	59	55	51	51	64	42	54	47	27	11	52	46	42	61	55	12	31	35	65	62	64	15	25	15	49	19	17	2	70	62	27	65	39	9	25	11	51	37	46	49	29	13	
40	28	47	48	34	24	19	28	60	42	46	15	28	23	57	23	57	58	30	47	46	25	35	60	31	33	48	31	43	17	13	54	18	53	61	0	60	55	48	43	44	54	67	30	36	31	51	42	33	67	46	11	56	23	5	18	5	33	34	31	7	40	15	30	25	12	21	35	63	21	44	38	36	13	57	31	36	5	20	8	46	44	55	12	51	45	62	16	10	34	37	27	52	60	50	22	26	16	11	43	55	
87	48	63	59	30	59	48	42	22	28	42	55	46	57	3	64	44	16	65	19	40	46	34	2	34	69	22	52	23	50	51	18	48	18	29	60	0	5	26	18	26	7	50	48	39	38	32	23	36	46	64	49	6	58	61	43	65	37	31	44	57	31	57	50	53	49	40	28	40	43	26	60	76	61	17	41	52	66	52	66	25	45	14	49	43	36	28	63	66	36	79	32	29	52	24	62	34	44	51	17	17	
82	44	58	55	25	53	43	38	20	22	37	50	42	51	2	59	41	17	60	17	35	41	29	6	28	63	17	46	19	44	46	15	42	17	26	55	5	0	21	12	21	4	47	42	36	32	28	20	32	43	59	43	6	53	55	38	59	31	26	40	52	28	52	46	48	44	35	22	37	38	23	55	70	55	14	35	46	60	47	61	21	40	11	44	39	31	26	58	60	31	74	27	26	49	20	56	28	38	46	11	14	
65	50	37	34	32	38	44	43	12	6	16	49	48	36	23	61	20	38	43	32	14	46	13	27	17	46	4	29	33	33	44	8	31	36	13	48	26	21	0	13	4	25	28	25	45	18	7	32	40	25	38	37	27	37	47	30	53	16	35	47	43	40	39	52	32	41	34	14	20	39	36	36	53	43	11	19	27	53	49	52	2	19	12	36	18	10	14	57	50	15	57	27	5	28	2	41	24	33	37	18	9	
69	38	47	44	19	41	34	31	20	12	28	40	36	38	15	51	33	25	47	19	26	34	17	19	15	51	10	34	19	31	36	13	30	23	24	43	18	12	13	0	12	14	42	30	32	19	21	18	27	39	47	32	16	40	43	25	48	19	21	35	39	26	39	40	35	34	25	10	33	29	22	43	58	42	15	22	34	49	39	49	12	30	12	32	31	22	25	48	48	18	61	17	19	41	13	44	17	27	33	5	13	
62	46	36	33	29	34	40	40	16	2	16	45	44	33	23	57	22	37	40	31	14	42	9	28	13	43	5	26	31	29	40	11	27	35	17	44	26	21	4	12	0	25	30	22	42	14	10	30	37	28	37	33	27	34	43	26	49	12	31	43	39	37	35	48	29	37	30	10	23	35	34	34	50	39	14	16	25	49	45	48	2	18	14	32	19	10	18	53	46	11	54	23	9	29	6	38	20	29	33	17	12	
83	41	61	58	23	55	41	35	24	25	41	48	39	53	5	57	45	13	61	13	39	39	31	6	29	65	21	48	16	45	44	19	43	13	31	54	7	4	25	14	25	0	51	44	32	34	32	16	29	48	61	43	2	54	55	38	58	33	24	37	51	25	52	43	49	43	33	24	41	36	19	57	72	56	18	37	49	60	45	60	24	43	15	43	43	34	31	56	60	33	75	26	30	53	24	58	28	38	46	11	18	
68	76	30	27	60	47	69	70	28	31	20	73	74	46	48	85	10	64	48	61	21	72	33	52	40	49	31	37	61	50	68	32	48	63	21	67	50	47	28	42	30	51	0	37	73	37	21	60	67	4	32	58	53	47	63	52	72	35	62	74	60	68	53	78	43	64	59	40	10	65	65	37	55	57	33	36	32	70	74	67	29	22	36	56	15	23	22	80	64	34	59	53	22	9	28	51	49	56	55	47	33	
40	46	21	20	37	12	37	41	37	20	17	38	44	11	44	50	27	54	17	45	17	42	13	48	15	21	27	4	43	13	34	33	12	50	35	30	48	42	25	30	22	44	37	0	47	10	25	42	42	37	21	23	46	12	26	18	34	10	39	46	23	46	16	48	7	30	28	20	35	34	45	14	28	20	36	7	7	33	41	30	24	14	36	20	22	18	37	44	27	11	32	27	26	30	27	16	22	22	19	33	34	
74	10	68	67	12	51	16	7	52	41	55	22	8	49	37	26	64	29	58	20	53	10	40	38	34	62	42	51	16	38	22	45	38	24	57	36	39	36	45	32	42	32	73	47	0	39	52	16	5	71	68	29	33	50	39	30	38	40	10	5	38	8	44	11	48	23	19	32	65	14	14	61	67	45	47	41	54	41	17	44	43	55	43	32	59	50	58	28	45	41	69	20	51	70	46	52	25	26	35	28	45	
49	40	30	28	28	21	32	34	30	12	17	35	38	19	34	47	27	44	27	35	16	35	5	38	5	31	18	14	33	15	30	25	13	40	30	31	38	32	18	19	14	34	37	10	39	0	20	32	33	36	30	21	36	20	29	14	36	2	30	39	25	37	21	42	15	27	22	10	33	28	36	24	38	25	28	3	16	35	36	34	16	17	27	19	22	14	32	42	32	3	41	18	21	32	20	24	13	18	19	23	26	
64	56	32	29	39	37	50	50	13	11	11	54	54	36	29	66	13	45	41	40	10	52	15	33	21	44	11	28	40	35	49	13	33	43	10	51	32	28	7	21	10	32	21	25	52	20	0	39	47	18	33	41	34	37	49	34	56	18	41	53	45	47	41	58	32	46	40	20	13	45	44	33	51	45	15	21	25	55	55	54	8	15	17	39	11	7	12	62	52	17	55	33	2	21	8	41	30	38	40	26	14	
76	25	62	60	8	50	25	19	37	29	45	33	23	47	21	41	52	16	57	5	43	23	32	22	27	61	29	46	1	37	30	30	36	10	43	42	23	20	32	18	30	16	60	42	16	32	39	0	13	58	62	32	17	49	44	29	46	33	8	20	41	8	45	26	45	30	21	23	52	21	4	56	67	47	31	35	48	48	29	49	31	47	28	33	49	39	43	40	50	33	70	16	38	59	32	51	21	27	36	13	30	
71	12	63	61	7	46	14	6	47	36	50	21	10	44	34	28	58	27	54	18	48	10	35	35	29	58	37	46	14	33	19	40	33	22	52	33	36	32	40	27	37	29	67	42	5	33	47	13	0	65	63	25	30	45	36	25	36	35	5	7	34	7	40	13	43	20	14	27	60	11	12	56	63	41	42	36	49	38	16	41	38	50	39	27	54	45	53	28	42	35	65	15	46	65	41	47	20	21	31	23	40	
70	75	33	30	58	48	68	68	24	29	20	72	72	47	44	84	10	61	50	57	21	70	32	48	39	51	29	38	58	50	67	28	48	60	17	67	46	43	25	39	28	48	4	37	71	36	18	58	65	0	35	58	49	48	64	51	72	34	60	72	60	65	54	77	44	63	58	38	6	63	62	39	57	57	29	36	34	70	73	68	27	23	32	55	15	22	18	79	65	33	61	51	19	12	25	52	48	55	55	44	29	
36	67	2	5	58	22	57	62	47	36	22	58	65	23	60	69	26	73	18	65	24	62	31	65	35	18	41	17	63	32	53	46	31	70	42	46	64	59	38	47	37	61	32	21	68	30	33	62	63	35	0	43	64	22	42	39	50	29	60	67	39	67	30	69	21	50	49	39	36	55	66	8	23	33	49	27	14	47	61	43	38	18	50	39	23	28	44	62	40	29	27	48	36	23	40	24	43	43	37	52	48	
45	25	43	43	24	23	15	22	49	31	38	15	24	21	46	27	48	48	30	37	37	21	26	49	20	34	37	25	33	10	10	43	11	43	50	11	49	43	37	32	33	43	58	23	29	21	41	32	25	58	43	0	45	22	12	7	16	23	25	26	9	31	15	27	21	7	11	24	54	14	34	34	38	16	46	22	30	16	18	17	35	36	44	3	43	36	52	21	17	24	40	17	42	53	39	23	15	5	6	32	44	
85	42	63	60	24	57	42	36	26	27	43	49	40	55	5	58	47	11	63	13	41	40	33	5	31	67	23	51	16	47	45	21	45	12	32	56	6	6	27	16	27	2	53	46	33	36	34	17	30	49	64	45	0	56	57	39	60	36	25	37	53	25	54	43	51	44	35	26	43	37	19	60	74	58	20	39	51	61	46	62	26	46	17	45	45	37	32	57	62	35	77	28	32	55	26	60	30	39	48	13	20	
29	47	24	24	42	1	37	44	49	32	29	36	46	1	55	47	38	63	8	53	29	43	25	59	24	12	39	10	50	12	32	45	12	58	47	23	58	53	37	40	34	54	47	12	50	20	37	49	45	48	22	22	56	0	19	20	27	21	44	48	17	51	8	49	5	29	31	30	47	36	52	14	18	10	48	18	14	24	40	21	36	25	48	19	33	30	50	40	18	22	21	32	39	39	39	4	28	24	16	43	46	
35	33	43	43	36	20	23	32	59	41	44	20	32	19	57	28	54	60	25	49	43	30	34	61	30	28	47	27	46	14	18	53	16	55	59	5	61	55	47	43	43	55	63	26	39	29	49	44	36	64	42	12	57	19	0	17	8	31	37	35	4	43	11	34	21	16	23	34	61	25	46	33	31	8	56	28	32	6	25	5	45	41	54	11	48	43	61	21	5	32	32	29	50	56	49	17	26	17	10	44	54	
47	28	39	38	22	21	18	24	42	24	31	21	26	19	40	33	42	44	28	34	30	23	18	43	13	32	30	21	30	8	16	36	8	39	43	18	43	38	30	25	26	38	52	18	30	14	34	29	25	51	39	7	39	20	17	0	23	16	23	28	13	30	15	30	18	12	11	17	47	16	32	31	38	18	39	15	25	23	23	23	28	30	37	6	36	29	45	28	22	17	41	12	34	46	32	22	9	4	8	26	37	
40	30	51	52	38	28	21	31	65	47	51	16	30	27	61	22	62	62	33	51	51	27	41	64	36	36	53	35	47	21	16	59	23	56	66	5	65	59	53	48	49	58	72	34	38	36	56	46	36	72	50	16	60	27	8	23	0	38	38	33	11	43	19	31	29	16	25	40	68	25	47	41	38	17	62	36	40	4	21	8	51	49	60	17	56	50	67	15	11	39	38	32	57	65	55	26	31	21	16	48	60	
50	42	29	27	29	22	34	36	28	10	15	37	40	20	33	49	25	44	28	35	14	37	3	38	6	31	17	15	34	17	32	23	15	40	28	33	37	31	16	19	12	33	35	10	40	2	18	33	35	34	29	23	36	21	31	16	38	0	31	40	27	38	23	44	16	29	24	10	30	30	37	24	38	27	26	3	15	37	38	36	14	15	26	21	20	12	30	44	34	1	42	19	19	30	18	25	15	20	21	23	25	
70	17	60	58	2	45	17	11	42	30	45	25	15	43	28	33	53	24	52	13	43	15	31	30	25	56	31	43	9	32	22	34	31	18	46	34	31	26	35	21	31	24	62	39	10	30	41	8	5	60	60	25	25	44	37	23	38	31	0	13	34	7	39	19	41	22	14	22	55	13	9	53	62	41	36	33	46	40	21	42	33	46	33	27	49	40	47	32	43	31	64	12	40	60	35	46	17	21	30	18	35	
71	5	67	66	15	49	12	4	55	42	55	17	3	47	41	21	64	34	56	25	54	5	41	42	34	60	44	49	21	36	17	48	36	29	59	31	44	40	47	35	43	37	74	46	5	39	53	20	7	72	67	26	37	48	35	28	33	40	13	0	34	13	41	6	46	19	17	33	67	12	19	59	64	42	49	41	53	36	12	39	45	55	46	29	60	51	60	23	41	41	66	21	53	71	48	49	25	24	32	31	48	
36	32	40	41	33	17	22	31	55	37	40	20	31	16	54	30	50	57	23	46	39	28	30	57	26	27	43	24	43	10	17	49	12	52	55	7	57	52	43	39	39	51	60	23	38	25	45	41	34	60	39	9	53	17	4	13	11	27	34	34	0	41	8	34	18	14	20	30	57	23	43	31	31	8	52	24	29	10	25	9	41	37	50	8	45	39	57	23	8	28	32	25	46	53	45	16	23	14	6	40	50	
77	18	67	65	9	52	21	13	45	36	51	28	16	50	29	34	59	21	59	12	50	17	37	30	32	63	36	50	8	39	27	38	38	16	51	40	31	28	40	26	37	25	68	46	8	37	47	8	7	65	67	31	25	51	43	30	43	38	7	13	41	0	46	19	48	27	20	28	60	18	6	60	69	47	40	40	53	45	23	48	38	52	36	34	55	46	51	35	49	38	71	19	46	66	40	53	24	27	37	22	38	
31	40	32	32	38	8	30	37	51	33	33	28	39	7	54	39	43	60	15	49	33	36	26	58	24	19	40	16	46	7	25	46	9	55	51	15	57	52	39	39	35	52	53	16	44	21	41	45	40	54	30	15	54	8	11	15	19	23	39	41	8	46	0	42	10	22	25	29	51	29	48	22	23	4	50	20	21	17	33	14	37	30	49	12	38	34	53	32	11	24	25	28	42	46	41	8	24	18	9	41	48	
70	2	69	68	21	50	12	8	60	47	59	15	4	48	47	16	69	40	57	31	58	6	45	48	38	61	49	51	27	37	17	53	37	35	64	30	50	46	52	40	48	43	78	48	11	42	58	26	13	77	69	27	43	49	34	30	31	44	19	6	34	19	42	0	47	20	20	38	72	14	25	61	65	42	55	44	55	34	9	38	50	59	52	30	64	55	65	19	40	44	66	25	58	75	53	50	29	25	33	37	53	
34	45	22	22	39	5	35	42	44	27	24	36	44	4	50	47	33	58	12	49	24	41	19	54	19	16	34	5	46	10	31	40	10	54	42	25	53	48	32	35	29	49	43	7	48	15	32	45	43	44	21	21	51	5	21	18	29	16	41	46	18	48	10	47	0	28	29	25	42	34	48	13	22	13	43	13	10	27	39	24	30	20	43	18	28	25	44	41	21	17	26	29	33	35	34	9	24	22	15	38	41	
51	18	51	50	21	30	8	16	52	35	44	8	17	28	46	20	54	46	37	35	43	14	31	49	25	41	40	33	31	18	3	45	18	40	54	12	49	44	41	34	37	43	64	30	23	27	46	30	20	63	50	7	44	29	16	12	16	29	22	19	14	27	22	20	28	0	9	27	59	9	31	42	45	22	48	28	37	18	11	20	39	43	46	10	49	41	56	15	21	30	46	17	46	59	43	30	17	8	13	33	46	
56	17	50	49	13	32	10	13	44	28	40	15	16	30	37	26	49	37	39	26	38	13	25	40	19	43	32	32	22	19	11	37	19	32	47	21	40	35	34	25	30	33	59	28	19	22	40	21	14	58	49	11	35	31	23	11	25	24	14	17	20	20	25	20	29	9	0	19	53	5	23	42	49	27	40	24	36	26	15	28	32	39	37	13	44	36	48	23	29	25	51	8	39	55	35	33	10	7	16	24	38	
59	36	39	37	20	31	29	29	25	9	23	34	33	29	25	46	31	34	37	25	21	31	9	29	5	41	13	25	24	21	30	19	20	30	27	35	28	22	14	10	10	24	40	20	32	10	20	23	27	38	39	24	26	30	34	17	40	10	22	33	30	28	29	38	25	27	19	0	33	25	27	34	48	33	22	13	26	40	34	39	12	24	20	23	27	17	29	42	38	10	51	12	20	38	16	34	9	19	24	13	20	
71	70	34	31	52	47	63	63	18	24	18	67	67	46	38	79	9	55	49	52	18	65	28	42	34	50	23	37	52	47	62	22	45	54	11	63	40	37	20	33	23	41	10	35	65	33	13	52	60	6	36	54	43	47	61	47	68	30	55	67	57	60	51	72	42	59	53	33	0	58	56	39	57	55	23	32	33	67	68	65	22	22	26	52	14	18	12	75	63	29	61	46	14	15	19	51	43	51	52	38	23	
60	12	55	54	13	37	5	8	49	34	45	12	10	35	40	22	55	37	44	26	44	7	31	42	24	48	37	37	22	24	8	42	24	32	52	21	43	38	39	29	35	36	65	34	14	28	45	21	11	63	55	14	37	36	25	16	25	30	13	12	23	18	29	14	34	9	5	25	58	0	22	47	53	30	44	30	41	27	9	29	37	45	41	17	50	41	53	20	31	30	55	12	45	61	40	37	15	12	20	27	42	
79	24	66	64	10	53	26	18	41	33	49	33	22	51	24	40	56	15	60	6	47	22	36	24	31	64	33	50	3	40	31	34	39	10	46	44	26	23	36	22	34	19	65	45	14	36	44	4	12	62	66	34	19	52	46	32	47	37	9	19	43	6	48	25	48	31	23	27	56	22	0	60	70	50	35	39	52	49	29	51	35	51	31	36	53	43	47	40	52	37	73	19	42	64	36	55	24	30	39	17	34	
32	59	9	11	51	13	49	55	46	32	22	49	57	14	57	60	29	68	11	59	23	54	26	61	29	12	38	10	57	24	45	44	23	64	42	38	60	55	36	43	34	57	37	14	61	24	33	56	56	39	8	34	60	14	33	31	41	24	53	59	31	60	22	61	13	42	42	34	39	47	60	0	18	24	47	21	8	38	53	35	35	17	48	31	25	26	45	54	31	24	22	41	35	28	38	16	36	35	29	47	45	
13	63	25	28	60	17	53	61	64	49	40	51	62	19	72	59	48	81	10	71	41	59	41	77	42	7	55	24	68	30	48	61	30	77	61	36	76	70	53	58	50	72	55	28	67	38	51	67	63	57	23	38	74	18	31	38	38	38	62	64	31	69	23	65	22	45	49	48	57	53	70	18	0	23	64	35	25	34	56	30	52	36	64	35	43	44	63	52	26	39	4	50	53	46	55	15	46	41	32	61	63	
29	40	34	35	40	11	30	38	55	37	37	28	39	10	57	37	47	62	16	52	37	36	30	61	27	19	44	19	49	11	25	50	13	58	55	13	61	55	43	42	39	56	57	20	45	25	45	47	41	57	33	16	58	10	8	18	17	27	41	42	8	47	4	42	13	22	27	33	55	30	50	24	23	0	53	24	24	14	33	10	41	34	52	13	42	38	57	30	7	28	24	31	46	49	45	8	27	20	10	44	51	
77	53	48	44	34	49	49	47	5	16	26	55	51	47	15	66	27	32	54	30	25	50	23	19	26	57	9	40	31	42	51	3	41	31	12	57	17	14	11	15	14	18	33	36	47	28	15	31	42	29	49	46	20	48	56	39	62	26	36	49	52	40	50	55	43	48	40	22	23	44	35	47	64	53	0	30	39	62	54	61	12	30	3	45	27	21	12	63	60	26	68	32	13	35	9	52	31	41	46	18	2	
47	42	27	25	31	18	33	37	31	14	16	36	40	17	37	48	26	47	24	38	15	38	6	41	8	28	21	11	36	14	31	27	12	43	31	31	41	35	19	22	16	37	36	7	41	3	21	35	36	36	27	22	39	18	28	15	36	3	33	41	24	40	20	44	13	28	24	13	32	30	39	21	35	24	30	0	13	34	38	33	18	15	30	19	21	14	33	43	31	4	38	21	22	31	21	22	16	19	19	26	28	
39	53	14	13	44	14	44	49	38	24	15	45	52	13	48	57	24	60	16	51	15	49	17	53	21	18	30	5	49	20	41	36	18	56	35	36	52	46	27	34	25	49	32	7	54	16	25	48	49	34	14	30	51	14	32	25	40	15	46	53	29	53	21	55	10	37	36	26	33	41	52	8	25	24	39	13	0	38	48	35	26	11	39	27	19	18	37	51	32	16	29	34	27	25	29	18	29	30	25	39	37	
36	33	48	49	40	25	25	34	65	47	50	19	33	24	62	26	60	64	29	53	49	31	40	66	36	32	53	33	49	20	19	59	22	59	65	5	66	60	53	49	49	60	70	33	41	35	55	48	38	70	47	16	61	24	6	23	4	37	40	36	10	45	17	34	27	18	26	40	67	27	49	38	34	14	62	34	38	0	25	4	51	47	60	17	55	49	67	19	7	38	34	33	56	63	55	22	32	22	16	49	60	
60	8	62	61	22	41	5	10	59	43	54	5	8	39	49	12	64	44	48	34	53	6	40	51	33	52	47	44	30	29	8	52	30	39	62	20	52	47	49	39	45	45	74	41	17	36	55	29	16	73	61	18	46	40	25	23	21	38	21	12	25	23	33	9	39	11	15	34	68	9	29	53	56	33	54	38	48	25	0	28	47	53	51	21	59	50	63	11	31	39	57	22	54	69	50	41	25	18	24	36	52	
32	36	45	46	41	22	27	36	64	46	48	23	36	21	63	30	58	65	25	55	47	34	39	66	35	28	52	30	51	19	21	58	21	60	64	8	66	61	52	49	48	60	67	30	44	34	54	49	41	68	43	17	62	21	5	23	8	36	42	39	9	48	14	38	24	20	28	39	65	29	51	35	30	10	61	33	35	4	28	0	50	44	60	17	52	47	66	23	3	37	30	34	55	60	54	19	32	22	15	49	59	
64	48	37	34	30	36	42	41	14	4	16	47	46	34	22	59	21	37	41	31	14	44	11	27	15	45	3	28	31	31	42	9	29	35	15	46	25	21	2	12	2	24	29	24	43	16	8	31	38	27	38	35	26	36	45	28	51	14	33	45	41	38	37	50	30	39	32	12	22	37	35	35	52	41	12	18	26	51	47	50	0	19	12	34	19	10	16	55	48	13	56	25	7	29	4	40	22	31	35	17	10	
49	57	17	14	44	25	48	51	29	18	4	51	55	24	42	63	13	56	27	49	5	52	15	47	21	29	23	15	48	27	46	28	25	53	25	44	45	40	19	30	18	43	22	14	55	17	15	47	50	23	18	36	46	25	41	30	49	15	46	55	37	52	30	59	20	43	39	24	22	45	51	17	36	34	30	15	11	47	53	44	19	0	31	34	8	9	27	58	42	14	40	35	17	16	21	29	30	34	33	35	29	
77	50	49	46	31	48	46	43	9	15	28	53	48	47	12	63	30	28	54	26	26	47	23	16	25	57	9	40	28	41	48	4	39	28	15	55	14	11	12	12	14	15	36	36	43	27	17	28	39	32	50	44	17	48	54	37	60	26	33	46	50	36	49	52	43	46	37	20	26	41	31	48	64	52	3	30	39	60	51	60	12	31	0	43	29	22	15	61	58	25	68	29	15	38	10	52	29	39	44	15	3	
43	28	40	40	26	20	18	25	48	30	36	18	27	18	46	30	46	49	27	38	34	24	24	49	19	31	36	22	35	7	13	42	8	44	49	12	49	44	36	32	32	43	56	20	32	19	39	33	27	55	39	3	45	19	11	6	17	21	27	29	8	34	12	30	18	10	13	23	52	17	36	31	35	13	45	19	27	17	21	17	34	34	43	0	41	34	50	24	16	22	37	17	40	50	38	20	15	6	3	32	43	
57	62	22	18	47	33	54	56	24	19	5	58	60	32	41	70	5	56	35	50	6	58	19	45	25	36	22	23	50	34	53	25	33	54	19	51	43	39	18	31	19	43	15	22	59	22	11	49	54	15	23	43	45	33	48	36	56	20	49	60	45	55	38	64	28	49	44	27	14	50	53	25	43	42	27	21	19	55	59	52	19	8	29	41	0	9	21	64	50	19	47	39	13	10	19	37	35	41	40	36	26	
57	53	26	23	38	30	45	47	20	10	6	50	51	29	33	62	13	47	34	41	4	49	10	37	16	37	13	20	40	28	45	18	26	45	17	45	36	31	10	22	10	34	23	18	50	14	7	39	45	22	28	36	37	30	43	29	50	12	40	51	39	46	34	55	25	41	36	17	18	41	43	26	44	38	21	14	18	49	50	47	10	9	22	34	9	0	19	57	45	11	48	30	8	20	12	34	26	33	33	27	20	
76	63	43	39	45	50	58	57	6	20	22	64	61	48	26	75	19	43	54	42	21	59	27	30	31	56	16	40	43	47	59	12	45	43	2	62	28	26	14	25	18	31	22	37	58	32	12	43	53	18	44	52	32	50	61	45	67	30	47	60	57	51	53	65	44	56	48	29	12	53	47	45	63	57	12	33	37	67	63	66	16	27	15	50	21	19	0	71	64	29	67	41	11	26	13	54	39	48	51	29	13	
55	18	63	63	33	41	15	22	68	51	59	8	19	39	60	7	70	56	46	46	58	18	46	62	40	50	55	46	41	31	12	61	32	50	70	16	63	58	57	48	53	56	80	44	28	42	62	40	28	79	62	21	57	40	21	28	15	44	32	23	23	35	32	19	41	15	23	42	75	20	40	54	52	30	63	43	51	19	11	23	55	58	61	24	64	57	71	0	26	45	53	31	62	74	58	39	32	24	25	47	61	
29	38	41	42	42	18	29	38	62	44	45	25	38	18	62	33	55	66	22	55	44	35	37	66	33	25	50	27	51	17	23	56	19	60	62	10	66	60	50	48	46	60	64	27	45	32	52	50	42	65	40	17	62	18	5	22	11	34	43	41	8	49	11	40	21	21	29	38	63	31	52	31	26	7	60	31	32	7	31	3	48	42	58	16	50	45	64	26	0	35	27	34	53	57	52	15	31	22	14	49	58	
51	42	29	27	29	23	34	37	27	9	15	38	40	21	33	50	24	44	29	35	13	38	2	37	6	32	16	15	34	18	33	22	16	40	27	34	36	31	15	18	11	33	34	11	41	3	17	33	35	33	29	24	35	22	32	17	39	1	31	41	28	38	24	44	17	30	25	10	29	30	37	24	39	28	26	4	16	38	39	37	13	14	25	22	19	11	29	45	35	0	43	20	18	30	17	26	15	21	22	22	24	
9	64	29	32	63	20	54	63	68	52	44	52	64	22	76	60	52	84	14	74	45	61	45	80	46	11	59	28	71	32	49	65	33	80	65	37	79	74	57	61	54	75	59	32	69	41	55	70	65	61	27	40	77	21	32	41	38	42	64	66	32	71	25	66	26	46	51	51	61	55	73	22	4	24	68	38	29	34	57	30	56	40	68	37	47	48	67	53	27	43	0	53	57	50	59	18	49	44	34	64	66	
60	23	48	46	10	33	17	17	36	21	34	23	21	31	29	34	43	31	40	21	33	19	20	32	13	44	25	31	18	21	19	29	20	26	39	27	32	27	27	17	23	26	53	27	20	18	33	16	15	51	48	17	28	32	29	12	32	19	12	21	25	19	28	25	29	17	8	12	46	12	19	41	50	31	32	21	34	33	22	34	25	35	29	17	39	30	41	31	34	20	53	0	32	50	28	35	5	11	20	16	30	
66	55	34	31	38	39	49	49	11	10	13	54	53	37	27	66	15	43	43	38	12	51	16	31	21	46	9	29	39	36	49	11	34	41	9	52	29	26	5	19	9	30	22	26	51	21	2	38	46	19	36	42	32	39	50	34	57	19	40	53	46	46	42	58	33	46	39	20	14	45	42	35	53	46	13	22	27	56	54	55	7	17	15	40	13	8	11	62	53	18	57	32	0	23	6	43	29	38	40	24	12	
59	72	21	18	58	39	64	67	31	30	15	67	71	39	50	79	8	66	39	60	17	68	30	54	36	40	32	29	60	43	62	34	42	64	25	60	52	49	28	41	29	53	9	30	70	32	21	59	65	12	23	53	55	39	56	46	65	30	60	71	53	66	46	75	35	59	55	38	15	61	64	28	46	49	35	31	25	63	69	60	29	16	38	50	10	20	26	74	57	30	50	50	23	0	29	43	45	50	49	46	35	
68	51	39	35	33	40	45	44	10	8	17	51	49	38	21	62	21	37	45	32	16	47	15	25	19	48	3	31	33	35	46	6	33	35	11	50	24	20	2	13	6	24	28	27	46	20	8	32	41	25	40	39	26	39	49	32	55	18	35	48	45	40	41	53	34	43	35	16	19	40	36	38	55	45	9	21	29	55	50	54	4	21	10	38	19	12	13	58	52	17	59	28	6	29	0	44	26	35	39	18	7	
25	48	26	27	45	4	38	45	53	36	33	36	47	5	59	46	42	66	7	56	33	44	29	63	28	11	43	14	53	14	33	49	15	61	51	22	62	56	41	44	38	58	51	16	52	24	41	51	47	52	24	23	60	4	17	22	26	25	46	49	16	53	8	50	9	30	33	34	51	37	55	16	15	8	52	22	18	22	41	19	40	29	52	20	37	34	54	39	15	26	18	35	43	43	44	0	31	25	17	46	50	
56	27	43	41	15	29	20	21	35	18	30	25	25	26	31	36	39	35	36	25	28	22	15	34	9	40	23	26	22	17	20	28	15	30	37	26	34	28	24	17	20	28	49	22	25	13	30	21	20	48	43	15	30	28	26	9	31	15	17	25	23	24	24	29	24	17	10	9	43	15	24	36	46	27	31	16	29	32	25	32	22	30	29	15	35	26	39	32	31	15	49	5	29	45	26	31	0	10	17	17	29	
49	23	43	43	20	25	14	20	44	27	36	17	22	23	40	29	46	43	32	32	34	19	22	44	16	36	32	25	29	12	12	38	12	38	46	16	44	38	33	27	29	38	56	22	26	18	38	27	21	55	43	5	39	24	17	4	21	20	21	24	14	27	18	25	22	8	7	19	51	12	30	35	41	20	41	19	30	22	18	22	31	34	39	6	41	33	48	24	22	21	44	11	38	50	35	25	10	0	9	27	39	
40	31	38	38	29	17	21	28	49	31	35	20	30	15	48	31	45	52	24	41	34	27	24	51	20	28	37	20	38	5	16	43	7	47	49	11	51	46	37	33	33	46	55	19	35	19	40	36	31	55	37	6	48	16	10	8	16	21	30	32	6	37	9	33	15	13	16	24	52	20	39	29	32	10	46	19	25	16	24	15	35	33	44	3	40	33	51	25	14	22	34	20	40	49	39	17	17	9	0	34	44	
72	35	51	49	16	43	32	28	24	17	33	39	33	41	13	49	39	21	50	14	31	31	21	17	18	54	15	38	14	33	35	16	32	18	29	43	17	11	18	5	17	11	47	33	28	23	26	13	23	44	52	32	13	43	44	26	48	23	18	31	40	22	41	37	38	33	24	13	38	27	17	47	61	44	18	26	39	49	36	49	17	35	15	32	36	27	29	47	49	22	64	16	24	46	18	46	17	27	34	0	17	
75	51	46	43	33	47	47	45	7	14	25	53	49	45	15	64	27	31	52	29	23	48	21	19	24	55	7	38	30	41	49	1	39	31	13	55	17	14	9	13	12	18	33	34	45	26	14	30	40	29	48	44	20	46	54	37	60	25	35	48	50	38	48	53	41	46	38	20	23	42	34	45	63	51	2	28	37	60	52	59	10	29	3	43	26	20	13	61	58	24	66	30	12	35	7	50	29	39	44	17	0	

