10  100
22	36	38	55	20	82	54	18	78	12	9	52	62	41	57	60	28	49	77	91	8	72	11	8	92	17	46	94	58	54	32	66	9	40	30	80	95	35	83	5	85	46	87	41	36	72	73	70	59	86	72	91	3	24	65	61	73	11	4	69	99	10	95	69	60	11	38	10	3	39	5	75	41	23	60	76	77	86	93	15	40	95	86	52	80	45	65	2	3	12	75	97	98	37	11	20	37	91	60	72	
91	81	84	67	60	32	84	13	44	30	99	75	60	36	55	81	35	70	39	78	70	80	5	67	17	76	77	56	54	62	74	57	8	38	10	35	5	3	95	72	99	42	1	44	59	12	97	56	70	21	40	48	17	16	18	31	18	62	18	31	78	48	37	24	5	80	1	47	95	7	5	41	8	52	36	34	32	67	6	14	87	13	52	91	37	60	16	10	70	19	84	12	30	13	81	95	38	66	5	88	
2	56	5	70	38	78	72	71	25	85	57	64	94	50	85	99	79	94	79	89	41	61	57	82	83	59	19	60	66	47	96	57	48	100	64	79	63	32	3	95	39	91	99	76	1	28	78	78	43	41	65	17	6	95	45	43	64	34	41	72	49	62	77	72	13	34	30	50	55	13	51	64	26	49	62	88	20	32	99	54	84	63	10	12	40	16	84	8	52	21	15	53	52	43	79	63	25	89	27	33	
94	14	67	51	93	66	53	2	68	40	42	66	8	64	29	54	23	10	40	8	81	48	89	87	43	13	63	77	70	40	59	41	60	16	29	44	99	88	59	88	64	18	31	68	77	88	14	93	37	57	5	89	37	80	85	27	93	83	15	78	84	2	8	56	38	92	46	48	58	2	41	80	31	24	18	31	3	20	35	40	68	22	1	14	59	27	8	89	76	56	50	43	57	29	33	24	14	5	52	82	
34	36	43	77	93	7	82	40	52	85	42	74	5	66	76	60	39	34	37	56	68	27	13	67	32	18	72	55	79	10	10	82	48	59	83	44	79	5	31	99	45	49	62	40	40	37	8	20	22	93	33	76	51	80	75	59	6	4	42	28	26	50	11	99	70	79	61	14	22	50	100	24	55	20	99	49	68	74	2	4	8	30	30	63	7	89	36	44	27	64	36	84	52	62	75	99	25	46	52	82	
56	60	54	48	7	44	36	74	86	10	92	35	47	18	46	96	22	21	25	63	97	17	26	33	57	70	50	64	93	50	9	11	19	47	85	20	80	9	35	58	97	64	39	53	45	65	73	21	87	32	97	73	74	20	63	48	44	92	11	93	5	22	67	29	53	12	13	5	6	44	36	8	5	49	34	15	60	24	82	49	94	69	36	45	65	73	74	69	18	34	61	99	44	34	34	29	1	48	86	81	
71	17	54	95	17	66	93	91	2	86	24	56	38	69	56	68	32	14	68	1	89	94	34	11	50	98	1	71	10	37	81	45	13	40	88	59	43	9	63	68	37	84	25	83	20	60	96	45	91	24	28	16	69	60	89	73	11	66	32	79	33	54	3	8	23	61	9	3	99	62	19	50	80	90	92	39	40	61	26	95	8	23	17	49	73	12	15	47	73	33	74	45	21	61	83	97	47	73	70	95	
100	99	62	54	3	19	9	97	5	82	42	52	7	74	77	4	20	18	27	8	32	31	49	23	32	14	84	53	82	6	1	72	66	84	22	14	29	24	36	95	22	22	69	66	60	77	25	47	31	39	70	48	38	36	59	36	26	58	94	36	79	33	10	34	22	72	60	79	35	1	16	39	2	72	60	4	95	76	60	12	31	26	16	74	95	63	82	72	66	29	31	18	42	68	84	46	92	12	60	15	
51	85	65	97	61	14	97	47	93	53	57	99	48	20	67	9	59	67	76	82	18	53	38	89	28	63	86	42	8	38	38	2	59	53	81	7	17	20	88	91	88	33	69	71	13	54	52	92	39	46	76	86	51	49	91	55	47	13	59	18	100	78	36	37	96	21	38	70	89	51	71	51	66	80	28	60	60	49	26	75	98	36	96	67	37	23	90	34	63	52	25	37	5	51	27	31	50	47	88	52	
2	61	12	53	68	99	43	61	26	20	76	31	52	16	28	76	52	74	64	64	92	56	80	29	61	64	8	13	65	28	63	86	83	94	3	43	86	36	2	36	52	70	14	43	70	2	41	29	76	91	73	97	5	41	4	87	11	18	7	24	35	4	71	70	62	85	69	79	67	77	72	11	81	93	82	12	74	56	84	5	88	55	1	99	23	64	49	72	100	1	80	25	10	53	99	69	73	57	57	37	
527	2494	4765	3987	2997	3772	2453	2807	1923	3745	4124	2624	3737	1719	3104	2702	1131	1115	2532	439	3731	4732	491	4429	4479	4801	664	611	2589	1391	2285	391	3374	1070	4780	84	1915	4622	672	358	4572	77	2064	4134	1223	4526	4938	3023	1647	2628	955	4412	4380	3526	414	352	1550	4679	2766	4650	1909	134	2102	4833	2266	4945	3644	4901	3422	577	4957	604	806	731	2093	3720	1358	3808	4092	1648	1809	1733	2161	3447	4653	4466	755	4160	2016	2353	2399	3726	3716	3880	3976	1414	111	1684	292	3074	
0	5	84	55	25	32	26	54	50	79	54	19	20	54	62	65	59	67	42	90	29	82	69	65	69	35	36	65	51	62	63	44	36	43	67	62	64	59	63	63	77	59	66	6	42	24	56	26	70	14	46	69	69	47	20	60	49	66	85	41	88	37	76	60	56	72	86	80	55	47	68	66	58	71	59	26	17	16	87	14	70	65	60	71	47	46	82	32	61	69	54	67	19	36	76	64	55	66	86	61	70	
5	0	79	50	20	27	21	49	45	74	50	16	18	49	57	60	54	63	40	85	24	77	64	59	64	33	30	62	47	58	61	39	31	40	62	56	59	54	60	58	72	53	61	2	40	20	51	24	65	9	40	65	67	41	15	55	47	61	81	36	84	32	71	56	51	67	81	75	50	44	63	61	52	69	53	20	11	10	82	9	66	61	54	69	42	41	77	29	59	64	50	65	13	31	72	59	51	61	81	56	65	
84	79	0	29	63	60	61	32	50	7	39	67	71	34	53	52	28	27	60	7	59	7	56	45	19	61	48	47	37	27	53	39	50	54	16	37	23	25	41	49	6	30	52	77	57	61	31	64	22	70	41	24	52	43	66	24	56	28	14	54	12	60	14	34	33	27	7	10	30	48	56	43	46	53	41	58	67	69	7	72	16	23	46	59	41	39	23	59	55	20	35	57	65	49	13	55	43	23	6	24	16	
55	50	29	0	33	32	32	15	26	25	25	40	45	8	34	35	7	25	41	34	30	29	41	29	14	39	19	41	19	20	45	10	21	34	13	20	17	4	34	32	22	10	36	49	37	35	7	38	17	41	13	24	48	17	37	9	40	16	34	27	36	32	25	25	11	30	30	28	5	31	40	29	26	50	22	29	38	40	33	43	20	19	27	54	14	10	36	35	45	21	20	51	36	24	25	37	30	13	31	6	14	
25	20	63	33	0	7	1	38	25	59	43	21	27	30	37	40	36	52	42	68	4	63	44	39	45	35	14	58	38	47	59	24	12	39	47	36	47	38	54	38	56	34	41	20	40	21	32	27	46	14	21	53	64	21	5	40	47	41	67	16	69	12	57	48	32	57	63	61	32	40	43	40	32	66	33	8	10	10	67	11	52	49	34	68	22	23	66	29	57	51	41	64	8	24	58	39	46	42	64	39	47	
32	27	60	32	7	0	6	40	18	57	45	28	34	27	30	33	33	54	47	65	4	61	37	32	42	41	16	62	40	48	63	24	12	43	45	31	47	36	57	31	54	31	34	27	45	27	29	34	42	21	19	54	68	17	12	40	51	37	67	9	68	5	57	50	28	59	60	60	30	44	36	34	25	70	27	14	17	17	65	18	51	49	27	72	19	21	66	35	62	51	43	68	15	28	57	32	49	39	61	36	44	
26	21	61	32	1	6	0	37	24	57	42	21	28	29	36	39	34	51	41	66	3	61	43	38	44	35	13	58	37	45	58	22	11	38	45	35	45	36	53	37	55	33	40	21	39	21	31	27	44	15	20	52	63	20	6	39	46	40	66	15	68	12	56	47	30	56	62	59	31	39	42	39	31	65	32	8	11	11	65	12	51	47	33	67	21	22	65	29	57	50	40	63	9	23	56	38	45	41	63	37	46	
54	49	32	15	38	40	37	0	40	26	10	36	39	24	50	51	23	14	29	39	37	29	56	45	26	28	24	26	5	8	29	16	28	22	18	36	9	16	19	47	27	25	51	48	25	30	23	31	30	40	24	15	32	29	40	10	26	31	31	38	34	42	21	10	26	19	37	26	20	17	56	44	41	34	37	31	39	41	33	44	17	11	42	38	26	21	28	26	30	14	5	35	38	18	22	52	15	26	37	19	25	
50	45	50	26	25	18	24	40	0	49	49	44	50	18	12	15	23	52	58	53	21	53	20	14	31	52	23	66	42	46	68	25	18	52	38	15	44	29	59	13	44	20	16	45	54	41	20	47	29	39	15	51	72	10	30	35	60	23	60	9	60	14	51	50	17	57	48	53	22	50	19	16	7	74	10	28	35	35	56	36	46	46	9	78	13	18	62	47	68	47	44	74	33	37	51	15	53	26	49	28	33	
79	74	7	25	59	57	57	26	49	0	32	61	65	31	53	52	26	20	54	14	56	4	57	45	19	54	44	40	30	20	46	35	46	47	12	37	17	21	34	49	5	29	53	72	50	56	29	57	22	65	38	17	45	41	62	19	49	28	11	51	11	57	7	27	32	20	13	5	28	41	57	44	46	47	41	54	63	64	8	67	9	16	46	52	38	36	17	52	48	13	28	50	61	44	6	55	36	23	13	21	16	
54	50	39	25	43	45	42	10	49	32	0	34	36	33	59	60	33	15	21	46	42	35	66	55	36	22	29	17	6	12	19	24	34	14	27	46	16	26	11	57	35	35	61	48	17	29	33	28	40	41	33	17	23	38	44	19	17	42	34	45	38	49	26	7	36	18	45	31	30	8	65	54	50	25	47	35	41	43	39	46	23	16	52	29	35	30	29	22	20	19	5	25	40	19	27	62	5	37	45	29	34	
19	16	67	40	21	28	21	36	44	61	34	0	6	41	56	59	45	48	24	73	24	65	64	57	54	17	23	46	32	44	45	29	26	24	51	52	45	44	44	56	61	46	60	14	24	5	43	8	56	9	34	50	51	37	18	43	31	54	67	35	70	34	57	41	44	53	70	62	41	28	63	58	50	53	50	15	12	14	69	16	53	47	52	53	36	33	63	13	43	50	35	49	13	17	58	59	36	52	70	46	55	
20	18	71	45	27	34	28	39	50	65	36	6	0	47	63	65	51	50	22	77	30	68	70	63	59	15	29	46	35	46	43	34	32	23	55	58	49	49	44	63	65	51	66	16	22	10	48	7	61	14	40	53	50	43	24	47	29	59	70	42	73	40	61	43	50	54	74	65	47	28	69	64	56	51	56	21	18	19	72	21	56	50	58	51	42	39	65	13	41	53	38	47	19	21	61	65	36	57	75	51	59	
54	49	34	8	30	27	29	24	18	31	33	41	47	0	26	27	5	34	47	38	26	35	32	21	15	43	18	50	27	29	53	13	18	41	20	12	26	11	43	23	27	4	27	48	44	37	2	42	15	40	8	33	56	9	35	18	47	12	42	20	42	26	33	34	3	39	33	35	4	38	32	20	17	58	13	28	37	38	39	41	28	28	18	62	7	8	44	39	53	29	29	59	35	28	33	28	38	12	34	10	17	
62	57	53	34	37	30	36	50	12	53	59	56	63	26	0	3	29	60	70	54	33	57	7	8	34	64	35	76	53	55	79	36	31	64	43	16	52	36	69	4	48	26	4	57	66	54	27	60	31	51	27	59	82	22	42	43	71	25	64	21	64	25	56	60	23	64	49	57	30	62	6	10	8	84	13	41	47	47	60	48	52	54	7	88	24	29	68	59	79	54	54	84	45	49	56	2	64	30	50	34	37	
65	60	52	35	40	33	39	51	15	52	60	59	65	27	3	0	29	60	72	53	36	56	5	7	33	67	38	77	54	55	80	37	33	66	43	16	52	36	70	3	47	26	1	60	68	56	28	62	30	54	28	59	83	24	45	44	73	24	64	24	63	28	56	61	24	65	48	57	30	64	5	9	10	85	13	43	50	50	59	51	52	54	8	89	26	31	68	61	80	55	55	86	48	51	56	3	65	30	49	34	36	
59	54	28	7	36	33	34	23	23	26	33	45	51	5	29	29	0	31	49	32	32	30	34	23	9	46	23	48	27	26	52	16	23	42	15	13	23	7	41	25	22	3	30	53	45	41	3	45	10	45	14	29	55	15	40	15	48	9	37	26	37	32	28	32	6	35	27	30	4	38	34	22	20	57	16	33	42	43	33	46	23	25	21	61	13	13	39	42	53	25	28	58	40	31	28	31	38	6	28	5	11	
67	63	27	25	52	54	51	14	52	20	15	48	50	34	60	60	31	0	35	34	51	21	66	54	30	37	38	20	16	6	26	30	42	29	19	44	8	24	14	57	23	34	61	61	32	43	33	43	34	54	37	3	26	41	55	16	30	38	19	51	24	56	13	8	36	5	33	17	30	23	65	53	51	28	47	45	53	55	24	58	11	6	52	33	38	34	14	37	28	7	13	31	52	31	14	63	17	32	33	26	27	
42	40	60	41	42	47	41	29	58	54	21	24	22	47	70	72	49	35	0	67	43	56	77	67	55	7	34	25	24	33	21	34	39	7	47	60	37	44	25	68	55	50	73	38	4	21	48	16	58	33	43	38	28	48	40	39	7	58	55	51	59	52	48	27	50	38	65	52	45	12	76	68	62	29	59	33	36	37	60	40	44	37	64	29	45	41	48	12	19	41	25	25	35	20	49	72	18	54	66	47	54	
90	85	7	34	68	65	66	39	53	14	46	73	77	38	54	53	32	34	67	0	64	13	57	46	22	68	54	54	44	34	60	45	55	61	22	39	30	30	48	50	12	34	53	83	64	68	36	70	24	75	46	31	59	48	72	30	63	30	19	58	15	64	21	41	37	34	5	17	35	55	57	44	48	60	43	64	73	74	11	77	23	30	48	66	46	44	28	65	62	27	42	64	71	56	20	56	50	26	4	29	20	
29	24	59	30	4	4	3	37	21	56	42	24	30	26	33	36	32	51	43	64	0	60	40	35	42	36	13	58	37	45	59	21	9	39	44	32	45	34	53	34	53	31	37	24	41	23	29	29	42	18	18	51	64	18	9	38	47	38	65	12	67	9	55	47	28	56	60	58	29	40	39	36	28	66	29	9	14	14	64	15	49	47	30	68	19	20	64	31	58	49	40	64	12	24	55	35	46	38	61	35	44	
82	77	7	29	63	61	61	29	53	4	35	65	68	35	57	56	30	21	56	13	60	0	61	49	23	57	48	41	33	22	47	39	50	49	16	41	19	25	35	53	9	33	56	76	52	59	33	61	26	68	42	18	45	45	66	22	51	32	8	56	7	61	8	28	36	21	14	4	32	44	61	47	50	47	45	58	67	68	4	71	12	18	50	52	43	40	15	55	49	15	31	51	65	47	7	59	38	27	13	25	20	
69	64	56	41	44	37	43	56	20	57	66	64	70	32	7	5	34	66	77	57	40	61	0	12	38	72	43	82	60	61	86	43	39	71	48	21	58	42	76	9	52	31	5	64	74	61	33	67	34	58	34	64	89	29	49	49	79	29	69	28	68	32	61	67	30	70	52	62	36	69	1	13	15	91	19	48	54	54	63	55	57	60	14	95	32	37	73	67	86	60	61	91	52	56	61	5	71	35	53	39	41	
65	59	45	29	39	32	38	45	14	45	55	57	63	21	8	7	23	54	67	46	35	49	12	0	26	63	34	71	48	49	75	33	31	61	36	9	46	30	64	4	40	20	7	59	64	53	21	59	23	53	24	52	77	20	44	38	68	17	57	23	56	28	49	55	18	58	41	50	24	59	11	2	7	79	8	42	49	49	52	50	45	48	5	84	22	26	61	58	75	48	50	80	47	47	49	10	60	23	42	27	29	
69	64	19	14	45	42	44	26	31	19	36	54	59	15	34	33	9	30	55	22	42	23	38	26	0	53	33	50	31	26	55	25	33	48	11	18	23	11	43	30	14	11	33	62	51	49	13	53	4	55	24	28	56	25	50	16	53	9	30	35	30	41	23	34	14	33	18	23	13	43	38	25	27	58	22	43	52	53	26	56	20	24	27	63	23	22	35	49	55	23	31	60	50	38	22	36	41	4	18	8	3	
35	33	61	39	35	41	35	28	52	54	22	17	15	43	64	67	46	37	7	68	36	57	72	63	53	0	29	30	23	34	28	30	33	8	46	56	37	42	29	63	55	47	67	31	7	14	44	9	56	26	38	40	34	42	33	37	14	55	57	45	61	45	49	29	47	41	65	53	42	14	71	63	57	36	55	27	28	30	61	33	45	38	59	36	40	36	51	5	26	42	25	32	28	15	50	67	22	52	65	45	52	
36	30	48	19	14	16	13	24	23	44	29	23	29	18	35	38	23	38	34	54	13	48	43	34	33	29	0	46	24	32	47	9	5	29	32	29	32	24	41	35	42	23	39	29	31	19	20	24	34	21	11	38	52	14	18	25	37	31	52	17	55	19	42	34	21	43	50	46	19	29	42	35	28	54	27	10	19	20	52	23	37	34	30	57	13	10	51	23	47	37	27	53	17	14	43	38	33	30	50	25	34	
65	62	47	41	58	62	58	26	66	40	17	46	46	50	76	77	48	20	25	54	58	41	82	71	50	30	46	0	23	23	6	41	51	22	39	62	27	41	7	73	44	51	77	60	23	42	49	39	54	55	50	23	6	55	59	34	17	57	37	62	42	65	33	16	53	20	54	37	46	19	82	70	67	8	63	50	56	58	44	61	32	26	68	13	52	47	28	33	8	28	21	10	55	34	34	79	12	51	53	44	47	
51	47	37	19	38	40	37	5	42	30	6	32	35	27	53	54	27	16	24	44	37	33	60	48	31	23	24	23	0	11	26	17	28	17	23	40	13	21	17	50	32	29	55	45	20	27	27	27	35	38	26	17	29	31	39	15	21	36	34	39	38	43	25	10	30	20	41	30	24	12	59	48	44	31	41	30	37	39	37	43	21	15	45	35	28	23	30	22	26	18	3	31	36	15	26	55	11	31	42	24	30	
62	58	27	20	47	48	45	8	46	20	12	44	46	29	55	55	26	6	33	34	45	22	61	49	26	34	32	23	11	0	28	24	36	26	16	40	4	19	16	52	23	29	56	56	29	38	27	38	31	49	31	6	29	36	49	11	29	33	23	45	27	50	14	7	31	11	33	19	25	21	60	48	46	31	42	40	48	50	26	53	11	4	47	36	32	28	19	33	29	7	8	33	46	26	15	57	16	28	33	21	24	
63	61	53	45	59	63	58	29	68	46	19	45	43	53	79	80	52	26	21	60	59	47	86	75	55	28	47	6	26	28	0	43	52	21	44	65	32	46	12	77	50	55	81	59	21	41	53	37	59	54	52	29	6	57	59	38	14	61	43	64	48	67	39	21	56	26	59	43	50	18	85	74	70	8	67	50	55	57	50	60	38	31	72	9	54	49	34	32	2	33	24	5	54	34	40	82	14	56	59	49	52	
44	39	39	10	24	24	22	16	25	35	24	29	34	13	36	37	16	30	34	45	21	39	43	33	25	30	9	41	17	24	43	0	12	28	23	25	23	15	34	34	33	17	38	38	31	24	14	29	26	30	9	30	47	14	27	16	35	25	43	21	45	26	33	26	16	35	41	37	12	26	42	33	27	49	25	19	28	29	43	32	28	25	29	53	11	6	42	26	43	27	20	49	26	15	34	38	28	22	42	17	25	
36	31	50	21	12	12	11	28	18	46	34	26	32	18	31	33	23	42	39	55	9	50	39	31	33	33	5	51	28	36	52	12	0	34	34	26	35	25	45	31	43	22	34	30	36	22	20	28	33	23	9	42	57	11	17	28	42	29	55	12	57	14	45	38	20	47	50	48	19	34	38	32	24	59	24	11	19	20	54	23	40	37	26	62	10	10	54	28	51	40	31	58	17	19	45	34	38	30	51	26	34	
43	40	54	34	39	43	38	22	52	47	14	24	23	41	64	66	42	29	7	61	39	49	71	61	48	8	29	22	17	26	21	28	34	0	40	53	30	37	21	62	49	44	67	38	3	20	41	16	51	33	37	32	27	42	38	32	8	51	49	46	53	48	41	21	44	32	59	46	38	5	71	61	56	29	53	30	34	36	53	39	37	31	57	29	39	34	43	11	19	34	18	25	33	15	42	67	13	47	59	40	47	
67	62	16	13	47	45	45	18	38	12	27	51	55	20	43	43	15	19	47	22	44	16	48	36	11	46	32	39	23	16	44	23	34	40	0	27	12	9	32	40	10	18	44	61	43	45	18	48	15	53	26	16	45	29	50	8	44	19	22	40	23	45	13	23	21	22	19	15	16	35	48	35	35	47	30	42	51	53	20	56	8	13	36	52	26	24	25	43	45	12	22	49	49	34	13	46	31	13	19	10	8	
62	56	37	20	36	31	35	36	15	37	46	52	58	12	16	16	13	44	60	39	32	41	21	9	18	56	29	62	40	40	65	25	26	53	27	0	36	20	55	12	32	10	16	56	56	48	12	53	15	49	18	43	68	15	41	28	60	9	48	22	48	28	40	46	9	49	34	41	15	50	21	8	9	70	4	37	45	46	44	48	36	38	9	75	16	19	52	51	66	38	41	71	43	40	40	18	51	14	35	18	21	
64	59	23	17	47	47	45	9	44	17	16	45	49	26	52	52	23	8	37	30	45	19	58	46	23	37	32	27	13	4	32	23	35	30	12	36	0	16	20	49	19	26	53	58	33	40	25	41	27	50	30	7	33	34	49	8	33	30	21	44	24	49	12	11	28	12	29	16	22	24	57	45	43	35	39	40	49	51	23	54	7	2	44	40	31	27	19	36	33	5	11	37	47	28	12	55	20	24	29	18	20	
59	54	25	4	38	36	36	16	29	21	26	44	49	11	36	36	7	24	44	30	34	25	42	30	11	42	24	41	21	19	46	15	25	37	9	20	16	0	34	33	18	10	37	53	40	39	9	42	14	45	17	22	48	20	41	7	42	15	31	30	32	36	22	25	12	28	26	24	7	32	41	29	27	50	23	33	43	44	29	47	17	17	28	54	17	14	33	38	46	18	21	51	41	27	22	38	31	10	27	3	10	
63	60	41	34	54	57	53	19	59	34	11	44	44	43	69	70	41	14	25	48	53	35	76	64	43	29	41	7	17	16	12	34	45	21	32	55	20	34	0	66	37	44	71	58	22	39	42	37	47	51	43	17	13	48	55	27	18	49	32	56	36	60	27	9	46	14	47	31	39	16	75	63	60	15	56	46	52	54	38	57	25	19	62	20	45	40	24	31	14	21	14	17	51	30	28	72	8	44	47	37	40	
63	58	49	32	38	31	37	47	13	49	57	56	63	23	4	3	25	57	68	50	34	53	9	4	30	63	35	73	50	52	77	34	31	62	40	12	49	33	66	0	44	22	4	58	65	53	24	59	27	52	25	55	80	21	43	40	70	21	61	22	60	26	53	57	20	61	45	54	27	60	8	6	6	82	10	41	48	48	56	49	49	51	5	86	23	28	65	58	77	51	52	82	46	48	52	6	62	26	46	30	33	
77	72	6	22	56	54	55	27	44	5	35	61	65	27	48	47	22	23	55	12	53	9	52	40	14	55	42	44	32	23	50	33	43	49	10	32	19	18	37	44	0	24	47	71	51	55	25	58	17	63	35	20	49	37	60	18	52	23	17	48	16	54	12	30	27	25	10	10	24	43	51	38	41	51	36	52	61	62	12	65	12	19	41	57	35	33	23	53	51	16	30	55	59	43	11	50	39	18	10	17	11	
59	53	30	10	34	31	33	25	20	29	35	46	51	4	26	26	3	34	50	34	31	33	31	20	11	47	23	51	29	29	55	17	22	44	18	10	26	10	44	22	24	0	26	52	47	41	3	46	11	45	13	33	57	13	39	18	50	8	40	23	40	30	31	35	3	38	29	33	5	40	31	19	17	60	13	33	42	43	36	45	26	28	18	64	12	12	42	43	55	28	30	61	39	32	31	28	40	7	30	8	13	
66	61	52	36	41	34	40	51	16	53	61	60	66	27	4	1	30	61	73	53	37	56	5	7	33	67	39	77	55	56	81	38	34	67	44	16	53	37	71	4	47	26	0	61	69	57	28	63	30	55	29	59	84	25	46	44	74	24	64	25	63	29	56	62	25	65	48	57	31	64	4	9	10	86	14	44	51	51	59	52	52	55	9	90	27	32	68	62	81	55	56	86	49	52	56	3	66	30	49	34	37	
6	2	77	49	20	27	21	48	45	72	48	14	16	48	57	60	53	61	38	83	24	76	64	59	62	31	29	60	45	56	59	38	30	38	61	56	58	53	58	58	71	52	61	0	38	18	50	22	64	7	39	63	65	41	15	53	45	60	79	36	82	32	69	55	50	66	79	73	49	42	63	60	52	67	53	19	10	10	80	9	64	59	54	67	41	40	76	27	57	63	48	63	13	30	70	59	50	60	80	55	63	
42	40	57	37	40	45	39	25	54	50	17	24	22	44	66	68	45	32	4	64	41	52	74	64	51	7	31	23	20	29	21	31	36	3	43	56	33	40	22	65	51	47	69	38	0	20	44	16	54	33	39	34	27	44	39	35	7	54	51	48	56	50	44	24	47	35	61	48	41	8	73	64	58	29	56	31	34	36	56	39	40	33	60	29	42	37	45	11	19	37	21	25	34	17	45	69	15	50	62	43	50	
24	20	61	35	21	27	21	30	41	56	29	5	10	37	54	56	41	43	21	68	23	59	61	53	49	14	19	42	27	38	41	24	22	20	45	48	40	39	39	53	55	41	57	18	20	0	38	6	51	13	30	45	47	33	19	37	27	49	61	33	65	32	52	36	40	47	64	56	36	23	60	54	47	49	46	13	14	16	63	19	47	41	49	49	32	29	57	9	39	45	30	45	14	12	53	56	31	47	65	41	49	
56	51	31	7	32	29	31	23	20	29	33	43	48	2	27	28	3	33	48	36	29	33	33	21	13	44	20	49	27	27	53	14	20	41	18	12	25	9	42	24	25	3	28	50	44	38	0	43	13	42	10	31	55	12	37	16	47	11	40	22	40	28	31	33	3	37	31	33	2	38	33	21	18	58	14	30	39	40	37	43	26	26	19	62	10	9	42	40	53	27	28	58	37	29	31	30	38	10	32	8	15	
26	24	64	38	27	34	27	31	47	57	28	8	7	42	60	62	45	43	16	70	29	61	67	59	53	9	24	39	27	38	37	29	28	16	48	53	41	42	37	59	58	46	63	22	16	6	43	0	55	17	35	45	43	39	25	39	23	54	62	39	66	39	53	35	45	47	67	57	41	21	66	60	53	45	51	20	20	21	65	24	48	42	55	45	37	34	57	5	35	46	30	41	20	14	54	62	29	51	68	45	53	
70	65	22	17	46	42	44	30	29	22	40	56	61	15	31	30	10	34	58	24	42	26	34	23	4	56	34	54	35	31	59	26	33	51	15	15	27	14	47	27	17	11	30	64	54	51	13	55	0	56	24	32	60	24	50	20	56	6	34	34	33	40	27	38	14	38	19	27	14	47	34	21	24	62	19	44	53	54	29	56	24	28	24	67	23	23	39	52	59	27	35	64	51	41	26	33	45	4	20	11	7	
14	9	70	41	14	21	15	40	39	65	41	9	14	40	51	54	45	54	33	75	18	68	58	53	55	26	21	55	38	49	54	30	23	33	53	49	50	45	51	52	63	45	55	7	33	13	42	17	56	0	32	55	60	33	9	46	40	52	71	30	74	26	62	48	43	59	72	66	41	36	57	54	46	62	46	12	4	5	73	6	57	52	48	62	33	32	68	22	52	55	41	58	6	22	62	53	43	52	72	47	56	
46	40	41	13	21	19	20	24	15	38	33	34	40	8	27	28	14	37	43	46	18	42	34	24	24	38	11	50	26	31	52	9	9	37	26	18	30	17	43	25	35	13	29	39	39	30	10	35	24	32	0	37	56	5	26	22	44	20	48	14	49	19	38	35	10	42	41	41	10	35	33	25	18	58	16	20	29	30	46	32	33	32	20	62	2	3	49	33	52	34	29	58	26	22	38	29	38	20	42	17	25	
69	65	24	24	53	54	52	15	51	17	17	50	53	33	59	59	29	3	38	31	51	18	64	52	28	40	38	23	17	6	29	30	42	32	16	43	7	22	17	55	20	33	59	63	34	45	31	45	32	55	37	0	29	41	55	15	33	36	17	51	21	56	10	10	35	5	30	14	29	26	64	51	50	30	46	46	55	56	21	60	8	5	51	36	38	34	13	39	31	5	14	34	53	33	11	61	19	30	30	25	25	
69	67	52	48	64	68	63	32	72	45	23	51	50	56	82	83	55	26	28	59	64	45	89	77	56	34	52	6	29	29	6	47	57	27	45	68	33	48	13	80	49	57	84	65	27	47	55	43	60	60	56	29	0	61	64	40	20	63	41	68	46	71	38	22	59	24	59	41	53	24	88	77	74	2	70	56	61	63	48	66	38	32	75	7	58	53	32	38	8	34	27	6	60	40	39	85	18	57	58	51	53	
47	41	43	17	21	17	20	29	10	41	38	37	43	9	22	24	15	41	48	48	18	45	29	20	25	42	14	55	31	36	57	14	11	42	29	15	34	20	48	21	37	13	25	41	44	33	12	39	24	33	5	41	61	0	26	26	49	20	51	10	52	16	42	40	10	46	43	44	13	40	28	21	14	63	13	22	30	31	49	33	37	36	16	67	3	8	53	37	57	38	34	63	28	27	42	25	43	21	44	19	27	
20	15	66	37	5	12	6	40	30	62	44	18	24	35	42	45	40	55	40	72	9	66	49	44	50	33	18	59	39	49	59	27	17	38	50	41	49	41	55	43	60	39	46	15	39	19	37	25	50	9	26	55	64	26	0	43	46	46	70	21	73	17	60	49	36	59	67	64	36	40	48	45	37	66	38	9	5	5	70	6	55	51	39	67	27	27	68	28	57	54	42	63	5	25	61	44	47	47	68	43	51	
60	55	24	9	40	40	39	10	35	19	19	43	47	18	43	44	15	16	39	30	38	22	49	38	16	37	25	34	15	11	38	16	28	32	8	28	8	7	27	40	18	18	44	53	35	37	16	39	20	46	22	15	40	26	43	0	36	22	26	36	29	41	17	17	20	21	27	20	13	27	49	37	35	42	30	35	44	45	27	48	11	10	36	47	23	19	27	35	39	12	14	44	42	25	17	46	24	17	28	10	15	
49	47	56	40	47	51	46	26	60	49	17	31	29	47	71	73	48	30	7	63	47	51	79	68	53	14	37	17	21	29	14	35	42	8	44	60	33	42	18	70	52	50	74	45	7	27	47	23	56	40	44	33	20	49	46	36	0	57	49	54	54	56	43	22	51	32	62	47	45	9	78	68	63	22	60	38	41	43	55	46	40	33	65	22	47	42	42	18	12	36	22	18	41	23	44	74	13	53	62	45	51	
66	61	28	16	41	37	40	31	23	28	42	54	59	12	25	24	9	38	58	30	38	32	29	17	9	55	31	57	36	33	61	25	29	51	19	9	30	15	49	21	23	8	24	60	54	49	11	54	6	52	20	36	63	20	46	22	57	0	39	29	39	35	32	40	9	42	25	32	13	47	29	15	18	65	13	40	49	50	35	52	28	31	18	70	19	20	44	51	61	31	36	66	47	40	31	27	47	5	26	12	12	
85	81	14	34	67	67	66	31	60	11	34	67	70	42	64	64	37	19	55	19	65	8	69	57	30	57	52	37	34	23	43	43	55	49	22	48	21	31	32	61	17	40	64	79	51	61	40	62	34	71	48	17	41	51	70	26	49	39	0	61	5	67	9	27	43	17	21	7	38	43	68	55	57	42	52	61	70	72	8	75	15	19	57	48	48	45	9	56	45	16	31	47	68	49	9	67	36	34	21	32	27	
41	36	54	27	16	9	15	38	9	51	45	35	42	20	21	24	26	51	51	58	12	56	28	23	35	45	17	62	39	45	64	21	12	46	40	22	44	30	56	22	48	23	25	36	48	33	22	39	34	30	14	51	68	10	21	36	54	29	61	0	63	6	52	48	20	56	53	55	23	46	27	25	16	71	18	20	26	26	59	27	47	46	18	73	13	17	63	40	63	48	42	69	24	31	52	23	50	31	54	30	37	
88	84	12	36	69	68	68	34	60	11	38	70	73	42	64	63	37	24	59	15	67	7	68	56	30	61	55	42	38	27	48	45	57	53	23	48	24	32	36	60	16	40	63	82	56	65	40	66	33	74	49	21	46	52	73	29	54	39	5	63	0	68	12	32	43	22	18	8	39	47	67	54	57	47	52	64	73	74	4	77	17	23	57	53	50	47	14	60	50	19	35	52	71	53	12	66	41	34	17	32	27	
37	32	60	32	12	5	12	42	14	57	49	34	40	26	25	28	32	56	52	64	9	61	32	28	41	45	19	65	43	50	67	26	14	48	45	28	49	36	60	26	54	30	29	32	50	32	28	39	40	26	19	56	71	16	17	41	56	35	67	6	68	0	58	52	26	61	59	60	29	48	31	30	21	74	24	19	22	22	65	23	52	51	23	76	18	22	68	40	66	53	45	72	21	32	58	27	53	37	60	36	43	
76	71	14	25	57	57	56	21	51	7	26	57	61	33	56	56	28	13	48	21	55	8	61	49	23	49	42	33	25	14	39	33	45	41	13	40	12	22	27	53	12	31	56	69	44	52	31	53	27	62	38	10	38	42	60	17	43	32	9	52	12	58	0	20	34	13	20	4	29	35	61	48	48	39	43	51	60	62	12	65	5	10	49	45	39	35	12	48	41	7	23	43	58	40	1	59	29	26	20	23	20	
60	56	34	25	48	50	47	10	50	27	7	41	43	34	60	61	32	8	27	41	47	28	67	55	34	29	34	16	10	7	21	26	38	21	23	46	11	25	9	57	30	35	62	55	24	36	33	35	38	48	35	10	22	40	49	17	22	40	27	48	32	52	20	0	37	11	40	25	30	15	66	54	51	24	47	40	47	49	32	52	18	11	53	29	37	32	21	29	22	14	7	26	46	25	21	63	9	35	40	28	31	
56	51	33	11	32	28	30	26	17	32	36	44	50	3	23	24	6	36	50	37	28	36	30	18	14	47	21	53	30	31	56	16	20	44	21	9	28	12	46	20	27	3	25	50	47	40	3	45	14	43	10	35	59	10	36	20	51	9	43	20	43	26	34	37	0	41	32	36	6	41	29	17	15	61	10	31	39	40	39	43	29	30	16	65	9	11	45	42	56	31	31	62	37	31	34	26	41	10	33	11	17	
72	67	27	30	57	59	56	19	57	20	18	53	54	39	64	65	35	5	38	34	56	21	70	58	33	41	43	20	20	11	26	35	47	32	22	49	12	28	14	61	25	38	65	66	35	47	37	47	38	59	42	5	24	46	59	21	32	42	17	56	22	61	13	11	41	0	34	17	35	26	70	57	56	26	51	50	58	60	24	63	14	10	57	32	43	39	10	41	28	10	17	30	56	36	14	67	19	36	34	30	31	
86	81	7	30	63	60	62	37	48	13	45	70	74	33	49	48	27	33	65	5	60	14	52	41	18	65	50	54	41	33	59	41	50	59	19	34	29	26	47	45	10	29	48	79	61	64	31	67	19	72	41	30	59	43	67	27	62	25	21	53	18	59	20	40	32	34	0	17	31	53	52	39	43	60	38	60	69	70	14	73	22	29	42	66	41	40	30	62	61	26	40	64	67	53	19	51	49	21	1	24	16	
80	75	10	28	61	60	59	26	53	5	31	62	65	35	57	57	30	17	52	17	58	4	62	50	23	53	46	37	30	19	43	37	48	46	15	41	16	24	31	54	10	33	57	73	48	56	33	57	27	66	41	14	41	44	64	20	47	32	7	55	8	60	4	25	36	17	17	0	31	40	62	48	50	43	45	55	64	66	7	69	9	15	50	49	41	38	12	52	45	11	27	47	62	44	3	60	34	27	17	25	20	
55	50	30	5	32	30	31	20	22	28	30	41	47	4	30	30	4	30	45	35	29	32	36	24	13	42	19	46	24	25	50	12	19	38	16	15	22	7	39	27	24	5	31	49	41	36	2	41	14	41	10	29	53	13	36	13	45	13	38	23	39	29	29	30	6	35	31	31	0	35	35	24	21	55	17	29	38	40	36	42	24	24	22	59	10	9	40	38	50	25	25	55	36	27	29	32	35	10	31	6	14	
47	44	48	31	40	44	39	17	50	41	8	28	28	38	62	64	38	23	12	55	40	44	69	59	43	14	29	19	12	21	18	26	34	5	35	50	24	32	16	60	43	40	64	42	8	23	38	21	47	36	35	26	24	40	40	27	9	47	43	46	47	48	35	15	41	26	53	40	35	0	68	58	54	26	51	31	37	39	47	42	32	25	55	28	37	32	37	15	17	28	13	24	36	15	36	65	8	43	53	36	42	
68	63	56	40	43	36	42	56	19	57	65	63	69	32	6	5	34	65	76	57	39	61	1	11	38	71	42	82	59	60	85	42	38	71	48	21	57	41	75	8	51	31	4	63	73	60	33	66	34	57	33	64	88	28	48	49	78	29	68	27	67	31	61	66	29	70	52	62	35	68	0	13	14	90	18	47	53	53	63	54	57	59	13	94	31	36	73	66	85	59	60	91	51	56	61	4	70	34	53	39	41	
66	61	43	29	40	34	39	44	16	44	54	58	64	20	10	9	22	53	68	44	36	47	13	2	25	63	35	70	48	48	74	33	32	61	35	8	45	29	63	6	38	19	9	60	64	54	21	60	21	54	25	51	77	21	45	37	68	15	55	25	54	30	48	54	17	57	39	48	24	58	13	0	8	79	8	43	50	50	50	52	44	46	6	83	22	26	60	58	74	47	49	80	48	47	47	12	59	21	40	26	28	
58	52	46	26	32	25	31	41	7	46	50	50	56	17	8	10	20	51	62	48	28	50	15	7	27	57	28	67	44	46	70	27	24	56	35	9	43	27	60	6	41	17	10	52	58	47	18	53	24	46	18	50	74	14	37	35	63	18	57	16	57	21	48	51	15	56	43	50	21	54	14	8	0	76	5	35	42	42	53	43	44	45	2	80	16	21	60	52	70	46	46	76	40	41	48	11	55	23	44	25	30	
71	69	53	50	66	70	65	34	74	47	25	53	51	58	84	85	57	28	29	60	66	47	91	79	58	36	54	8	31	31	8	49	59	29	47	70	35	50	15	82	51	60	86	67	29	49	58	45	62	62	58	30	2	63	66	42	22	65	42	71	47	74	39	24	61	26	60	43	55	26	90	79	76	0	72	58	63	65	49	68	39	34	77	6	60	55	33	40	10	35	30	6	62	42	40	87	21	59	60	53	55	
59	53	41	22	33	27	32	37	10	41	47	50	56	13	13	13	16	47	59	43	29	45	19	8	22	55	27	63	41	42	67	25	24	53	30	4	39	23	56	10	36	13	14	53	56	46	14	51	19	46	16	46	70	13	38	30	60	13	52	18	52	24	43	47	10	51	38	45	17	51	18	8	5	72	0	35	42	43	48	44	39	41	5	76	14	18	55	50	67	41	42	72	40	39	43	15	52	18	39	21	25	
26	20	58	29	8	14	8	31	28	54	35	15	21	28	41	43	33	45	33	64	9	58	48	42	43	27	10	50	30	40	50	19	11	30	42	37	40	33	46	41	52	33	44	19	31	13	30	20	44	12	20	46	56	22	9	35	38	40	61	20	64	19	51	40	31	50	60	55	29	31	47	43	35	58	35	0	9	10	62	13	46	42	37	59	21	20	59	21	49	45	33	55	7	16	52	43	38	40	60	35	44	
17	11	67	38	10	17	11	39	35	63	41	12	18	37	47	50	42	53	36	73	14	67	54	49	52	28	19	56	37	48	55	28	19	34	51	45	49	43	52	48	61	42	51	10	34	14	39	20	53	4	29	55	61	30	5	44	41	49	70	26	73	22	60	47	39	58	69	64	38	37	53	50	42	63	42	9	0	2	71	5	55	51	44	63	30	29	68	23	53	54	41	59	2	22	61	49	44	49	70	44	53	
16	10	69	40	10	17	11	41	35	64	43	14	19	38	47	50	43	55	37	74	14	68	54	49	53	30	20	58	39	50	57	29	20	36	53	46	51	44	54	48	62	43	51	10	36	16	40	21	54	5	30	56	63	31	5	45	43	50	72	26	74	22	62	49	40	60	70	66	40	39	53	50	42	65	43	10	2	0	72	3	57	52	44	65	31	30	69	25	55	55	43	61	3	24	62	49	46	50	71	46	54	
87	82	7	33	67	65	65	33	56	8	39	69	72	39	60	59	33	24	60	11	64	4	63	52	26	61	52	44	37	26	50	43	54	53	20	44	23	29	38	56	12	36	59	80	56	63	37	65	29	73	46	21	48	49	70	27	55	35	8	59	4	65	12	32	39	24	14	7	36	47	63	50	53	49	48	62	71	72	0	75	16	22	53	55	46	44	17	59	52	19	35	54	69	51	11	62	41	30	13	29	23	
14	9	72	43	11	18	12	44	36	67	46	16	21	41	48	51	46	58	40	77	15	71	55	50	56	33	23	61	43	53	60	32	23	39	56	48	54	47	57	49	65	45	52	9	39	19	43	24	56	6	32	60	66	33	6	48	46	52	75	27	77	23	65	52	43	63	73	69	42	42	54	52	43	68	44	13	5	3	75	0	60	55	45	68	33	33	73	28	58	59	46	64	6	27	66	50	49	53	74	48	57	
70	66	16	20	52	51	51	17	46	9	23	53	56	28	52	52	23	11	44	23	49	12	57	45	20	45	37	32	21	11	38	28	40	37	8	36	7	17	25	49	12	26	52	64	40	47	26	48	24	57	33	8	38	37	55	11	40	28	15	47	17	52	5	18	29	14	22	9	24	32	57	44	44	39	39	46	55	57	16	60	0	7	44	45	34	30	16	43	39	4	19	43	53	35	5	55	27	22	22	18	17	
65	61	23	19	49	49	47	11	46	16	16	47	50	28	54	54	25	6	37	30	47	18	60	48	24	38	34	26	15	4	31	25	37	31	13	38	2	17	19	51	19	28	55	59	33	41	26	42	28	52	32	5	32	36	51	10	33	31	19	46	23	51	10	11	30	10	29	15	24	25	59	46	45	34	41	42	51	52	22	55	7	0	46	39	33	29	17	37	32	3	12	36	49	29	11	56	20	26	29	20	21	
60	54	46	27	34	27	33	42	9	46	52	52	58	18	7	8	21	52	64	48	30	50	14	5	27	59	30	68	45	47	72	29	26	57	36	9	44	28	62	5	41	18	9	54	60	49	19	55	24	48	20	51	75	16	39	36	65	18	57	18	57	23	49	53	16	57	42	50	22	55	13	6	2	77	5	37	44	44	53	45	44	46	0	81	18	23	61	53	72	47	47	77	42	43	49	10	57	23	43	26	30	
71	69	59	54	68	72	67	38	78	52	29	53	51	62	88	89	61	33	29	66	68	52	95	84	63	36	57	13	35	36	9	53	62	29	52	75	40	54	20	86	57	64	90	67	29	49	62	45	67	62	62	36	7	67	67	47	22	70	48	73	53	76	45	29	65	32	66	49	59	28	94	83	80	6	76	59	63	65	55	68	45	39	81	0	64	59	39	40	10	41	33	4	63	44	46	91	24	64	66	57	60	
47	42	41	14	22	19	21	26	13	38	35	36	42	7	24	26	13	38	45	46	19	43	32	22	23	40	13	52	28	32	54	11	10	39	26	16	31	17	45	23	35	12	27	41	42	32	10	37	23	33	2	38	58	3	27	23	47	19	48	13	50	18	39	37	9	43	41	41	10	37	31	22	16	60	14	21	30	31	46	33	34	33	18	64	0	5	50	35	54	35	30	60	28	25	39	27	40	19	42	17	25	
46	41	39	10	23	21	22	21	18	36	30	33	39	8	29	31	13	34	41	44	20	40	37	26	22	36	10	47	23	28	49	6	10	34	24	19	27	14	40	28	33	12	32	40	37	29	9	34	23	32	3	34	53	8	27	19	42	20	45	17	47	22	35	32	11	39	40	38	9	32	36	26	21	55	18	20	29	30	44	33	30	29	23	59	5	0	46	31	49	31	25	55	27	20	36	32	35	19	41	15	24	
82	77	23	36	66	66	65	28	62	17	29	63	65	44	68	68	39	14	48	28	64	15	73	61	35	51	51	28	30	19	34	42	54	43	25	52	19	33	24	65	23	42	68	76	45	57	42	57	39	68	49	13	32	53	68	27	42	44	9	63	14	68	12	21	45	10	30	12	40	37	73	60	60	33	55	59	68	69	17	73	16	17	61	39	50	46	0	51	37	15	27	38	66	46	12	71	30	38	29	34	32	
32	29	59	35	29	35	29	26	47	52	22	13	13	39	59	61	42	37	12	65	31	55	67	58	49	5	23	33	22	33	32	26	28	11	43	51	36	38	31	58	53	43	62	27	11	9	40	5	52	22	33	39	38	37	28	35	18	51	56	40	60	40	48	29	42	41	62	52	38	15	66	58	52	40	50	21	23	25	59	28	43	37	53	40	35	31	51	0	30	40	24	36	23	11	48	62	23	48	63	41	49	
61	59	55	45	57	62	57	30	68	48	20	43	41	53	79	80	53	28	19	62	58	49	86	75	55	26	47	8	26	29	2	43	51	19	45	66	33	46	14	77	51	55	81	57	19	39	53	35	59	52	52	31	8	57	57	39	12	61	45	63	50	66	41	22	56	28	61	45	50	17	85	74	70	10	67	49	53	55	52	58	39	32	72	10	54	49	37	30	0	35	25	6	52	33	42	82	15	56	61	49	53	
69	64	20	21	51	51	50	14	47	13	19	50	53	29	54	55	25	7	41	27	49	15	60	48	23	42	37	28	18	7	33	27	40	34	12	38	5	18	21	51	16	28	55	63	37	45	27	46	27	55	34	5	34	38	54	12	36	31	16	48	19	53	7	14	31	10	26	11	25	28	59	47	46	35	41	45	54	55	19	59	4	3	47	41	35	31	15	40	35	0	16	38	52	33	8	57	23	25	26	20	20	
54	50	35	20	41	43	40	5	44	28	5	35	38	29	54	55	28	13	25	42	40	31	61	50	31	25	27	21	3	8	24	20	31	18	22	41	11	21	14	52	30	30	56	48	21	30	28	30	35	41	29	14	27	34	42	14	22	36	31	42	35	45	23	7	31	17	40	27	25	13	60	49	46	30	42	33	41	43	35	46	19	12	47	33	30	25	27	24	25	16	0	30	39	18	24	57	10	31	40	24	29	
67	65	57	51	64	68	63	35	74	50	25	49	47	59	84	86	58	31	25	64	64	51	91	80	60	32	53	10	31	33	5	49	58	25	49	71	37	51	17	82	55	61	86	63	25	45	58	41	64	58	58	34	6	63	63	44	18	66	47	69	52	72	43	26	62	30	64	47	55	24	91	80	76	6	72	55	59	61	54	64	43	36	77	4	60	55	38	36	6	38	30	0	59	39	44	87	20	61	64	54	58	
19	13	65	36	8	15	9	38	33	61	40	13	19	35	45	48	40	52	35	71	12	65	52	47	50	28	17	55	36	46	54	26	17	33	49	43	47	41	51	46	59	39	49	13	34	14	37	20	51	6	26	53	60	28	5	42	41	47	68	24	71	21	58	46	37	56	67	62	36	36	51	48	40	62	40	7	2	3	69	6	53	49	42	63	28	27	66	23	52	52	39	59	0	21	59	47	43	47	68	42	51	
36	31	49	24	24	28	23	18	37	44	19	17	21	28	49	51	31	31	20	56	24	47	56	47	38	15	14	34	15	26	34	15	19	15	34	40	28	27	30	48	43	32	52	30	17	12	29	14	41	22	22	33	40	27	25	25	23	40	49	31	53	32	40	25	31	36	53	44	27	15	56	47	41	42	39	16	22	24	51	27	35	29	43	44	25	20	46	11	33	33	18	39	21	0	41	52	22	37	53	30	38	
76	72	13	25	58	57	56	22	51	6	27	58	61	33	56	56	28	14	49	20	55	7	61	49	22	50	43	34	26	15	40	34	45	42	13	40	12	22	28	52	11	31	56	70	45	53	31	54	26	62	38	11	39	42	61	17	44	31	9	52	12	58	1	21	34	14	19	3	29	36	61	47	48	40	43	52	61	62	11	66	5	11	49	46	39	36	12	48	42	8	24	44	59	41	0	58	30	26	19	23	19	
64	59	55	37	39	32	38	52	15	55	62	59	65	28	2	3	31	63	72	56	35	59	5	10	36	67	38	79	55	57	82	38	34	67	46	18	55	38	72	6	50	28	3	59	69	56	30	62	33	53	29	61	85	25	44	46	74	27	67	23	66	27	59	63	26	67	51	60	32	65	4	12	11	87	15	43	49	49	62	50	55	56	10	91	27	32	71	62	82	57	57	87	47	52	58	0	67	32	52	36	39	
55	51	43	30	46	49	45	15	53	36	5	36	36	38	64	65	38	17	18	50	46	38	71	60	41	22	33	12	11	16	14	28	38	13	31	51	20	31	8	62	39	40	66	50	15	31	38	29	45	43	38	19	18	43	47	24	13	47	36	50	41	53	29	9	41	19	49	34	35	8	70	59	55	21	52	38	44	46	41	49	27	20	57	24	40	35	30	23	15	23	10	20	43	22	30	67	0	42	49	34	39	
66	61	23	13	42	39	41	26	26	23	37	52	57	12	30	30	6	32	54	26	38	27	35	23	4	52	30	51	31	28	56	22	30	47	13	14	24	10	44	26	18	7	30	60	50	47	10	51	4	52	20	30	57	21	47	17	53	5	34	31	34	37	26	35	10	36	21	27	10	43	34	21	23	59	18	40	49	50	30	53	22	26	23	64	19	19	38	48	56	25	31	61	47	37	26	32	42	0	22	7	7	
86	81	6	31	64	61	63	37	49	13	45	70	75	34	50	49	28	33	66	4	61	13	53	42	18	65	50	53	42	33	59	42	51	59	19	35	29	27	47	46	10	30	49	80	62	65	32	68	20	72	42	30	58	44	68	28	62	26	21	54	17	60	20	40	33	34	1	17	31	53	53	40	44	60	39	60	70	71	13	74	22	29	43	66	42	41	29	63	61	26	40	64	68	53	19	52	49	22	0	25	17	
61	56	24	6	39	36	37	19	28	21	29	46	51	10	34	34	5	26	47	29	35	25	39	27	8	45	25	44	24	21	49	17	26	40	10	18	18	3	37	30	17	8	34	55	43	41	8	45	11	47	17	25	51	19	43	10	45	12	32	30	32	36	23	28	11	30	24	25	6	36	39	26	25	53	21	35	44	46	29	48	18	20	26	57	17	15	34	41	49	20	24	54	42	30	23	36	34	7	25	0	8	
70	65	16	14	47	44	46	25	33	16	34	55	59	17	37	36	11	27	54	20	44	20	41	29	3	52	34	47	30	24	52	25	34	47	8	21	20	10	40	33	11	13	37	63	50	49	15	53	7	56	25	25	53	27	51	15	51	12	27	37	27	43	20	31	17	31	16	20	14	42	41	28	30	55	25	44	53	54	23	57	17	21	30	60	25	24	32	49	53	20	29	58	51	38	19	39	39	7	17	8	0	

