10  100
85	30	36	29	52	20	28	71	98	18	87	36	45	35	9	27	78	2	78	98	55	13	68	19	56	31	27	75	68	100	61	93	42	32	75	65	17	10	99	50	43	60	48	31	7	58	57	5	89	6	23	87	49	48	5	2	79	68	16	48	12	27	47	100	34	90	74	46	81	1	70	15	68	54	85	1	35	14	12	27	63	44	1	63	29	89	38	47	66	67	64	9	95	30	27	55	91	35	60	10	
54	90	77	85	41	17	72	51	39	98	19	90	30	46	54	22	29	53	42	56	36	90	9	71	4	73	34	86	47	91	91	11	98	13	35	43	34	57	10	100	81	46	97	57	28	28	53	77	40	99	69	95	15	91	16	62	78	62	77	91	40	70	52	20	29	49	33	40	24	73	29	87	79	32	46	58	94	99	98	55	2	24	50	98	29	13	79	26	11	42	44	30	9	77	56	22	16	17	43	91	
88	54	85	62	2	72	42	87	71	59	15	99	13	67	94	61	8	90	20	22	49	100	1	31	99	6	45	17	81	74	12	77	9	78	67	92	73	23	39	2	4	98	61	68	19	7	88	50	86	48	88	26	91	63	92	87	55	43	87	22	99	21	66	45	72	18	86	61	68	83	73	31	41	95	18	36	24	64	97	94	100	3	62	29	90	98	39	55	29	62	81	70	98	97	10	7	65	33	85	68	
16	89	52	64	32	22	99	94	82	99	65	87	88	60	48	36	51	13	42	61	71	32	53	8	60	85	25	41	77	75	35	26	99	19	68	59	34	41	43	47	100	13	13	92	93	17	81	71	33	58	80	94	39	8	55	100	18	4	73	91	5	87	34	66	52	94	87	37	2	5	18	17	40	48	39	33	61	61	22	71	48	21	10	8	92	38	71	25	62	18	92	65	46	1	9	32	64	72	55	87	
98	55	20	40	16	86	23	3	42	69	62	89	61	33	66	26	91	61	9	78	31	29	99	40	99	40	13	88	76	55	96	62	86	26	74	69	95	50	20	60	87	12	20	94	89	65	61	33	3	5	9	69	20	81	88	54	68	20	30	8	83	83	11	83	32	42	30	72	99	4	63	27	52	48	43	71	5	28	86	81	95	90	36	24	74	57	32	15	61	44	71	86	33	38	81	33	7	18	71	34	
99	52	66	93	94	28	5	20	33	74	10	89	40	27	86	85	96	83	83	93	87	8	75	29	26	41	64	63	84	60	4	52	23	40	17	12	76	92	10	57	49	96	80	40	11	16	80	9	37	23	70	27	59	98	8	61	17	57	97	91	38	63	66	43	51	52	85	5	61	70	89	14	85	26	21	83	87	48	70	69	4	83	1	19	93	90	66	22	12	89	92	97	50	14	22	38	16	15	17	57	
18	86	1	36	24	39	38	33	49	6	34	53	57	10	59	38	9	52	72	66	73	81	44	29	2	91	64	82	4	96	37	20	17	52	34	88	3	49	11	69	81	63	79	66	8	90	10	18	29	41	78	64	12	17	22	100	80	61	14	37	53	3	48	11	33	71	2	48	12	11	100	39	71	80	40	27	23	53	95	58	78	6	64	2	96	23	75	89	72	83	21	81	57	83	31	12	42	36	51	8	
95	21	43	52	7	14	81	72	20	66	34	25	86	87	37	82	44	65	31	40	70	7	62	8	61	24	44	71	24	33	51	80	46	15	57	88	85	7	92	51	73	38	25	50	83	12	33	20	30	49	94	64	70	73	43	25	62	57	25	3	63	35	2	88	17	71	34	87	100	96	94	32	6	18	43	28	5	2	16	52	80	24	47	35	69	10	97	58	14	52	88	87	46	9	33	74	8	6	47	60	
53	5	34	96	97	98	44	23	89	68	78	24	71	77	52	96	69	40	85	47	21	18	28	68	62	11	100	92	77	77	47	79	45	52	87	41	77	7	59	62	78	11	39	1	37	36	48	53	75	75	98	46	40	7	15	57	3	88	87	17	31	85	62	85	84	44	58	82	31	18	98	39	15	25	48	64	63	71	52	78	93	16	53	29	83	11	98	31	66	78	6	35	32	68	99	82	78	78	78	46	
98	43	52	13	47	91	82	7	87	91	61	9	35	58	97	80	14	63	7	31	49	8	98	50	95	7	41	42	40	42	7	79	66	33	86	9	25	83	44	42	1	47	47	51	14	84	3	4	50	35	46	64	54	97	33	80	89	21	53	2	84	16	34	42	81	83	44	18	3	66	68	95	49	30	63	73	47	67	73	18	62	41	99	5	87	55	5	61	34	74	75	63	30	69	75	9	39	28	51	95	
1869	4646	719	486	1458	3543	1969	456	2739	3637	1982	2785	3620	1771	1435	4609	2832	4095	2056	2107	313	3290	1297	4638	4927	3037	3722	3666	4537	1996	380	3079	4380	573	3576	2139	4584	2166	4139	3001	2984	2862	2961	3347	2973	671	3715	1530	3658	3416	4654	4467	1537	2016	164	1316	790	2145	279	2100	1982	1793	4558	342	916	2748	2896	3429	2119	2954	4039	4629	4402	3294	986	864	2611	509	2766	4431	2603	4752	2184	4244	4444	3981	4060	3028	392	2809	3358	1866	2054	3543	3079	4064	4656	2587	918	3825	
0	59	58	89	44	56	29	31	64	66	6	52	16	26	61	37	69	69	18	25	78	46	40	85	75	59	58	71	43	72	65	53	82	63	60	56	68	52	81	72	58	28	21	77	57	54	37	3	22	95	90	42	42	41	73	57	70	91	61	78	64	77	46	80	76	40	23	29	33	67	81	35	78	49	80	74	85	58	83	35	15	86	34	73	38	45	59	58	34	72	67	23	10	18	60	27	37	40	31	65	77	
59	0	35	43	18	36	39	34	46	9	53	39	43	33	3	29	16	21	41	33	21	23	20	38	48	22	5	13	24	34	17	8	27	48	41	43	59	8	41	13	33	49	38	34	45	37	41	55	40	44	40	19	47	27	48	4	30	41	61	30	20	20	46	31	26	37	36	36	26	13	23	25	33	31	30	19	30	15	40	24	43	30	28	15	37	46	19	36	48	19	36	49	48	43	56	31	21	41	42	29	20	
58	35	0	34	24	2	28	27	11	43	54	8	49	43	38	50	51	57	46	40	37	50	27	31	18	56	30	34	49	16	52	39	37	13	5	9	24	29	24	39	2	33	47	22	10	5	22	55	36	42	37	26	21	19	17	38	16	37	27	27	18	36	18	29	28	17	45	29	32	48	42	30	25	9	30	32	39	20	27	41	47	42	27	38	19	19	16	1	28	54	9	36	51	50	21	40	37	19	27	11	37	
89	43	34	0	46	36	60	58	35	45	85	42	77	68	44	70	51	59	74	67	26	65	51	5	26	65	39	31	66	18	56	51	19	38	35	41	46	43	10	35	33	67	74	12	41	39	56	86	67	10	7	49	55	48	29	47	19	5	55	13	26	26	51	12	17	51	71	60	58	50	29	56	11	41	13	25	18	33	6	63	76	22	55	32	52	53	30	34	62	53	24	70	81	78	49	66	59	53	60	24	27	
44	18	24	46	0	23	21	16	35	27	39	25	31	22	21	27	33	38	28	20	34	26	4	42	41	33	15	26	25	31	32	18	37	36	29	29	46	10	40	29	22	31	27	34	31	24	24	41	23	51	46	3	30	9	40	18	28	47	46	34	20	32	29	36	31	20	25	18	12	31	37	9	35	16	36	29	40	13	41	18	30	41	10	30	19	29	15	25	30	36	30	31	35	31	41	19	14	24	24	24	33	
56	36	2	36	23	0	26	25	11	44	52	6	48	42	39	50	52	58	44	39	39	50	26	34	19	56	31	36	49	18	53	40	39	13	5	7	23	29	27	41	4	31	46	25	9	3	20	53	35	44	39	26	19	18	18	38	18	39	26	29	20	38	15	31	30	15	44	27	31	49	44	29	27	8	32	34	41	21	29	40	45	44	26	40	17	17	17	2	26	55	12	34	49	49	20	39	37	17	25	13	39	
29	39	28	60	21	26	0	5	35	48	26	22	23	21	42	33	53	57	20	17	54	38	19	57	46	50	36	47	36	43	51	36	56	35	30	27	42	31	52	50	28	10	23	48	29	24	9	26	9	67	62	20	17	13	44	39	41	63	37	50	37	52	19	53	49	11	21	3	14	51	58	14	50	20	53	49	59	32	54	25	20	61	11	51	9	18	32	29	12	56	38	10	23	25	34	18	24	12	4	36	53	
31	34	27	58	16	25	5	0	36	43	27	23	22	18	37	30	48	51	19	14	49	34	14	54	45	45	31	43	31	41	46	31	52	36	30	28	43	26	50	45	27	15	21	46	30	24	12	28	9	64	59	15	20	9	43	34	39	60	39	47	33	48	21	49	45	12	19	2	10	46	53	9	47	18	49	45	55	28	52	21	19	57	6	46	10	21	28	28	16	51	36	15	23	24	36	15	19	14	8	33	49	
64	46	11	35	35	11	35	36	0	54	62	13	58	53	49	61	62	68	55	50	46	61	38	35	12	67	41	44	60	20	63	51	44	3	6	8	13	41	25	49	13	37	57	27	7	12	27	61	44	45	41	37	23	29	9	49	22	40	20	33	28	45	19	35	35	24	55	37	42	60	51	40	30	19	36	41	45	31	29	52	55	49	37	48	26	20	27	10	31	65	13	42	59	60	14	50	48	24	33	19	46	
66	9	43	45	27	44	48	43	54	0	60	48	50	40	6	33	7	14	48	41	20	25	29	40	54	20	13	14	27	40	11	13	27	56	49	51	67	17	45	10	41	58	45	38	53	46	51	62	48	44	41	28	56	36	55	9	35	43	70	32	26	19	55	33	28	46	42	45	35	5	19	34	36	40	32	20	29	22	43	31	51	28	37	13	46	55	26	44	57	10	43	58	56	49	64	39	28	50	51	36	19	
6	53	54	85	39	52	26	27	62	60	0	49	10	20	55	31	63	63	12	19	73	40	35	81	72	53	52	65	37	68	59	47	77	61	56	53	67	46	77	66	54	27	15	73	55	50	34	3	17	90	85	36	41	36	70	51	66	86	60	73	59	71	44	75	71	37	17	25	27	61	76	29	74	45	75	69	80	53	79	29	9	81	29	68	35	43	54	55	33	65	63	22	4	12	59	21	31	37	28	60	72	
52	39	8	42	25	6	22	23	13	48	49	0	45	40	42	49	55	61	42	37	45	51	27	40	23	58	34	41	49	24	56	42	45	13	8	5	21	32	33	46	10	25	44	31	7	3	15	49	31	51	46	26	13	17	21	42	25	46	22	35	26	44	9	38	36	11	42	24	29	53	50	28	33	8	38	40	47	26	35	40	42	50	24	45	13	10	22	8	20	58	18	29	46	47	16	37	37	12	21	19	45	
16	43	49	77	31	48	23	22	58	50	10	45	0	10	45	21	53	53	3	10	63	30	27	73	67	43	43	56	27	61	49	37	68	58	52	50	65	37	71	57	49	27	5	65	52	46	32	13	14	82	77	28	39	30	66	41	59	78	59	65	51	62	42	67	63	34	7	21	19	51	66	21	66	40	67	60	71	44	72	19	3	72	22	58	32	41	46	50	32	55	58	23	6	2	57	12	21	35	26	54	63	
26	33	43	68	22	42	21	18	53	40	20	40	10	0	35	13	43	44	8	3	53	21	17	64	61	34	33	46	18	53	39	26	58	53	47	45	61	27	62	46	42	29	5	57	47	41	29	22	14	73	68	19	38	24	60	31	50	69	57	56	42	52	39	58	53	30	2	17	11	41	56	13	57	34	58	50	61	35	63	9	11	62	16	48	28	39	38	44	32	45	50	25	15	9	54	3	11	32	25	46	53	
61	3	38	44	21	39	42	37	49	6	55	42	45	35	0	30	13	19	43	35	21	23	23	39	50	21	7	13	24	36	14	9	27	51	43	46	62	11	42	12	36	52	40	35	48	40	45	57	42	44	40	22	50	30	51	4	32	42	64	31	22	19	49	32	27	40	38	39	29	10	22	28	34	34	31	19	30	17	41	26	46	29	31	14	40	49	22	39	51	16	39	52	50	44	59	34	23	44	45	31	20	
37	29	50	70	27	50	33	30	61	33	31	49	21	13	30	0	34	33	20	17	51	9	23	66	68	22	31	43	6	58	29	21	57	62	55	55	71	27	66	42	49	42	16	60	57	50	42	34	28	73	69	24	50	32	67	26	54	70	69	57	44	49	51	59	54	41	14	30	20	33	52	21	59	42	58	48	60	37	66	9	23	59	25	45	39	50	41	51	45	36	57	39	27	19	65	15	13	44	38	51	50	
69	16	51	51	33	52	53	48	62	7	63	55	53	43	13	34	0	7	51	44	26	25	34	47	62	16	20	21	27	48	5	17	33	64	56	59	75	23	52	16	48	63	48	45	61	53	57	65	53	50	47	33	63	43	63	14	43	49	77	39	34	25	62	40	35	53	45	50	40	2	24	39	43	47	39	26	35	30	50	33	54	33	42	19	52	62	34	52	64	3	51	63	58	51	72	42	32	57	57	44	25	
69	21	57	59	38	58	57	51	68	14	63	61	53	44	19	33	7	0	52	46	33	24	38	54	69	12	26	28	26	55	5	20	40	70	62	65	81	28	60	23	55	67	48	52	67	59	61	66	55	57	54	37	68	47	70	19	50	56	83	47	41	32	67	47	43	58	46	53	42	8	31	42	50	53	46	34	42	36	57	35	55	40	45	26	57	67	41	58	68	6	58	66	59	51	78	44	34	62	60	50	32	
18	41	46	74	28	44	20	19	55	48	12	42	3	8	43	20	51	52	0	7	61	29	24	70	64	42	40	53	26	58	47	35	65	55	49	47	62	35	67	54	45	25	4	62	49	43	29	14	11	79	74	25	37	27	62	39	55	75	57	62	48	59	39	64	60	31	6	18	16	49	64	18	63	37	64	57	68	41	68	17	3	69	19	56	29	38	43	47	30	54	55	21	7	5	54	9	19	32	23	50	60	
25	33	40	67	20	39	17	14	50	41	19	37	10	3	35	17	44	46	7	0	53	24	16	62	58	36	33	45	21	51	41	27	58	50	44	42	58	27	60	47	39	25	7	55	44	38	26	21	10	72	67	17	34	21	57	31	48	68	54	55	41	52	36	57	52	26	5	14	8	42	56	11	56	31	57	49	60	34	61	11	10	61	13	48	24	35	36	41	29	47	48	22	15	11	51	2	12	28	21	44	52	
78	21	37	26	34	39	54	49	46	20	73	45	63	53	21	51	26	33	61	53	0	44	37	21	42	40	20	7	45	27	31	30	7	49	42	46	59	26	29	10	35	63	59	22	48	42	53	74	57	24	21	36	57	40	44	25	23	23	65	15	19	1	54	15	12	48	56	52	45	25	5	43	19	39	13	5	9	21	26	46	63	8	44	7	48	55	23	38	60	27	33	64	68	63	59	51	42	52	56	27	1	
46	23	50	65	26	50	38	34	61	25	40	51	30	21	23	9	25	24	29	24	44	0	23	61	66	13	26	36	3	55	20	14	50	63	55	55	72	23	63	34	48	48	25	56	58	50	46	43	34	67	63	24	53	34	66	19	51	65	72	52	41	42	53	54	49	43	23	35	24	24	44	24	55	42	53	42	53	34	62	13	32	52	29	37	42	53	38	51	50	27	55	46	36	28	67	22	14	47	43	48	43	
40	20	27	51	4	26	19	14	38	29	35	27	27	17	23	23	34	38	24	16	37	23	0	46	45	32	18	30	22	36	32	18	41	39	32	32	49	12	45	32	26	29	23	39	34	26	23	37	20	55	50	1	30	10	44	20	32	51	48	38	24	36	30	40	36	20	20	16	7	32	41	5	39	19	40	33	44	17	45	14	26	45	8	33	19	30	20	28	29	37	34	29	31	27	43	15	10	24	22	28	37	
85	38	31	5	42	34	57	54	35	40	81	40	73	64	39	66	47	54	70	62	21	61	46	0	26	60	34	26	61	15	51	46	15	38	34	39	46	38	10	30	30	64	69	8	40	37	53	82	63	10	6	45	53	44	29	42	15	5	55	8	21	22	49	7	12	48	67	56	54	45	25	51	7	38	8	20	14	29	6	58	72	18	51	27	49	51	26	32	60	48	22	67	77	74	49	61	54	51	57	21	22	
75	48	18	26	41	19	46	45	12	54	72	23	67	61	50	68	62	69	64	58	42	66	45	26	0	70	43	42	66	14	65	54	38	14	15	20	20	44	16	48	19	49	65	20	19	21	38	72	54	36	32	44	35	37	3	51	19	31	30	27	28	42	31	28	30	34	63	47	50	60	47	48	23	27	29	38	39	33	20	59	65	42	45	45	36	32	29	17	43	65	11	53	69	69	24	58	55	35	44	18	42	
59	22	56	65	33	56	50	45	67	20	53	58	43	34	21	22	16	12	42	36	40	13	32	60	70	0	27	34	16	57	10	16	47	69	61	63	80	26	64	30	54	60	38	56	65	57	56	56	46	64	61	32	63	43	71	18	53	63	80	52	43	39	63	53	48	53	36	46	35	16	39	35	55	50	52	40	49	37	62	25	45	48	39	33	52	63	41	57	61	17	59	58	49	41	75	34	26	57	54	52	39	
58	5	30	39	15	31	36	31	41	13	52	34	43	33	7	31	20	26	40	33	20	26	18	34	43	27	0	12	26	30	22	12	25	43	36	38	54	5	37	14	28	46	38	30	40	33	38	54	38	41	37	16	43	24	43	8	25	38	57	26	15	19	41	27	22	33	36	33	25	18	23	23	29	26	27	17	28	10	36	25	43	29	25	15	33	42	14	31	45	23	31	46	48	43	51	31	21	37	39	24	19	
71	13	34	31	26	36	47	43	44	14	65	41	56	46	13	43	21	28	53	45	7	36	30	26	42	34	12	0	38	27	25	22	13	47	39	43	57	18	31	5	32	56	51	24	45	38	48	67	50	30	27	29	52	34	43	17	23	29	62	18	15	6	49	19	14	43	48	45	38	19	10	36	22	34	18	6	16	16	29	38	56	16	37	4	43	50	18	35	55	23	32	57	61	55	56	44	34	47	49	25	7	
43	24	49	66	25	49	36	31	60	27	37	49	27	18	24	6	27	26	26	21	45	3	22	61	66	16	26	38	0	55	22	15	51	61	54	54	71	23	63	36	47	45	22	56	56	49	43	40	31	68	64	22	51	32	65	20	51	65	70	53	41	44	52	54	49	42	20	32	21	26	46	22	55	41	54	43	54	34	62	10	29	54	26	39	40	51	38	50	48	29	54	43	33	25	66	19	12	45	40	48	44	
72	34	16	18	31	18	43	41	20	40	68	24	61	53	36	58	48	55	58	51	27	55	36	15	14	57	30	27	55	0	50	41	24	23	18	23	32	32	9	33	15	49	58	7	24	21	38	69	50	26	21	34	38	31	16	38	4	21	40	13	14	27	34	15	15	33	56	43	42	46	32	40	10	23	16	23	25	21	11	49	59	29	38	31	34	35	17	16	44	50	7	52	64	62	34	50	45	35	43	7	28	
65	17	52	56	32	53	51	46	63	11	59	56	49	39	14	29	5	5	47	41	31	20	32	51	65	10	22	25	22	50	0	14	38	65	58	60	76	23	56	21	50	61	43	49	62	54	56	61	50	55	52	32	63	42	65	14	46	54	78	43	36	30	61	44	39	52	41	48	37	6	29	36	47	47	43	31	40	32	54	30	50	38	40	24	51	62	36	53	62	7	53	60	54	47	73	39	29	56	55	46	30	
53	8	39	51	18	40	36	31	51	13	47	42	37	26	9	21	17	20	35	27	30	14	18	46	54	16	12	22	15	41	14	0	36	53	45	46	63	10	49	21	37	47	32	42	48	41	41	49	36	52	48	17	48	27	54	5	37	50	64	38	27	28	47	39	34	38	29	33	23	15	31	22	41	33	38	27	38	20	48	17	37	38	25	23	37	47	25	41	47	20	42	46	42	36	59	25	15	42	40	35	29	
82	27	37	19	37	39	56	52	44	27	77	45	68	58	27	57	33	40	65	58	7	50	41	15	38	47	25	13	51	24	38	36	0	47	41	46	56	31	24	17	35	65	64	18	47	42	55	79	61	17	14	40	57	43	40	31	21	16	63	11	19	8	54	10	9	50	61	55	49	32	10	47	15	40	8	8	2	24	20	51	68	5	48	14	50	55	24	38	62	34	30	67	73	68	57	56	47	53	58	26	8	
63	48	13	38	36	13	35	36	3	56	61	13	58	53	51	62	64	70	55	50	49	63	39	38	14	69	43	47	61	23	65	53	47	0	7	8	10	42	28	52	15	36	57	30	6	12	26	61	44	48	44	39	21	29	11	51	25	43	17	36	31	48	17	38	38	24	55	37	42	62	54	41	33	20	39	44	48	33	32	53	55	51	37	51	26	19	29	12	30	67	16	40	58	60	11	50	49	23	32	21	49	
60	41	5	35	29	5	30	30	6	49	56	8	52	47	43	55	56	62	49	44	42	55	32	34	15	61	36	39	54	18	58	45	41	7	0	5	18	35	25	45	7	33	51	25	6	6	23	57	39	44	40	31	20	23	13	43	20	39	22	31	24	41	16	33	32	19	49	31	36	54	47	34	28	13	34	37	43	26	29	46	50	46	31	43	21	17	22	4	28	59	11	37	53	54	16	44	42	20	29	15	42	
56	43	9	41	29	7	27	28	8	51	53	5	50	45	46	55	59	65	47	42	46	55	32	39	20	63	38	43	54	23	60	46	46	8	5	0	17	36	31	48	11	29	49	30	2	5	19	53	36	50	45	31	15	22	17	46	25	45	18	36	28	46	11	38	37	16	47	29	34	57	52	33	33	13	39	41	48	29	34	45	47	51	29	47	18	12	25	8	23	62	16	33	50	52	13	42	42	16	25	20	47	
68	59	24	46	46	23	42	43	13	67	67	21	65	61	62	71	75	81	62	58	59	72	49	46	20	80	54	57	71	32	76	63	56	10	18	17	0	53	36	62	26	40	64	38	14	22	33	66	51	56	52	48	26	39	17	62	35	51	11	45	41	58	23	47	47	31	63	44	51	72	64	49	41	30	48	54	57	44	40	62	62	61	46	61	33	24	40	22	34	77	26	45	65	67	8	58	59	30	39	32	59	
52	8	29	43	10	29	31	26	41	17	46	32	37	27	11	27	23	28	35	27	26	23	12	38	44	26	5	18	23	32	23	10	31	42	35	36	53	0	40	20	27	41	33	33	38	31	33	48	32	46	42	11	39	19	44	9	28	43	54	30	18	24	38	32	27	29	30	28	19	21	29	18	32	24	31	22	34	11	39	20	37	34	20	21	29	38	15	30	40	26	32	41	42	37	49	25	16	33	34	25	25	
81	41	24	10	40	27	52	50	25	45	77	33	71	62	42	66	52	60	67	60	29	63	45	10	16	64	37	31	63	9	56	49	24	28	25	31	36	40	0	37	24	58	68	7	31	30	47	78	59	20	16	43	46	40	19	45	12	15	45	13	22	29	42	14	17	42	65	52	52	51	33	49	9	32	15	26	24	29	4	58	69	28	48	34	43	43	25	25	53	55	15	61	73	72	39	60	54	44	52	17	30	
72	13	39	35	29	41	50	45	49	10	66	46	57	46	12	42	16	23	54	47	10	34	32	30	48	30	14	5	36	33	21	21	17	52	45	48	62	20	37	0	37	60	52	30	50	43	52	68	52	34	31	31	56	38	49	16	29	33	67	23	21	9	54	24	19	47	49	48	39	15	10	38	27	38	22	10	19	20	34	38	57	18	40	3	47	54	23	41	59	18	37	61	62	56	61	45	35	51	53	30	9	
58	33	2	33	22	4	28	27	13	41	54	10	49	42	36	49	48	55	45	39	35	48	26	30	19	54	28	32	47	15	50	37	35	15	7	11	26	27	24	37	0	34	46	21	13	7	23	55	36	41	36	25	23	18	18	36	14	36	30	25	16	34	19	27	26	18	44	29	31	46	40	29	23	8	28	30	37	18	26	40	46	40	26	36	19	20	14	3	29	51	9	37	51	50	24	39	36	20	28	9	35	
28	49	33	67	31	31	10	15	37	58	27	25	27	29	52	42	63	67	25	25	63	48	29	64	49	60	46	56	45	49	61	47	65	36	33	29	40	41	58	60	34	0	29	55	30	28	10	26	14	74	69	30	14	22	46	49	48	69	33	58	45	61	18	60	57	15	29	13	24	61	67	25	57	26	60	58	67	41	60	34	24	69	21	60	14	17	40	33	6	66	43	5	25	30	32	27	34	13	7	42	62	
21	38	47	74	27	46	23	21	57	45	15	44	5	5	40	16	48	48	4	7	59	25	23	69	65	38	38	51	22	58	43	32	64	57	51	49	64	33	68	52	46	29	0	62	51	45	32	18	14	78	74	24	40	28	64	36	55	75	60	62	48	58	42	64	59	33	2	20	16	46	62	18	63	38	63	55	67	41	68	14	7	67	20	54	31	41	43	48	34	50	55	25	11	4	57	8	17	34	26	51	58	
77	34	22	12	34	25	48	46	27	38	73	31	65	57	35	60	45	52	62	55	22	56	39	8	20	56	30	24	56	7	49	42	18	30	25	30	38	33	7	30	21	55	62	0	31	28	44	74	55	19	14	38	44	36	22	38	7	14	47	7	15	22	40	8	10	39	59	48	46	44	27	44	3	29	9	19	19	22	6	52	64	22	43	27	40	42	19	23	51	47	14	58	69	66	41	54	48	42	49	12	23	
57	45	10	41	31	9	29	30	7	53	55	7	52	47	48	57	61	67	49	44	48	58	34	40	19	65	40	45	56	24	62	48	47	6	6	2	14	38	31	50	13	30	51	31	0	7	20	55	38	50	46	34	16	24	16	48	26	45	17	37	29	47	12	39	38	18	49	31	37	59	53	35	34	15	40	43	49	31	34	47	49	52	31	49	20	13	27	9	24	64	17	34	52	54	11	44	44	17	26	21	48	
54	37	5	39	24	3	24	24	12	46	50	3	46	41	40	50	53	59	43	38	42	50	26	37	21	57	33	38	49	21	54	41	42	12	6	5	22	31	30	43	7	28	45	28	7	0	17	51	33	47	43	26	16	17	19	40	21	42	24	32	23	41	12	34	33	13	43	25	30	51	47	28	30	7	35	37	44	23	32	40	43	47	25	42	15	13	20	5	23	56	15	32	47	48	18	38	37	14	23	16	42	
37	41	22	56	24	20	9	12	27	51	34	15	32	29	45	42	57	61	29	26	53	46	23	53	38	56	38	48	43	38	56	41	55	26	23	19	33	33	47	52	23	10	32	44	20	17	0	34	18	64	59	24	8	14	36	43	37	59	27	47	35	52	10	50	47	5	31	12	21	55	58	21	46	15	50	48	57	32	49	33	29	60	17	52	5	9	30	22	7	60	32	14	32	34	25	27	31	3	6	31	53	
3	55	55	86	41	53	26	28	61	62	3	49	13	22	57	34	65	66	14	21	74	43	37	82	72	56	54	67	40	69	61	49	79	61	57	53	66	48	78	68	55	26	18	74	55	51	34	0	18	91	87	38	40	37	70	53	67	87	59	74	60	73	43	77	72	37	20	26	29	64	78	31	75	46	77	70	81	54	80	32	11	83	31	70	35	42	55	55	32	68	64	21	7	15	58	23	34	37	28	61	74	
22	40	36	67	23	35	9	9	44	48	17	31	14	14	42	28	53	55	11	10	57	34	20	63	54	46	38	50	31	50	50	36	61	44	39	36	51	32	59	52	36	14	14	55	38	33	18	18	0	73	68	21	25	19	52	39	48	69	45	56	42	56	28	58	54	20	14	7	13	51	61	14	56	27	58	53	64	36	61	21	11	65	13	53	18	27	37	37	19	56	46	11	14	16	43	12	21	21	12	43	57	
95	44	42	10	51	44	67	64	45	44	90	51	82	73	44	73	50	57	79	72	24	67	55	10	36	64	41	30	68	26	55	52	17	48	44	50	56	46	20	34	41	74	78	19	50	47	64	91	73	0	5	54	64	54	39	48	26	5	65	16	31	25	60	14	19	58	76	66	63	49	26	61	17	48	15	25	15	37	16	66	81	17	60	31	59	61	36	43	70	51	33	77	86	83	59	70	62	61	68	32	25	
90	40	37	7	46	39	62	59	41	41	85	46	77	68	40	69	47	54	74	67	21	63	50	6	32	61	37	27	64	21	52	48	14	44	40	45	52	42	16	31	36	69	74	14	46	43	59	87	68	5	0	49	59	49	35	44	21	2	61	12	26	22	55	10	14	53	71	61	58	46	24	56	12	43	10	21	12	33	12	62	76	15	55	28	54	57	31	38	65	48	28	72	81	78	55	66	58	56	63	27	22	
42	19	26	49	3	26	20	15	37	28	36	26	28	19	22	24	33	37	25	17	36	24	1	45	44	32	16	29	22	34	32	17	40	39	31	31	48	11	43	31	25	30	24	38	34	26	24	38	21	54	49	0	31	10	43	19	31	50	48	37	23	34	30	39	34	20	21	17	9	31	39	7	38	18	39	32	43	16	44	15	27	44	9	32	19	30	18	27	30	36	33	30	32	28	43	16	11	24	23	27	35	
42	47	21	55	30	19	17	20	23	56	41	13	39	38	50	50	63	68	37	34	57	53	30	53	35	63	43	52	51	38	63	48	57	21	20	15	26	39	46	56	23	14	40	44	16	16	8	40	25	64	59	31	0	20	32	49	38	59	19	49	38	56	4	51	49	10	39	20	29	61	62	29	47	18	51	52	60	36	49	41	36	62	24	56	11	2	34	21	8	66	31	19	39	42	18	35	38	6	13	32	57	
41	27	19	48	9	18	13	9	29	36	36	17	30	24	30	32	43	47	27	21	40	34	10	44	37	43	24	34	32	31	42	27	43	29	23	22	39	19	40	38	18	22	28	36	24	17	14	37	19	54	49	10	20	0	36	28	29	50	37	37	23	39	19	39	36	10	26	12	13	41	45	11	37	10	40	36	46	18	42	23	28	47	8	38	9	20	18	20	21	46	27	23	33	32	33	21	20	14	15	23	40	
73	48	17	29	40	18	44	43	9	55	70	21	66	60	51	67	63	70	62	57	44	66	44	29	3	71	43	43	65	16	65	54	40	11	13	17	17	44	19	49	18	46	64	22	16	19	36	70	52	39	35	43	32	36	0	52	20	34	26	29	29	43	28	31	32	32	62	45	49	61	49	47	25	26	32	40	41	34	23	58	63	45	44	47	34	30	29	16	41	66	12	51	67	67	21	57	54	33	42	19	44	
57	4	38	47	18	38	39	34	49	9	51	42	41	31	4	26	14	19	39	31	25	19	20	42	51	18	8	17	20	38	14	5	31	51	43	46	62	9	45	16	36	49	36	38	48	40	43	53	39	48	44	19	49	28	52	0	34	45	64	34	24	23	47	35	30	39	34	36	26	12	26	25	37	33	34	23	34	18	44	22	42	33	28	18	38	48	22	39	49	17	40	49	47	40	58	30	19	43	42	33	24	
70	30	16	19	28	18	41	39	22	35	66	25	59	50	32	54	43	50	55	48	23	51	32	15	19	53	25	23	51	4	46	37	21	25	20	25	35	28	12	29	14	48	55	7	26	21	37	67	48	26	21	31	38	29	20	34	0	21	42	11	10	23	34	13	12	32	53	41	39	41	29	37	8	22	14	19	23	17	13	46	57	26	36	26	33	35	13	17	44	46	9	51	62	59	36	47	41	35	42	5	24	
91	41	37	5	47	39	63	60	40	43	86	46	78	69	42	70	49	56	75	68	23	65	51	5	31	63	38	29	65	21	54	50	16	43	39	45	51	43	15	33	36	69	75	14	45	42	59	87	69	5	2	50	59	50	34	45	21	0	60	13	27	24	55	11	16	54	72	62	59	48	26	57	12	43	11	23	14	34	11	63	77	17	56	30	55	56	32	38	65	50	28	72	82	79	54	67	59	56	63	27	24	
61	61	27	55	46	26	37	39	20	70	60	22	59	57	64	69	77	83	57	54	65	72	48	55	30	80	57	62	70	40	78	64	63	17	22	18	11	54	45	67	30	33	60	47	17	24	27	59	45	65	61	48	19	37	26	64	42	60	0	53	46	64	18	55	54	28	58	39	48	75	70	47	50	30	56	60	65	47	49	60	56	68	43	66	30	18	44	26	27	80	33	38	58	62	6	55	57	25	33	38	65	
78	30	27	13	34	29	50	47	33	32	73	35	65	56	31	57	39	47	62	55	15	52	38	8	27	52	26	18	53	13	43	38	11	36	31	36	45	30	13	23	25	58	62	7	37	32	47	74	56	16	12	37	49	37	29	34	11	13	53	0	14	15	45	2	4	42	59	49	46	38	20	44	4	32	3	13	12	21	10	50	64	15	43	21	43	46	19	28	54	41	20	60	69	66	47	54	46	45	51	16	16	
64	20	18	26	20	20	37	33	28	26	59	26	51	42	22	44	34	41	48	41	19	41	24	21	28	43	15	15	41	14	36	27	19	31	24	28	41	18	22	21	16	45	48	15	29	23	35	60	42	31	26	23	38	23	29	24	10	27	46	14	0	18	35	16	12	30	45	35	32	32	24	30	15	20	16	14	22	7	21	37	50	24	29	19	30	36	5	20	42	36	17	47	55	52	40	39	32	33	38	9	19	
77	20	36	26	32	38	52	48	45	19	71	44	62	52	19	49	25	32	59	52	1	42	36	22	42	39	19	6	44	27	30	28	8	48	41	46	58	24	29	9	34	61	58	22	47	41	52	73	56	25	22	34	56	39	43	23	23	24	64	15	18	0	53	15	12	47	55	50	44	24	6	42	20	38	14	4	10	20	26	44	62	10	43	6	47	54	22	38	59	26	32	63	67	62	58	50	41	51	54	26	1	
46	46	18	51	29	15	19	21	19	55	44	9	42	39	49	51	62	67	39	36	54	53	30	49	31	63	41	49	52	34	61	47	54	17	16	11	23	38	42	54	19	18	42	40	12	12	10	43	28	60	55	30	4	19	28	47	34	55	18	45	35	53	0	47	45	10	40	21	30	59	59	29	43	15	48	49	56	33	45	41	39	59	25	53	11	1	31	17	12	65	27	23	42	44	15	36	39	7	16	28	54	
80	31	29	12	36	31	53	49	35	33	75	38	67	58	32	59	40	47	64	57	15	54	40	7	28	53	27	19	54	15	44	39	10	38	33	38	47	32	14	24	27	60	64	8	39	34	50	77	58	14	10	39	51	39	31	35	13	11	55	2	16	15	47	0	5	44	61	51	48	38	19	46	5	34	1	13	10	23	10	52	66	14	45	21	45	48	21	30	56	42	22	62	71	68	49	56	48	47	53	18	16	
76	26	28	17	31	30	49	45	35	28	71	36	63	53	27	54	35	43	60	52	12	49	36	12	30	48	22	14	49	15	39	34	9	38	32	37	47	27	17	19	26	57	59	10	38	33	47	72	54	19	14	34	49	36	32	30	12	16	54	4	12	12	45	5	0	41	56	48	43	34	17	41	8	31	4	8	11	18	14	47	62	14	41	17	42	46	17	29	54	37	21	59	67	63	48	51	43	45	50	17	12	
40	37	17	51	20	15	11	12	24	46	37	11	34	30	40	41	53	58	31	26	48	43	20	48	34	53	33	43	42	33	52	38	50	24	19	16	31	29	42	47	18	15	33	39	18	13	5	37	20	58	53	20	10	10	32	39	32	54	28	42	30	47	10	44	41	0	31	13	20	51	53	19	41	10	45	43	52	27	44	31	31	54	15	47	2	9	25	18	12	56	27	19	34	36	24	27	29	4	10	26	48	
23	36	45	71	25	44	21	19	55	42	17	42	7	2	38	14	45	46	6	5	56	23	20	67	63	36	36	48	20	56	41	29	61	55	49	47	63	30	65	49	44	29	2	59	49	43	31	20	14	76	71	21	39	26	62	34	53	72	58	59	45	55	40	61	56	31	0	18	13	43	59	15	60	36	61	53	64	38	66	11	9	65	18	51	29	40	40	46	33	48	53	25	13	7	56	5	14	33	25	48	55	
29	36	29	60	18	27	3	2	37	45	25	24	21	17	39	30	50	53	18	14	52	35	16	56	47	46	33	45	32	43	48	33	55	37	31	29	44	28	52	48	29	13	20	48	31	25	12	26	7	66	61	17	20	12	45	36	41	62	39	49	35	50	21	51	48	13	18	0	11	48	55	11	49	20	52	47	57	30	54	22	18	59	8	48	11	21	30	29	15	53	38	13	22	23	37	15	20	14	7	35	51	
33	26	32	58	12	31	14	10	42	35	27	29	19	11	29	20	40	42	16	8	45	24	7	54	50	35	25	38	21	42	37	23	49	42	36	34	51	19	52	39	31	24	16	46	37	30	21	29	13	63	58	9	29	13	49	26	39	59	48	46	32	44	30	48	43	20	13	11	0	38	48	2	47	23	48	41	52	25	52	11	18	53	5	41	18	30	27	33	26	43	39	23	23	20	45	8	9	23	18	35	44	
67	13	48	50	31	49	51	46	60	5	61	53	51	41	10	33	2	8	49	42	25	24	32	45	60	16	18	19	26	46	6	15	32	62	54	57	72	21	51	15	46	61	46	44	59	51	55	64	51	49	46	31	61	41	61	12	41	48	75	38	32	24	59	38	34	51	43	48	38	0	23	37	42	45	37	25	34	28	49	32	52	32	40	18	50	60	32	50	61	5	49	61	57	50	70	40	30	55	54	42	24	
81	23	42	29	37	44	58	53	51	19	76	50	66	56	22	52	24	31	64	56	5	44	41	25	47	39	23	10	46	32	29	31	10	54	47	52	64	29	33	10	40	67	62	27	53	47	58	78	61	26	24	39	62	45	49	26	29	26	70	20	24	6	59	19	17	53	59	55	48	23	0	46	24	44	18	10	11	26	30	48	66	9	48	7	53	60	28	44	65	25	38	68	71	66	64	54	44	57	60	32	5	
35	25	30	56	9	29	14	9	40	34	29	28	21	13	28	21	39	42	18	11	43	24	5	51	48	35	23	36	22	40	36	22	47	41	34	33	49	18	49	38	29	25	18	44	35	28	21	31	14	61	56	7	29	11	47	25	37	57	47	44	30	42	29	46	41	19	15	11	2	37	46	0	44	21	46	39	50	23	50	12	20	51	4	39	17	29	25	31	26	42	37	24	25	22	43	10	9	22	18	32	43	
78	33	25	11	35	27	50	47	30	36	74	33	66	57	34	59	43	50	63	56	19	55	39	7	23	55	29	22	55	10	47	41	15	33	28	33	41	32	9	27	23	57	63	3	34	30	46	75	56	17	12	38	47	37	25	37	8	12	50	4	15	20	43	5	8	41	60	49	47	42	24	44	0	31	6	17	16	22	7	52	65	19	44	25	42	44	19	25	53	45	17	60	70	67	44	55	48	44	50	14	20	
49	31	9	41	16	8	20	18	19	40	45	8	40	34	34	42	47	53	37	31	39	42	19	38	27	50	26	34	41	23	47	33	40	20	13	13	30	24	32	38	8	26	38	29	15	7	15	46	27	48	43	18	18	10	26	33	22	43	30	32	20	38	15	34	31	10	36	20	23	45	44	21	31	0	34	34	42	18	34	32	37	44	18	38	11	16	16	10	22	50	18	29	42	41	25	31	29	13	19	16	39	
80	30	30	13	36	32	53	49	36	32	75	38	67	58	31	58	39	46	64	57	13	53	40	8	29	52	27	18	54	16	43	38	8	39	34	39	48	31	15	22	28	60	63	9	40	35	50	77	58	15	10	39	51	40	32	34	14	11	56	3	16	14	48	1	4	45	61	52	48	37	18	46	6	34	0	12	9	22	12	51	66	13	45	19	46	49	21	31	57	40	23	63	71	68	50	55	47	48	54	19	14	
74	19	32	25	29	34	49	45	41	20	69	40	60	50	19	48	26	34	57	49	5	42	33	20	38	40	17	6	43	23	31	27	8	44	37	41	54	22	26	10	30	58	55	19	43	37	48	70	53	25	21	32	52	36	40	23	19	23	60	13	14	4	49	13	8	43	53	47	41	25	10	39	17	34	12	0	11	17	23	42	59	12	40	8	43	50	18	33	55	28	28	59	64	60	54	48	39	47	51	22	5	
85	30	39	18	40	41	59	55	45	29	80	47	71	61	30	60	35	42	68	60	9	53	44	14	39	49	28	16	54	25	40	38	2	48	43	48	57	34	24	19	37	67	67	19	49	44	57	81	64	15	12	43	60	46	41	34	23	14	65	12	22	10	56	10	11	52	64	57	52	34	11	50	16	42	9	11	0	27	20	54	70	3	51	16	53	57	27	40	64	36	32	69	75	71	59	59	50	56	60	28	10	
58	15	20	33	13	21	32	28	31	22	53	26	44	35	17	37	30	36	41	34	21	34	17	29	33	37	10	16	34	21	32	20	24	33	26	29	44	11	29	20	18	41	41	22	31	23	32	54	36	37	33	16	36	18	34	18	17	34	47	21	7	20	33	23	18	27	38	30	25	28	26	23	22	18	22	17	27	0	28	29	43	29	23	20	27	34	4	22	39	33	21	42	48	45	42	33	25	31	34	14	21	
83	40	27	6	41	29	54	52	29	43	79	35	72	63	41	66	50	57	68	61	26	62	45	6	20	62	36	29	62	11	54	48	20	32	29	34	40	39	4	34	26	60	68	6	34	32	49	80	61	16	12	44	49	42	23	44	13	11	49	10	21	26	45	10	14	44	66	54	52	49	30	50	7	34	12	23	20	28	0	58	70	24	49	31	46	46	25	27	56	52	17	63	75	72	43	60	54	47	54	18	26	
35	24	41	63	18	40	25	21	52	31	29	40	19	9	26	9	33	35	17	11	46	13	14	58	59	25	25	38	10	49	30	17	51	53	46	45	62	20	58	38	40	34	14	52	47	40	33	32	21	66	62	15	41	23	58	22	46	63	60	50	37	44	41	52	47	31	11	22	11	32	48	12	52	32	51	42	54	29	58	0	20	54	16	40	30	41	32	42	37	36	48	32	25	18	56	9	4	35	29	42	45	
15	43	47	76	30	45	20	19	55	51	9	42	3	11	46	23	54	55	3	10	63	32	26	72	65	45	43	56	29	59	50	37	68	55	50	47	62	37	69	57	46	24	7	64	49	43	29	11	11	81	76	27	36	28	63	42	57	77	56	64	50	62	39	66	62	31	9	18	18	52	66	20	65	37	66	59	70	43	70	20	0	71	21	58	29	38	45	47	29	57	56	19	5	6	54	12	22	32	23	52	63	
86	30	42	22	41	44	61	57	49	28	81	50	72	62	29	59	33	40	69	61	8	52	45	18	42	48	29	16	54	29	38	38	5	51	46	51	61	34	28	18	40	69	67	22	52	47	60	83	65	17	15	44	62	47	45	33	26	17	68	15	24	10	59	14	14	54	65	59	53	32	9	51	19	44	13	12	3	29	24	54	71	0	52	15	55	60	29	43	67	34	35	71	76	72	62	60	50	58	62	31	9	
34	28	27	55	10	26	11	6	37	37	29	24	22	16	31	25	42	45	19	13	44	29	8	51	45	39	25	37	26	38	40	25	48	37	31	29	46	20	48	40	26	21	20	43	31	25	17	31	13	60	55	9	24	8	44	28	36	56	43	43	29	43	25	45	41	15	18	8	5	40	48	4	44	18	45	40	51	23	49	16	21	52	0	41	13	25	24	28	22	45	35	21	25	24	39	13	14	18	14	31	44	
73	15	38	32	30	40	51	46	48	13	68	45	58	48	14	45	19	26	56	48	7	37	33	27	45	33	15	4	39	31	24	23	14	51	43	47	61	21	34	3	36	60	54	27	49	42	52	70	53	31	28	32	56	38	47	18	26	30	66	21	19	6	53	21	17	47	51	48	41	18	7	39	25	38	19	8	16	20	31	40	58	15	41	0	47	54	22	39	59	20	35	61	63	58	60	46	37	51	53	29	6	
38	37	19	52	19	17	9	10	26	46	35	13	32	28	40	39	52	57	29	24	48	42	19	49	36	52	33	43	40	34	51	37	50	26	21	18	33	29	43	47	19	14	31	40	20	15	5	35	18	59	54	19	11	9	34	38	33	55	30	43	30	47	11	45	42	2	29	11	18	50	53	17	42	11	46	43	53	27	46	30	29	55	13	47	0	11	25	19	12	55	29	17	32	34	26	25	27	5	8	27	48	
45	46	19	53	29	17	18	21	20	55	43	10	41	39	49	50	62	67	38	35	55	53	30	51	32	63	42	50	51	35	62	47	55	19	17	12	24	38	43	54	20	17	41	42	13	13	9	42	27	61	57	30	2	20	30	48	35	56	18	46	36	54	1	48	46	9	40	21	30	60	60	29	44	16	49	50	57	34	46	41	38	60	25	54	11	0	32	18	11	65	28	21	41	43	16	36	39	6	15	30	55	
59	19	16	30	15	17	32	28	27	26	54	22	46	38	22	41	34	41	43	36	23	38	20	26	29	41	14	18	38	17	36	25	24	29	22	25	40	15	25	23	14	40	43	19	27	20	30	55	37	36	31	18	34	18	29	22	13	32	44	19	5	22	31	21	17	25	40	30	27	32	28	25	19	16	21	18	27	4	25	32	45	29	24	22	25	32	0	18	37	37	17	42	50	47	38	35	28	29	33	10	23	
58	36	1	34	25	2	29	28	10	44	55	8	50	44	39	51	52	58	47	41	38	51	28	32	17	57	31	35	50	16	53	41	38	12	4	8	22	30	25	41	3	33	48	23	9	5	22	55	37	43	38	27	21	20	16	39	17	38	26	28	20	38	17	30	29	18	46	29	33	50	44	31	25	10	31	33	40	22	27	42	47	43	28	39	19	18	18	0	28	55	10	37	51	51	20	41	38	19	28	12	39	
34	48	28	62	30	26	12	16	31	57	33	20	32	32	51	45	64	68	30	29	60	50	29	60	43	61	45	55	48	44	62	47	62	30	28	23	34	40	53	59	29	6	34	51	24	23	7	32	19	70	65	30	8	21	41	49	44	65	27	54	42	59	12	56	54	12	33	15	26	61	65	26	53	22	57	55	64	39	56	37	29	67	22	59	12	11	37	28	0	67	38	11	31	35	26	30	36	8	7	38	60	
72	19	54	53	36	55	56	51	65	10	65	58	55	45	16	36	3	6	54	47	27	27	37	48	65	17	23	23	29	50	7	20	34	67	59	62	77	26	55	18	51	66	50	47	64	56	60	68	56	51	48	36	66	46	66	17	46	50	80	41	36	26	65	42	37	56	48	53	43	5	25	42	45	50	40	28	36	33	52	36	57	34	45	20	55	65	37	55	67	0	53	66	61	54	75	45	35	60	60	46	26	
67	36	9	24	30	12	38	36	13	43	63	18	58	50	39	57	51	58	55	48	33	55	34	22	11	59	31	32	54	7	53	42	30	16	11	16	26	32	15	37	9	43	55	14	17	15	32	64	46	33	28	33	31	27	12	40	9	28	33	20	17	32	27	22	21	27	53	38	39	49	38	37	17	18	23	28	32	21	17	48	56	35	35	35	29	28	17	10	38	53	0	46	60	59	27	48	44	29	37	7	33	
23	49	36	70	31	34	10	15	42	58	22	29	23	25	52	39	63	66	21	22	64	46	29	67	53	58	46	57	43	52	60	46	67	40	37	33	45	41	61	61	37	5	25	58	34	32	14	21	11	77	72	30	19	23	51	49	51	72	38	60	47	63	23	62	59	19	25	13	23	61	68	24	60	29	63	59	69	42	63	32	19	71	21	61	17	21	42	37	11	66	46	0	20	26	37	24	32	17	9	45	64	
10	48	51	81	35	49	23	23	59	56	4	46	6	15	50	27	58	59	7	15	68	36	31	77	69	49	48	61	33	64	54	42	73	58	53	50	65	42	73	62	51	25	11	69	52	47	32	7	14	86	81	32	39	33	67	47	62	82	58	69	55	67	42	71	67	34	13	22	23	57	71	25	70	42	71	64	75	48	75	25	5	76	25	63	32	41	50	51	31	61	60	20	0	8	57	17	27	35	26	56	68	
18	43	50	78	31	49	25	24	60	49	12	47	2	9	44	19	51	51	5	11	63	28	27	74	69	41	43	55	25	62	47	36	68	60	54	52	67	37	72	56	50	30	4	66	54	48	34	15	16	83	78	28	42	32	67	40	59	79	62	66	52	62	44	68	63	36	7	23	20	50	66	22	67	41	68	60	71	45	72	18	6	72	24	58	34	43	47	51	35	54	59	26	8	0	59	12	21	37	28	55	63	
60	56	21	49	41	20	34	36	14	64	59	16	57	54	59	65	72	78	54	51	59	67	43	49	24	75	51	56	66	34	73	59	57	11	16	13	8	49	39	61	24	32	57	41	11	18	25	58	43	59	55	43	18	33	21	58	36	54	6	47	40	58	15	49	48	24	56	37	45	70	64	43	44	25	50	54	59	42	43	56	54	62	39	60	26	16	38	20	26	75	27	37	57	59	0	51	53	22	31	32	59	
27	31	40	66	19	39	18	15	50	39	21	37	12	3	34	15	42	44	9	2	51	22	15	61	58	34	31	44	19	50	39	25	56	50	44	42	58	25	60	45	39	27	8	54	44	38	27	23	12	70	66	16	35	21	57	30	47	67	55	54	39	50	36	56	51	27	5	15	8	40	54	10	55	31	55	48	59	33	60	9	12	60	13	46	25	36	35	41	30	45	48	24	17	12	51	0	10	29	22	43	51	
37	21	37	59	14	37	24	19	48	28	31	37	21	11	23	13	32	34	19	12	42	14	10	54	55	26	21	34	12	45	29	15	47	49	42	42	59	16	54	35	36	34	17	48	44	37	31	34	21	62	58	11	38	20	54	19	41	59	57	46	32	41	39	48	43	29	14	20	9	30	44	9	48	29	47	39	50	25	54	4	22	50	14	37	27	39	28	38	36	35	44	32	27	21	53	10	0	32	28	38	41	
40	41	19	53	24	17	12	14	24	50	37	12	35	32	44	44	57	62	32	28	52	47	24	51	35	57	37	47	45	35	56	42	53	23	20	16	30	33	44	51	20	13	34	42	17	14	3	37	21	61	56	24	6	14	33	43	35	56	25	45	33	51	7	47	45	4	33	14	23	55	57	22	44	13	48	47	56	31	47	35	32	58	18	51	5	6	29	19	8	60	29	17	35	37	22	29	32	0	9	29	52	
31	42	27	60	24	25	4	8	33	51	28	21	26	25	45	38	57	60	23	21	56	43	22	57	44	54	39	49	40	43	55	40	58	32	29	25	39	34	52	53	28	7	26	49	26	23	6	28	12	68	63	23	13	15	42	42	42	63	33	51	38	54	16	53	50	10	25	7	18	54	60	18	50	19	54	51	60	34	54	29	23	62	14	53	8	15	33	28	7	60	37	9	26	28	31	22	28	9	0	36	55	
65	29	11	24	24	13	36	33	19	36	60	19	54	46	31	51	44	50	50	44	27	48	28	21	18	52	24	25	48	7	46	35	26	21	15	20	32	25	17	30	9	42	51	12	21	16	31	61	43	32	27	27	32	23	19	33	5	27	38	16	9	26	28	18	17	26	48	35	35	42	32	32	14	16	19	22	28	14	18	42	52	31	31	29	27	30	10	12	38	46	7	45	56	55	32	43	38	29	36	0	27	
77	20	37	27	33	39	53	49	46	19	72	45	63	53	20	50	25	32	60	52	1	43	37	22	42	39	19	7	44	28	30	29	8	49	42	47	59	25	30	9	35	62	58	23	48	42	53	74	57	25	22	35	57	40	44	24	24	24	65	16	19	1	54	16	12	48	55	51	44	24	5	43	20	39	14	5	10	21	26	45	63	9	44	6	48	55	23	39	60	26	33	64	68	63	59	51	41	52	55	27	0	

