10  150
5	65	97	3	12	56	99	37	99	11	48	49	69	20	33	59	53	84	15	26	9	78	72	65	78	50	100	20	100	30	1	44	66	43	66	40	13	79	62	31	37	26	54	80	26	22	68	53	97	17	5	45	36	12	38	39	11	73	93	49	86	71	36	93	81	49	79	63	7	78	27	27	45	100	69	33	68	6	45	59	87	65	89	59	38	37	74	73	54	1	71	34	69	23	38	42	91	85	51	50	80	24	6	13	85	76	83	62	61	97	16	50	28	39	60	18	90	57	95	50	82	35	51	49	54	93	9	10	64	72	51	22	93	53	16	67	45	16	41	60	52	84	33	90	52	66	62	13	44	40	
16	43	96	94	4	7	25	55	54	6	98	44	99	42	88	69	73	60	40	95	38	61	63	24	53	35	21	88	93	76	29	23	59	19	27	11	52	63	44	48	83	30	17	50	70	11	85	38	100	52	16	6	26	39	95	39	36	30	23	64	4	80	54	6	45	33	34	35	74	12	52	75	6	73	75	57	91	71	79	94	22	93	45	55	8	11	27	15	46	10	75	67	99	36	5	54	3	30	4	33	98	89	67	8	37	16	52	47	43	6	47	36	66	25	27	65	39	31	17	6	48	3	23	86	35	99	47	100	60	48	50	84	8	71	84	81	96	31	58	16	59	39	42	29	64	79	91	75	30	97	
100	31	11	25	40	26	23	63	22	41	50	14	16	86	39	74	80	97	1	81	30	76	27	36	95	3	49	79	95	39	43	46	89	74	9	84	28	8	25	63	50	41	8	46	73	49	81	55	5	22	78	18	34	58	86	1	16	54	59	38	24	27	93	54	77	84	16	78	16	68	59	73	30	27	74	52	20	1	77	14	92	89	54	86	64	3	30	80	94	43	34	60	90	24	51	41	33	76	11	98	61	58	93	11	39	95	88	31	84	86	20	88	48	97	58	20	41	73	5	59	93	99	17	39	35	30	37	66	6	33	77	22	51	45	51	32	33	5	96	75	21	62	61	57	62	9	24	46	15	41	
9	66	58	12	56	61	29	64	27	28	20	1	97	21	98	12	9	35	44	81	46	62	14	5	1	41	97	54	89	77	64	100	96	67	11	43	99	100	68	56	49	68	82	91	59	56	44	57	95	56	84	16	90	65	76	3	94	100	99	28	91	22	95	55	71	72	53	15	100	25	80	55	84	65	72	83	56	78	61	96	93	75	41	65	81	44	45	62	49	36	87	92	75	76	41	29	93	28	62	17	15	91	17	24	67	43	52	19	81	29	47	58	36	10	84	53	78	53	89	5	26	90	61	71	85	27	66	59	74	26	94	5	3	47	61	43	86	63	59	9	32	43	27	88	14	22	58	66	41	34	
5	67	40	45	100	59	70	53	60	98	78	96	85	100	26	31	24	6	81	28	11	27	9	43	57	48	67	11	87	58	34	22	17	2	58	24	58	12	83	24	40	17	24	8	46	89	50	71	42	24	46	81	3	15	15	43	19	15	92	18	73	50	24	39	76	78	1	91	70	54	78	98	55	98	83	73	70	23	42	88	82	22	28	6	8	77	58	48	25	80	35	24	95	25	81	1	65	78	42	49	48	74	15	26	79	43	79	44	24	20	75	91	39	42	28	28	75	87	47	53	12	52	97	52	12	34	77	14	90	1	7	44	82	26	54	48	16	67	89	14	57	64	23	81	35	42	98	12	36	80	
96	43	49	55	33	64	61	94	90	73	88	64	77	62	41	31	60	95	95	2	46	14	93	4	64	50	21	94	45	64	97	61	21	96	30	28	49	65	55	87	98	66	25	96	85	29	69	73	2	90	78	95	31	20	37	55	79	80	76	87	28	30	44	98	40	80	79	25	6	99	86	59	85	70	93	44	16	11	93	6	48	44	50	8	82	46	68	96	52	43	6	24	61	98	40	24	76	50	47	18	17	49	27	25	36	52	13	70	10	15	15	45	75	62	28	21	88	47	48	75	71	3	47	27	8	95	27	40	56	57	15	92	49	43	25	62	39	72	35	52	59	91	16	73	57	36	56	26	94	18	
14	1	26	14	63	29	88	91	24	11	6	39	89	49	22	45	7	16	87	78	36	82	8	27	54	39	77	52	4	33	95	96	82	53	10	20	43	83	75	92	31	69	60	26	6	7	7	62	78	95	75	11	20	69	56	51	67	56	17	84	74	68	40	58	46	73	20	56	9	54	92	51	22	10	51	38	29	98	32	42	22	77	100	1	22	38	55	35	69	4	64	98	92	72	33	22	79	70	55	48	6	25	18	56	53	95	19	86	51	72	74	73	99	1	65	68	3	29	10	88	55	29	7	49	16	1	28	46	30	18	19	13	12	94	84	38	55	54	4	72	91	93	67	82	49	76	73	26	53	98	
78	61	95	40	38	86	30	27	34	28	28	56	17	58	30	74	76	70	39	80	50	88	100	40	96	40	90	73	33	76	91	16	71	48	39	14	55	46	45	38	13	8	79	89	59	80	92	95	30	63	94	32	5	17	51	9	98	57	17	30	54	11	61	70	52	79	14	93	55	56	3	36	80	66	69	90	56	67	57	1	37	69	86	35	20	32	52	11	66	81	4	51	50	15	38	61	40	28	27	86	41	36	73	42	4	23	60	93	25	100	15	52	41	83	60	79	47	97	33	73	44	5	3	6	40	62	24	10	4	9	62	64	18	94	50	90	4	41	93	2	84	46	81	25	39	39	39	21	44	68	
56	38	30	60	44	30	41	17	50	49	67	76	80	68	94	32	60	30	57	21	87	84	53	67	1	11	81	10	24	81	71	89	10	62	75	19	34	22	79	35	74	28	8	24	21	1	81	39	57	27	89	5	39	73	59	13	46	18	71	12	95	48	90	96	13	22	82	94	61	50	78	63	84	12	55	89	4	34	93	97	20	64	80	78	25	67	28	26	17	68	65	2	8	75	68	16	8	4	10	39	88	46	69	37	93	81	92	46	26	2	48	78	60	37	65	63	98	32	92	37	43	99	72	75	100	79	74	67	71	14	68	48	58	6	84	84	44	33	54	13	60	8	67	44	14	59	30	24	90	97	
85	69	81	67	55	69	83	45	81	55	1	74	19	56	92	94	58	24	9	78	31	48	59	17	73	48	47	58	16	66	9	58	44	36	16	40	30	62	50	24	63	80	30	18	81	39	89	38	31	63	87	44	64	47	55	62	95	35	54	79	15	36	45	78	10	42	62	5	65	71	71	30	100	31	14	99	22	11	25	33	44	2	4	76	51	50	56	43	62	38	55	81	73	19	63	83	26	81	59	61	83	57	93	45	74	86	39	85	66	31	55	40	42	31	17	30	38	36	49	22	7	82	2	39	91	43	8	66	38	38	78	27	59	17	42	14	68	18	19	57	89	95	12	83	74	29	9	83	28	26	
7452	2170	4975	6311	5284	3320	1482	5647	7484	6359	7182	6631	1111	2451	1550	7026	1761	3856	5389	6415	7285	1147	1455	3071	653	3986	6812	5113	6852	1751	5599	5860	3809	4450	6038	3747	5160	238	4899	1813	3103	4860	4027	7498	7188	2078	3703	5040	1403	2576	5698	3149	3252	5494	2940	3586	2474	654	3546	792	356	4292	6553	7189	1807	5545	6885	5688	2310	2791	6507	2842	741	7100	4981	2224	5683	5603	5992	4410	6598	484	5608	2146	4145	4626	6288	2604	3967	5304	7493	575	1178	495	2028	1565	1413	7423	3480	3750	1384	6336	7187	497	4612	2296	6997	1812	2704	4020	7493	2313	5320	5716	4923	5853	4484	1936	3182	4580	1083	2148	820	215	1571	563	534	2581	961	2036	6921	3759	1679	7399	4329	4474	2399	6910	7260	1665	6452	4389	3792	6406	6267	1495	3681	1116	891	1981	
0	41	64	76	41	46	39	71	44	79	44	45	18	67	63	67	54	73	56	31	50	48	60	51	97	18	56	46	71	26	55	66	45	67	54	50	25	65	53	30	88	13	80	71	61	57	87	66	43	66	48	55	58	89	25	48	55	52	46	65	62	41	67	35	59	57	77	55	49	32	54	62	72	67	63	34	62	35	48	68	43	42	57	59	43	36	63	53	54	89	78	56	44	70	27	56	72	34	75	44	62	49	72	68	35	69	49	61	83	62	51	76	32	81	64	69	58	23	73	71	81	45	46	65	27	64	71	77	56	70	40	58	61	70	73	92	74	33	49	79	15	70	38	44	22	72	83	45	44	57	36	
41	0	54	61	27	26	29	54	46	41	3	5	29	29	45	41	32	36	20	19	10	29	38	15	64	22	20	42	39	21	32	27	27	62	14	37	35	38	53	12	56	32	57	31	21	19	54	28	40	38	27	28	59	54	17	32	58	11	10	42	39	44	27	37	31	16	43	15	34	11	18	20	63	57	45	17	52	34	24	43	46	48	41	23	32	21	24	58	53	59	45	40	40	69	14	52	31	18	42	42	29	24	31	29	37	35	24	29	46	20	29	37	16	47	46	61	53	18	37	39	50	36	46	66	30	54	43	51	23	52	34	60	54	42	32	61	44	22	9	58	27	58	35	38	19	54	47	26	38	29	5	
64	54	0	13	28	27	28	12	20	50	55	53	46	48	13	26	24	50	43	40	52	25	21	45	51	57	42	17	36	43	25	74	27	8	61	17	39	27	13	50	44	51	24	75	66	46	47	47	20	29	27	31	15	50	59	22	18	54	46	21	21	23	74	28	30	59	43	52	20	47	43	60	9	3	12	39	2	28	30	24	22	25	13	43	24	35	50	20	13	42	42	15	19	17	57	9	58	39	40	19	37	31	60	54	28	38	31	36	53	60	25	55	42	43	13	6	7	54	46	36	38	20	18	18	37	0	29	28	39	14	25	16	4	29	62	44	35	36	62	22	53	6	26	20	58	13	49	28	20	31	57	
76	61	13	0	38	36	38	7	33	47	62	59	58	48	16	25	29	48	47	50	57	33	24	49	42	67	46	30	34	53	30	78	36	16	65	27	51	27	26	60	36	63	15	77	69	50	40	48	33	28	35	35	27	43	69	31	30	59	52	21	23	36	77	41	33	63	39	56	29	57	47	63	11	10	16	49	14	40	37	22	35	38	21	45	34	45	52	33	26	33	38	22	32	24	67	22	58	49	37	32	39	37	60	54	41	37	37	38	49	63	32	54	52	38	15	11	20	64	45	34	32	31	32	27	49	13	26	21	42	10	36	28	17	26	63	35	31	46	68	12	65	7	38	31	68	8	45	37	32	34	65	
41	27	28	38	0	5	4	31	19	42	29	27	22	34	23	26	13	39	24	12	28	7	19	22	57	29	23	14	32	15	15	51	4	35	37	11	20	24	25	22	48	27	38	53	43	26	48	33	13	25	7	16	32	50	31	7	31	30	21	24	20	18	51	14	19	36	39	30	9	19	22	38	37	31	22	11	26	11	9	26	20	23	17	26	5	7	32	31	26	48	39	16	13	42	29	25	42	11	36	15	25	11	43	38	14	30	11	23	47	38	10	44	14	42	24	34	26	26	37	32	40	9	19	39	15	28	30	36	22	30	7	32	27	29	46	51	34	8	36	38	27	33	10	10	30	32	45	5	11	18	29	
46	26	27	36	5	0	9	29	22	37	28	26	27	29	20	21	8	34	20	15	25	3	14	19	52	33	18	17	26	19	9	48	1	35	34	10	25	19	27	24	42	32	34	50	40	22	43	28	17	20	2	11	33	45	33	5	33	28	19	19	16	22	48	19	14	33	33	27	7	21	18	35	37	30	20	13	25	16	4	22	24	27	15	21	8	9	28	34	28	43	34	14	16	43	31	26	37	13	30	18	20	6	39	33	19	25	6	18	41	35	5	39	16	37	21	34	27	29	32	26	35	11	22	41	20	27	25	31	17	27	12	34	27	24	41	46	29	12	34	34	31	31	15	13	32	29	40	1	14	12	29	
39	29	28	38	4	9	0	32	16	46	31	30	20	38	24	29	16	43	28	12	31	10	21	26	60	29	27	12	35	15	18	54	8	33	40	11	16	27	23	23	51	25	41	56	46	30	51	37	10	29	11	20	29	54	31	9	28	34	24	26	23	15	54	10	23	39	42	34	10	20	26	42	37	31	24	12	26	7	13	29	17	20	18	30	4	8	36	28	24	52	43	17	10	40	29	23	46	12	39	12	29	15	47	42	10	34	15	27	51	42	13	48	14	46	25	34	25	26	41	35	44	8	16	37	12	28	33	38	26	31	4	30	26	33	50	54	38	8	38	40	26	33	6	8	30	33	49	9	8	21	30	
71	54	12	7	31	29	32	0	30	41	55	52	53	41	9	17	22	41	39	43	49	26	16	42	39	61	38	26	27	47	22	70	29	19	58	21	47	20	25	53	32	58	12	69	62	42	35	41	29	21	28	27	27	38	62	24	30	52	45	14	16	33	70	36	25	55	33	49	22	50	39	55	15	11	9	42	12	35	30	15	32	36	14	38	28	38	44	32	25	30	32	15	27	27	60	21	50	42	30	28	31	30	53	47	36	30	30	30	43	55	25	47	45	33	8	14	19	57	38	27	26	25	29	30	44	12	19	16	35	2	31	28	16	20	55	32	25	40	60	9	59	8	33	26	61	1	39	30	27	26	58	
44	46	20	33	19	22	16	30	0	58	48	46	29	51	25	35	26	55	43	27	47	21	28	42	66	41	41	6	45	28	28	70	21	22	56	15	20	35	9	38	57	33	41	72	62	45	59	50	5	37	24	32	14	62	44	19	12	50	40	32	29	3	71	10	34	55	52	49	18	36	41	58	27	23	24	28	19	12	26	35	2	6	19	43	14	24	50	12	10	57	52	20	6	26	43	11	60	27	49	4	41	28	61	56	10	45	28	39	62	58	24	60	30	54	25	24	13	39	53	45	50	11	1	22	20	20	40	42	39	30	12	14	16	39	64	59	45	23	55	40	36	26	10	9	43	31	59	23	8	33	46	
79	41	50	47	42	37	46	41	58	0	40	37	62	12	37	24	32	5	22	47	31	37	30	27	25	62	23	52	13	52	30	40	38	59	34	43	62	23	59	49	19	66	33	36	33	22	15	13	53	21	35	26	64	14	58	39	65	31	33	28	29	59	39	56	24	30	8	27	40	47	25	26	56	50	38	44	49	53	33	26	60	64	39	19	45	44	18	66	59	23	10	38	52	68	55	55	15	45	10	54	17	32	17	14	56	13	32	19	4	26	34	8	47	10	37	55	55	57	5	13	17	47	57	68	56	50	21	26	22	38	49	65	53	21	19	25	16	47	40	36	63	49	52	49	59	40	6	37	50	25	47	
44	3	55	62	29	28	31	55	48	40	0	3	32	28	46	41	32	34	18	21	8	30	38	14	63	25	19	44	38	24	32	24	28	63	11	38	38	38	54	15	55	35	57	28	18	17	52	26	42	38	28	28	61	53	19	33	60	8	10	42	39	46	25	40	31	13	42	12	35	14	17	18	65	58	46	20	53	37	25	43	48	51	42	22	34	23	22	60	55	58	43	41	42	71	17	54	29	20	40	44	28	25	29	26	40	34	25	28	44	18	30	35	19	46	47	62	55	21	35	38	49	38	48	68	33	55	43	51	22	52	36	61	55	42	29	60	43	25	7	58	30	59	37	39	22	54	45	27	40	29	8	
45	5	53	59	27	26	30	52	46	37	3	0	33	25	43	38	30	31	15	21	5	28	35	11	60	27	16	42	35	24	29	24	26	61	10	36	38	35	53	16	52	36	54	27	17	14	49	23	41	35	25	25	59	50	21	31	58	6	7	39	36	45	25	39	28	12	38	10	33	15	14	16	62	55	43	19	51	36	23	40	47	50	40	19	32	22	19	58	53	55	40	39	41	69	19	52	26	20	37	43	25	22	26	24	39	31	22	25	41	16	28	32	18	43	44	59	53	22	32	35	46	36	46	66	32	53	40	48	19	50	34	60	53	39	27	57	40	24	8	55	31	56	36	38	24	52	42	25	38	26	10	
18	29	46	58	22	27	20	53	29	62	32	33	0	51	45	48	36	57	40	14	37	29	42	36	79	13	39	29	53	9	37	56	26	51	43	31	9	46	38	17	70	5	61	60	50	41	70	49	26	48	29	37	43	71	19	30	40	39	31	47	43	26	57	19	41	45	59	41	31	18	37	49	55	50	44	17	45	18	29	49	28	28	38	43	24	18	47	39	39	71	61	38	27	55	19	40	57	16	57	28	45	31	57	53	19	51	31	43	66	49	32	61	15	63	46	52	42	13	56	53	63	27	30	50	9	46	53	59	39	52	22	43	44	52	59	74	56	15	39	60	7	52	20	26	16	53	65	26	26	39	26	
67	29	48	48	34	29	38	41	51	12	28	25	51	0	34	23	25	6	11	37	19	29	26	15	36	50	11	45	14	41	23	31	30	56	23	36	52	21	53	38	28	55	37	29	24	10	25	1	45	19	27	18	59	25	46	31	60	20	21	26	26	51	31	48	17	19	15	15	33	35	13	17	55	49	35	33	46	45	25	25	52	56	35	8	37	33	6	61	54	32	17	34	44	65	43	50	10	34	15	47	10	23	12	6	48	11	23	12	16	17	26	10	35	19	35	53	51	45	7	14	24	39	50	65	46	48	22	30	12	38	41	60	50	21	14	34	19	36	28	39	52	48	44	41	47	40	17	29	42	18	35	
63	45	13	16	23	20	24	9	25	37	46	43	45	34	0	12	13	36	31	34	41	17	8	34	40	52	30	20	23	38	13	62	20	21	50	13	39	13	23	44	32	50	16	62	54	34	35	34	22	15	19	19	27	38	53	15	29	43	36	8	8	27	62	29	17	47	29	41	13	41	31	48	20	14	1	33	11	28	21	11	27	31	6	30	20	29	37	31	23	31	29	6	21	30	51	19	44	33	26	22	24	21	46	41	29	25	21	23	40	48	16	42	36	31	1	18	18	49	33	23	26	18	24	31	36	13	16	17	27	7	23	28	16	16	49	34	22	31	51	15	50	13	26	19	52	9	36	21	20	18	49	
67	41	26	25	26	21	29	17	35	24	41	38	48	23	12	0	12	24	23	36	34	19	7	27	31	53	22	29	10	40	11	53	21	34	42	21	45	3	35	43	22	53	16	52	45	25	23	23	31	3	19	13	39	26	52	19	41	36	31	4	6	37	53	37	10	38	17	32	19	39	24	38	32	26	13	33	24	34	19	2	37	41	16	21	26	30	27	43	35	22	17	15	30	43	49	31	33	34	14	32	14	18	35	29	37	12	18	13	27	38	16	30	36	19	13	30	30	49	21	10	15	26	34	44	41	26	4	10	19	14	30	40	29	4	38	25	10	33	45	17	53	25	33	27	52	17	24	22	28	12	45	
54	32	24	29	13	8	16	22	26	32	32	30	36	25	13	12	0	29	19	23	28	6	6	21	43	41	18	20	19	28	2	50	9	32	37	11	33	10	28	31	34	41	26	50	42	22	35	25	21	12	6	7	34	37	41	7	34	30	23	11	7	27	50	25	8	35	26	28	8	28	19	36	32	26	13	21	22	22	8	13	28	32	10	19	13	18	26	35	28	35	27	9	20	41	38	25	35	21	23	22	15	8	37	31	25	19	8	13	36	36	3	34	24	29	14	30	25	37	27	19	27	15	25	40	28	24	17	23	15	20	18	34	25	16	39	38	21	20	38	26	40	26	21	17	41	22	33	9	18	7	36	
73	36	50	48	39	34	43	41	55	5	34	31	57	6	36	24	29	0	17	43	25	34	29	22	30	56	17	49	14	47	27	35	35	58	28	40	58	22	57	44	24	61	36	31	28	17	20	7	50	21	32	23	62	19	52	36	63	26	27	28	28	56	34	53	21	24	11	21	37	41	19	21	56	50	37	39	48	50	30	26	57	61	38	14	42	39	12	65	57	28	13	37	49	67	49	54	10	40	12	51	14	28	12	9	53	11	28	16	9	21	31	5	42	15	37	54	53	51	3	14	20	44	54	68	52	50	22	28	17	39	46	63	52	21	15	30	18	42	34	38	58	49	49	46	54	41	11	34	47	22	41	
56	20	43	47	24	20	28	39	43	22	18	15	40	11	31	23	19	17	0	25	11	21	23	5	44	39	1	37	19	30	18	31	21	52	18	29	42	20	47	27	36	44	39	31	22	2	34	9	37	20	18	12	53	35	35	24	53	13	10	25	23	43	30	38	14	15	23	9	26	24	2	16	52	45	32	22	41	35	16	25	44	48	30	3	28	23	8	54	47	39	25	29	36	60	32	45	18	23	21	39	10	14	19	14	38	15	14	10	27	16	19	20	24	27	32	49	45	34	17	19	30	31	42	59	36	43	25	33	4	37	32	54	45	24	21	41	24	26	22	40	41	45	34	33	36	39	27	19	34	13	25	
31	19	40	50	12	15	12	43	27	47	21	21	14	37	34	36	23	43	25	0	24	18	29	22	65	18	25	24	39	5	24	46	14	46	31	23	17	33	35	10	56	18	50	49	38	27	56	35	22	34	17	24	41	57	19	19	39	26	18	34	31	25	46	18	27	32	45	28	21	8	23	36	49	43	34	3	38	15	16	37	27	29	29	28	16	5	33	39	36	58	47	28	22	52	17	35	43	2	43	24	31	17	44	39	18	37	17	29	52	36	20	46	2	49	35	46	37	14	42	39	49	20	27	49	11	40	40	46	25	42	16	42	38	39	46	60	43	4	29	49	17	45	16	20	18	43	51	14	21	25	19	
50	10	52	57	28	25	31	49	47	31	8	5	37	19	41	34	28	25	11	24	0	27	32	7	55	32	12	42	30	28	27	23	26	60	9	36	41	31	53	20	46	40	50	25	15	9	44	18	41	31	24	22	59	44	27	30	58	2	6	35	33	46	23	40	24	8	33	4	32	19	10	12	60	54	41	21	49	37	22	36	48	51	38	14	32	23	13	59	53	50	35	37	41	68	24	51	21	22	32	43	21	20	21	18	40	26	20	21	35	12	26	27	22	38	42	58	52	27	26	30	41	36	47	66	35	52	36	44	15	47	35	60	52	35	22	52	35	26	11	51	36	54	37	38	29	49	36	24	39	22	16	
48	29	25	33	7	3	10	26	21	37	30	28	29	29	17	19	6	34	21	18	27	0	12	21	50	36	20	16	25	22	8	50	3	32	36	8	26	17	25	27	41	34	32	52	42	24	41	28	16	18	2	11	32	43	36	2	31	30	21	17	13	22	50	19	13	35	32	29	5	24	20	37	34	27	17	16	22	16	5	19	23	27	12	22	8	12	29	32	26	41	33	11	15	40	34	24	38	16	29	17	20	7	40	34	19	24	7	18	41	37	3	39	19	35	18	31	24	32	32	25	33	10	21	38	22	25	23	29	18	24	12	32	25	22	42	44	27	14	37	31	34	28	15	12	35	26	39	4	13	12	32	
60	38	21	24	19	14	21	16	28	30	38	35	42	26	8	7	6	29	23	29	32	12	0	25	38	47	21	22	17	34	6	54	15	30	41	13	38	7	28	38	29	47	20	54	45	26	31	26	24	9	13	10	33	33	47	12	34	35	28	5	1	29	54	29	9	38	24	32	11	34	23	39	29	22	9	27	19	27	14	7	30	34	9	22	18	24	29	36	28	30	24	8	22	38	45	25	36	28	21	24	16	14	38	32	29	17	14	14	34	39	9	34	31	26	9	26	24	43	26	17	22	18	27	38	33	21	12	17	18	14	22	34	23	11	41	33	17	26	43	20	46	22	25	20	47	16	31	15	21	10	42	
51	15	45	49	22	19	26	42	42	27	14	11	36	15	34	27	21	22	5	22	7	21	25	0	49	34	5	36	24	26	20	29	20	53	16	29	39	24	47	22	41	40	43	30	21	5	39	14	36	24	18	14	53	40	30	24	53	9	5	28	26	41	29	36	17	14	28	7	26	19	3	16	53	47	34	19	43	33	15	29	43	46	31	8	27	20	11	53	47	44	30	30	35	61	27	45	21	20	26	38	14	14	22	17	36	20	14	14	32	16	19	25	20	32	34	51	45	29	22	24	35	31	41	60	33	45	29	37	8	39	30	54	46	28	24	46	29	23	18	44	36	47	32	32	31	42	32	18	33	15	20	
97	64	51	42	57	52	60	39	66	25	63	60	79	36	40	31	43	30	44	65	55	50	38	49	0	82	44	60	26	70	42	65	52	58	59	52	77	33	63	70	9	84	27	61	58	45	10	37	62	31	49	41	66	11	79	50	69	56	55	34	37	68	64	68	38	55	21	51	50	67	46	52	53	50	41	62	50	66	49	31	68	72	46	41	57	60	42	71	63	9	19	45	61	66	76	59	40	63	23	62	35	48	42	39	68	29	48	37	23	52	47	33	65	17	40	53	57	77	28	26	16	57	64	69	72	51	26	23	42	37	61	67	55	27	44	7	22	63	64	30	82	47	64	59	80	38	19	52	59	40	70	
18	22	57	67	29	33	29	61	41	62	25	27	13	50	52	53	41	56	39	18	32	36	47	34	82	0	39	40	56	14	42	48	32	62	36	40	22	51	49	12	73	12	68	53	43	39	72	48	37	52	34	41	55	73	7	37	53	33	28	52	49	38	49	30	44	39	61	37	39	14	37	43	66	60	52	20	55	29	34	55	40	40	47	42	33	23	45	51	50	75	62	46	38	67	9	51	54	19	59	39	46	34	54	51	30	53	34	45	66	43	38	59	17	65	53	63	53	5	56	56	66	37	41	63	20	57	57	64	40	60	32	55	55	56	55	78	60	21	31	68	6	62	31	37	4	61	66	32	37	42	18	
56	20	42	46	23	18	27	38	41	23	19	16	39	11	30	22	18	17	1	25	12	20	21	5	44	39	0	36	18	30	17	32	19	50	19	28	41	19	45	26	35	43	38	32	23	4	33	10	36	19	17	11	51	34	35	22	51	14	10	24	22	41	32	37	13	17	23	10	24	24	2	17	50	44	31	22	40	34	14	24	43	46	29	3	27	22	9	52	46	38	24	27	35	59	32	43	19	23	21	37	9	13	20	15	37	15	13	9	27	17	18	21	24	27	31	48	44	34	17	18	29	30	41	58	35	42	24	32	3	35	30	52	43	23	22	41	23	25	23	39	40	44	33	32	36	38	27	18	33	11	25	
46	42	17	30	14	17	12	26	6	52	44	42	29	45	20	29	20	49	37	24	42	16	22	36	60	40	36	0	39	26	22	66	16	22	51	9	21	29	10	35	51	33	37	67	57	40	53	44	3	31	18	26	17	56	43	13	16	45	36	26	23	7	66	10	28	50	46	44	12	33	36	53	26	20	19	25	16	11	21	29	8	12	14	38	9	21	45	16	11	51	46	14	2	27	41	11	54	24	43	2	35	23	56	50	10	39	23	33	56	53	18	54	27	48	20	23	13	37	47	39	44	5	5	24	20	17	34	37	34	26	8	17	15	33	58	54	39	20	50	35	36	23	9	4	41	26	53	18	3	27	43	
71	39	36	34	32	26	35	27	45	13	38	35	53	14	23	10	19	14	19	39	30	25	17	24	26	56	18	39	0	44	17	46	27	45	37	30	52	10	45	44	17	58	22	44	38	21	16	15	40	8	24	15	50	18	53	26	51	32	29	14	16	46	45	44	12	33	7	28	27	41	21	31	42	37	24	36	35	42	23	12	47	51	26	16	33	35	20	53	45	19	7	25	39	54	50	41	23	37	4	41	9	22	26	21	44	4	22	10	17	31	22	19	39	10	23	41	41	51	10	0	10	34	44	55	47	36	8	15	16	25	37	51	39	7	28	22	5	38	41	24	56	35	40	36	54	27	14	27	37	14	44	
26	21	43	53	15	19	15	47	28	52	24	24	9	41	38	40	28	47	30	5	28	22	34	26	70	14	30	26	44	0	29	48	19	48	34	26	14	38	36	10	61	13	54	52	41	32	61	40	23	39	21	29	42	62	16	23	40	30	22	39	35	25	49	18	32	36	50	32	25	9	28	40	52	46	38	8	41	16	21	41	28	29	32	33	19	10	38	39	37	63	52	32	24	54	15	37	47	7	48	25	36	22	48	44	18	42	22	34	57	40	24	51	6	54	39	49	39	11	47	44	54	23	28	50	9	43	44	51	30	46	18	43	41	44	50	65	48	7	31	54	12	48	17	23	15	47	56	18	23	30	20	
55	32	25	30	15	9	18	22	28	30	32	29	37	23	13	11	2	27	18	24	27	8	6	20	42	42	17	22	17	29	0	49	10	33	36	13	34	9	30	32	33	42	25	49	40	21	33	23	23	10	7	5	35	35	41	9	36	29	22	10	7	29	49	27	6	33	24	27	10	29	18	34	33	27	14	22	23	24	8	12	30	34	12	17	15	19	25	37	30	33	25	10	22	42	39	27	33	22	21	24	13	8	35	29	27	17	8	11	34	34	5	32	25	27	14	31	27	38	25	17	25	17	27	41	30	25	15	21	14	20	19	36	27	14	38	36	19	22	37	26	41	27	23	19	41	22	31	10	20	5	36	
66	27	74	78	51	48	54	70	70	40	24	24	56	31	62	53	50	35	31	46	23	50	54	29	65	48	32	66	46	48	49	0	49	83	14	59	62	50	76	39	59	58	68	6	8	28	55	31	65	50	48	43	82	54	41	53	82	20	30	56	54	69	1	63	45	15	46	22	55	38	31	15	83	76	63	43	72	60	45	55	71	74	61	32	56	46	26	82	77	63	48	59	64	91	39	74	25	44	46	67	39	43	23	26	63	42	43	40	42	15	49	32	43	50	63	80	75	44	38	46	55	60	70	89	57	74	54	61	35	68	58	83	75	53	21	65	51	48	17	70	53	76	60	61	44	70	46	48	62	44	30	
45	27	27	36	4	1	8	29	21	38	28	26	26	30	20	21	9	35	21	14	26	3	15	20	52	32	19	16	27	19	10	49	0	34	35	10	24	19	26	24	43	31	35	51	41	23	43	29	16	21	3	12	33	46	33	5	32	29	19	20	16	21	49	18	15	34	34	28	7	21	19	36	36	30	20	13	25	15	5	22	23	26	15	22	7	9	29	33	27	44	35	14	15	42	31	25	38	13	31	17	21	7	40	34	18	26	7	19	42	36	5	40	16	38	21	33	26	28	33	27	36	10	21	40	19	27	26	32	18	27	11	33	27	25	42	47	30	11	35	35	31	31	14	12	32	29	41	1	13	13	29	
67	62	8	16	35	35	33	19	22	59	63	61	51	56	21	34	32	58	52	46	60	32	30	53	58	62	50	22	45	48	33	83	34	0	69	24	42	35	13	57	51	55	31	83	74	55	54	56	25	37	35	39	11	57	65	30	14	63	54	30	30	25	82	32	39	67	51	61	27	54	51	68	6	8	21	46	10	33	38	32	23	26	21	51	30	42	58	17	12	49	50	23	24	8	63	11	66	45	48	23	46	39	68	62	32	47	39	44	62	68	33	64	48	51	21	5	9	59	55	45	45	25	21	11	42	8	37	35	48	21	30	12	7	37	71	51	43	42	69	28	58	11	31	25	63	20	57	36	25	39	64	
54	14	61	65	37	34	40	58	56	34	11	10	43	23	50	42	37	28	18	31	9	36	41	16	59	36	19	51	37	34	36	14	35	69	0	45	49	39	62	26	51	46	57	17	7	16	48	22	50	38	34	30	68	48	30	39	68	6	15	44	42	55	14	49	32	4	38	9	41	25	18	8	69	63	50	29	59	46	31	44	57	60	47	21	41	32	17	68	62	55	40	46	50	77	27	60	21	30	38	52	28	30	20	20	49	33	30	28	38	8	35	28	29	42	50	67	61	32	31	37	47	46	56	75	43	61	43	51	23	55	44	69	62	42	20	57	42	34	6	59	41	63	46	47	32	57	40	33	48	31	18	
50	37	17	27	11	10	11	21	15	43	38	36	31	36	13	21	11	40	29	23	36	8	13	29	52	40	28	9	30	26	13	59	10	24	45	0	26	20	17	33	43	36	30	60	50	32	44	36	10	22	11	18	23	47	42	5	23	38	30	17	14	16	59	16	19	43	37	37	3	30	28	45	26	20	13	22	15	14	14	21	17	21	7	29	7	18	37	24	18	43	37	7	9	32	40	15	46	22	34	11	26	15	47	42	16	30	15	24	47	45	10	46	25	39	14	23	16	37	38	30	36	5	14	30	22	17	25	29	25	20	10	24	17	25	50	46	31	19	45	29	37	22	12	6	41	21	44	11	7	18	39	
25	35	39	51	20	25	16	47	20	62	38	38	9	52	39	45	33	58	42	17	41	26	38	39	77	22	41	21	52	14	34	62	24	42	49	26	0	44	29	24	67	13	56	66	56	44	68	51	18	45	27	36	34	70	28	26	31	43	35	43	39	17	63	10	39	50	59	45	26	24	40	53	47	42	39	20	37	11	28	46	19	18	33	44	19	19	50	29	30	68	59	33	19	46	28	31	60	19	56	19	45	30	61	56	10	50	30	43	67	53	30	62	19	62	40	44	33	22	57	52	60	21	21	41	6	39	50	55	40	46	16	34	36	49	63	71	54	16	45	55	17	45	13	20	25	47	65	25	19	38	34	
65	38	27	27	24	19	27	20	35	23	38	35	46	21	13	3	10	22	20	33	31	17	7	24	33	51	19	29	10	38	9	50	19	35	39	20	44	0	35	40	23	51	19	49	42	23	24	21	30	2	16	10	40	27	49	17	41	33	28	5	6	36	50	35	7	36	17	30	18	37	21	35	34	28	14	31	25	33	17	5	37	41	16	18	24	28	24	43	35	24	17	15	29	44	47	31	31	31	14	31	11	16	33	27	35	11	16	10	27	35	14	28	34	19	14	32	31	46	19	10	16	25	34	45	39	27	6	13	16	17	28	41	30	5	36	27	10	31	42	20	50	26	31	26	50	19	24	19	27	9	42	
53	53	13	26	25	27	23	25	9	59	54	53	38	53	23	35	28	57	47	35	53	25	28	47	63	49	45	10	45	36	30	76	26	13	62	17	29	35	0	46	55	42	37	77	68	49	58	53	13	37	28	35	6	61	53	23	6	55	46	31	29	12	76	19	36	61	52	54	21	43	46	63	19	16	22	35	13	20	31	34	10	12	19	47	20	31	54	8	1	54	52	20	12	17	52	4	63	35	49	10	43	33	65	59	19	46	33	41	62	63	27	62	38	54	23	16	6	47	54	45	49	16	8	13	29	13	39	39	43	26	19	7	9	39	67	56	45	31	61	35	45	19	18	15	51	26	59	28	14	35	54	
30	12	50	60	22	24	23	53	38	49	15	16	17	38	44	43	31	44	27	10	20	27	38	22	70	12	26	35	44	10	32	39	24	57	26	33	24	40	46	0	61	20	58	43	33	27	60	36	33	41	25	29	52	61	9	29	50	22	16	42	39	36	39	28	33	28	49	25	31	3	24	32	59	53	44	11	48	26	23	44	38	39	39	30	26	15	33	49	47	63	51	38	33	63	7	46	42	11	47	35	34	24	42	38	28	41	24	33	54	32	28	47	8	53	45	56	48	7	44	44	54	31	38	59	19	50	46	53	28	51	26	52	49	45	43	66	48	14	21	58	15	55	27	31	10	53	54	23	31	31	9	
88	56	44	36	48	42	51	32	57	19	55	52	70	28	32	22	34	24	36	56	46	41	29	41	9	73	35	51	17	61	33	59	43	51	51	43	67	23	55	61	0	75	20	55	52	37	5	29	53	22	40	32	59	7	70	41	61	48	46	25	28	59	58	59	29	47	13	43	41	58	38	45	46	43	33	53	43	57	40	22	59	63	37	32	48	51	34	63	55	4	11	37	52	59	67	51	34	54	14	54	26	38	36	33	59	20	38	28	18	45	38	27	56	9	32	46	50	68	21	17	7	48	56	62	63	44	17	16	33	30	52	60	48	18	38	6	13	54	57	24	73	40	55	50	71	31	13	43	51	31	61	
13	32	51	63	27	32	25	58	33	66	35	36	5	55	50	53	41	61	44	18	40	34	47	40	84	12	43	33	58	13	42	58	31	55	46	36	13	51	42	20	75	0	66	63	53	45	74	54	30	53	34	42	47	76	19	35	44	42	35	52	48	30	59	23	46	48	64	44	36	21	42	52	59	54	49	21	49	22	34	54	32	31	43	47	29	23	51	42	43	76	65	43	31	59	20	44	61	21	62	32	49	36	61	57	23	56	36	48	71	52	37	65	19	68	51	56	46	14	61	58	67	32	34	54	13	51	58	64	44	57	26	47	48	57	63	79	61	20	41	65	5	57	25	31	16	58	70	31	31	44	28	
80	57	24	15	38	34	41	12	41	33	57	54	61	37	16	16	26	36	39	50	50	32	20	43	27	68	38	37	22	54	25	68	35	31	57	30	56	19	37	58	20	66	0	66	60	41	25	37	39	19	33	29	40	28	67	31	42	52	47	15	18	44	68	46	26	54	25	48	30	55	40	53	26	23	17	48	24	45	34	14	44	48	23	36	37	44	42	45	37	18	24	23	38	39	65	33	46	48	23	39	29	33	48	43	46	26	33	29	35	53	30	41	51	24	16	26	31	63	32	22	17	35	40	42	53	24	14	7	35	11	40	41	29	15	51	20	18	46	61	3	66	20	43	36	67	11	30	35	37	28	61	
71	31	75	77	53	50	56	69	72	36	28	27	60	29	62	52	50	31	31	49	25	52	54	30	61	53	32	67	44	52	49	6	51	83	17	60	66	49	77	43	55	63	66	0	10	28	51	29	66	48	49	43	84	50	46	54	83	22	32	55	54	72	5	66	44	17	43	23	56	42	31	14	83	76	63	46	72	63	46	54	73	76	61	32	57	49	25	84	78	59	45	60	66	91	44	75	21	47	43	68	38	44	19	23	66	40	44	39	38	14	50	28	46	46	63	80	76	49	35	44	52	61	72	90	60	75	52	59	35	67	60	84	76	51	17	61	49	51	22	68	58	76	63	63	49	69	42	49	64	43	35	
61	21	66	69	43	40	46	62	62	33	18	17	50	24	54	45	42	28	22	38	15	42	45	21	58	43	23	57	38	41	40	8	41	74	7	50	56	42	68	33	52	53	60	10	0	19	48	23	56	41	39	35	74	47	36	45	74	12	21	47	46	61	8	55	36	7	39	13	47	32	22	7	74	68	54	36	64	52	36	47	63	66	52	24	48	38	18	74	68	56	41	51	56	82	34	66	18	37	39	58	31	35	17	19	55	34	35	31	36	7	41	26	36	43	55	72	67	39	31	38	48	52	62	81	50	66	45	53	26	59	50	75	67	44	16	58	43	41	12	62	48	67	52	53	39	61	39	39	54	35	25	
57	19	46	50	26	22	30	42	45	22	17	14	41	10	34	25	22	17	2	27	9	24	26	5	45	39	4	40	21	32	21	28	23	55	16	32	44	23	49	27	37	45	41	28	19	0	34	9	39	22	21	15	56	35	35	26	56	11	10	28	26	45	28	40	17	13	24	7	28	25	4	13	55	48	35	24	44	37	18	28	47	50	33	5	31	25	6	56	50	40	26	31	39	63	32	47	16	25	23	41	12	17	17	12	40	17	17	12	26	13	22	19	25	28	35	52	48	34	17	21	31	34	45	62	38	46	27	35	7	39	34	56	48	26	19	43	26	28	20	43	42	48	37	36	37	42	27	22	37	15	25	
87	54	47	40	48	43	51	35	59	15	52	49	70	25	35	23	35	20	34	56	44	41	31	39	10	72	33	53	16	61	33	55	43	54	48	44	68	24	58	60	5	74	25	51	48	34	0	26	55	22	40	32	62	3	69	42	64	45	44	27	30	61	54	60	28	44	10	40	42	57	36	41	50	46	36	53	46	58	40	24	61	65	39	30	49	51	31	66	58	9	9	38	54	63	66	54	30	53	12	55	25	38	32	29	60	19	38	26	13	41	38	23	55	6	35	50	53	67	17	16	9	49	58	65	63	47	19	19	32	33	53	63	51	19	34	10	13	54	54	28	72	43	56	51	70	34	9	43	52	30	59	
66	28	47	48	33	28	37	41	50	13	26	23	49	1	34	23	25	7	9	35	18	28	26	14	37	48	10	44	15	40	23	31	29	56	22	36	51	21	53	36	29	54	37	29	23	9	26	0	44	20	26	18	59	26	44	31	59	18	20	26	26	50	30	47	17	18	16	14	32	34	12	16	55	48	35	32	45	44	24	25	52	55	34	7	36	32	5	60	53	33	18	33	44	65	41	50	10	33	16	46	10	22	12	6	47	11	22	11	17	16	25	11	34	20	35	53	50	43	8	15	25	39	49	65	45	47	23	30	11	38	40	59	49	22	15	35	20	35	27	39	51	48	43	41	46	40	18	28	41	17	34	
43	40	20	33	13	17	10	29	5	53	42	41	26	45	22	31	21	50	37	22	41	16	24	36	62	37	36	3	40	23	23	65	16	25	50	10	18	30	13	33	53	30	39	66	56	39	55	44	0	32	18	27	19	57	40	14	17	44	35	28	25	6	65	7	29	49	47	43	13	30	35	52	29	24	22	23	19	8	21	31	7	11	16	38	8	19	45	17	13	53	47	17	1	30	39	14	54	22	44	2	36	23	56	50	7	40	23	34	57	52	19	55	25	50	23	26	16	34	48	40	46	6	5	26	17	20	36	39	34	29	6	19	18	35	58	56	41	18	49	38	33	26	6	4	38	29	54	17	3	28	41	
66	38	29	28	25	20	29	21	37	21	38	35	48	19	15	3	12	21	20	34	31	18	9	24	31	52	19	31	8	39	10	50	21	37	38	22	45	2	37	41	22	53	19	48	41	22	22	20	32	0	18	11	42	25	50	19	43	33	28	7	8	38	49	37	7	35	15	29	19	38	21	34	35	29	16	32	27	35	18	5	39	43	18	17	26	29	23	45	37	23	15	17	31	46	47	33	29	32	12	33	10	17	31	26	37	9	17	10	25	34	15	26	35	17	16	33	33	47	17	8	15	26	36	47	40	29	5	13	16	18	30	43	31	4	34	26	8	32	42	20	51	28	33	28	51	20	22	21	29	9	43	
48	27	27	35	7	2	11	28	24	35	28	25	29	27	19	19	6	32	18	17	24	2	13	18	49	34	17	18	24	21	7	48	3	35	34	11	27	16	28	25	40	34	33	49	39	21	40	26	18	18	0	9	34	42	34	5	34	27	18	17	14	24	48	21	12	32	31	26	7	22	17	34	36	30	19	14	25	18	2	20	25	29	14	19	10	11	26	35	29	41	32	13	18	43	32	26	36	15	28	20	18	4	37	32	21	23	4	16	39	34	3	37	18	34	20	34	27	30	30	24	33	13	23	41	22	27	23	29	15	26	14	35	28	22	40	44	27	14	34	33	33	31	17	14	34	28	37	2	15	10	30	
55	28	31	35	16	11	20	27	32	26	28	25	37	18	19	13	7	23	12	24	22	11	10	14	41	41	11	26	15	29	5	43	12	39	30	18	36	10	35	29	32	42	29	43	35	15	32	18	27	11	9	0	41	34	39	13	41	24	18	14	11	33	43	30	3	28	22	21	14	26	12	29	39	32	19	21	29	27	8	15	34	38	17	12	19	19	19	42	35	34	23	16	26	48	36	32	28	21	19	28	9	6	29	24	30	13	6	7	30	29	8	28	24	26	20	37	33	36	21	15	25	21	31	47	31	31	16	24	8	25	23	42	32	15	32	37	19	22	32	30	41	32	26	23	39	27	28	11	24	1	32	
58	59	15	27	32	33	29	27	14	64	61	59	43	59	27	39	34	62	53	41	59	32	33	53	66	55	51	17	50	42	35	82	33	11	68	23	34	40	6	52	59	47	40	84	74	56	62	59	19	42	34	41	0	65	59	29	3	62	53	35	34	17	82	24	41	67	56	61	27	50	52	69	17	17	26	42	16	26	37	38	15	16	24	53	27	38	60	6	5	57	56	25	18	12	58	8	69	41	53	17	49	39	71	65	24	51	39	47	67	69	33	68	44	58	27	15	9	53	59	50	53	22	13	7	34	15	43	43	49	29	25	1	11	43	73	59	49	37	68	37	50	20	25	21	57	28	63	34	20	41	60	
89	54	50	43	50	45	54	38	62	14	53	50	71	25	38	26	37	19	35	57	44	43	33	40	11	73	34	56	18	62	35	54	46	57	48	47	70	27	61	61	7	76	28	50	47	35	3	26	57	25	42	34	65	0	70	44	67	45	45	30	32	63	53	62	30	44	12	41	45	58	37	41	53	49	39	54	49	60	42	27	64	68	42	31	51	53	31	69	61	12	10	41	56	66	67	57	29	55	14	58	26	40	31	28	62	20	40	28	12	41	40	22	57	8	38	53	56	68	17	18	12	52	61	68	65	50	22	22	33	36	55	66	54	22	33	12	16	56	54	31	74	47	58	54	71	37	8	45	55	32	60	
25	17	59	69	31	33	31	62	44	58	19	21	19	46	53	52	41	52	35	19	27	36	47	30	79	7	35	43	53	16	41	41	33	65	30	42	28	49	53	9	70	19	67	46	36	35	69	44	40	50	34	39	59	70	0	38	57	28	24	52	48	42	42	34	42	33	58	31	40	12	33	37	68	62	53	20	57	32	33	54	44	45	48	38	35	24	40	56	54	73	60	47	41	70	2	54	48	20	56	42	43	33	48	46	34	50	33	42	62	37	37	54	17	62	54	65	56	5	53	53	64	39	45	67	25	59	55	63	37	60	34	59	57	55	49	75	57	23	24	67	13	64	34	39	3	62	62	32	39	40	11	
48	32	22	31	7	5	9	24	19	39	33	31	30	31	15	19	7	36	24	19	30	2	12	24	50	37	22	13	26	23	9	53	5	30	39	5	26	17	23	29	41	35	31	54	45	26	42	31	14	19	5	13	29	44	38	0	29	33	24	16	13	20	53	18	15	38	33	31	2	26	23	40	31	25	15	18	20	15	8	19	21	25	10	24	6	14	31	29	23	42	34	9	13	37	36	21	41	18	31	15	22	10	42	37	18	26	10	20	43	40	5	41	21	37	16	28	22	33	34	26	34	8	18	36	21	22	23	29	20	22	10	30	22	23	45	45	28	15	39	30	35	26	13	10	37	24	40	6	11	14	34	
55	58	18	30	31	33	28	30	12	65	60	58	40	60	29	41	34	63	53	39	58	31	34	53	69	53	51	16	51	40	36	82	32	14	68	23	31	41	6	50	61	44	42	83	74	56	64	59	17	43	34	41	3	67	57	29	0	61	52	37	35	14	82	22	42	67	58	60	27	48	52	69	21	20	28	40	18	24	37	40	12	13	25	53	26	37	60	2	6	59	58	26	17	15	56	10	69	40	55	15	49	39	71	65	22	52	39	48	68	69	34	69	42	60	29	19	11	51	60	51	55	22	12	10	32	18	45	45	49	31	24	3	13	45	74	62	51	36	67	40	48	23	23	20	55	31	65	34	19	42	59	
52	11	54	59	30	28	34	52	50	31	8	6	39	20	43	36	30	26	13	26	2	30	35	9	56	33	14	45	32	30	29	20	29	63	6	38	43	33	55	22	48	42	52	22	12	11	45	18	44	33	27	24	62	45	28	33	61	0	9	38	36	49	20	43	26	6	34	4	35	21	12	10	63	56	44	24	52	40	24	38	51	54	41	16	35	26	13	62	56	51	36	39	44	71	25	54	20	25	33	46	23	23	20	18	43	28	23	23	35	10	29	26	24	39	44	61	55	29	27	32	42	39	50	69	38	54	38	46	17	49	38	62	55	37	21	53	37	28	9	53	37	57	40	41	30	51	37	27	42	25	16	
46	10	46	52	21	19	24	45	40	33	10	7	31	21	36	31	23	27	10	18	6	21	28	5	55	28	10	36	29	22	22	30	19	54	15	30	35	28	46	16	46	35	47	32	21	10	44	20	35	28	18	18	53	45	24	24	52	9	0	32	29	39	30	34	21	15	33	10	26	14	8	18	55	48	36	15	44	30	16	33	41	44	33	14	26	17	16	52	47	49	35	31	34	62	21	45	25	16	32	37	19	15	26	22	34	25	15	18	37	18	21	30	16	38	37	52	46	23	28	29	40	30	40	60	29	46	33	41	13	42	28	53	46	32	28	51	34	19	15	48	31	49	30	31	26	44	38	18	32	19	15	
65	42	21	21	24	19	26	14	32	28	42	39	47	26	8	4	11	28	25	34	35	17	5	28	34	52	24	26	14	39	10	56	20	30	44	17	43	5	31	42	25	52	15	55	47	28	27	26	28	7	17	14	35	30	52	16	37	38	32	0	3	33	55	34	11	41	21	35	16	39	25	41	28	22	9	32	20	32	18	3	34	38	12	23	23	29	30	39	31	25	21	11	26	39	49	27	36	33	18	28	17	18	38	33	34	16	18	16	32	41	14	34	35	23	8	26	26	48	25	14	18	22	30	40	38	21	8	12	21	11	27	36	25	8	41	28	14	31	46	16	51	21	30	24	52	13	28	20	25	13	46	
62	39	21	23	20	16	23	16	29	29	39	36	43	26	8	6	7	28	23	31	33	13	1	26	37	49	22	23	16	35	7	54	16	30	42	14	39	6	29	39	28	48	18	54	46	26	30	26	25	8	14	11	34	32	48	13	35	36	29	3	0	31	54	30	9	39	23	33	13	36	23	39	29	22	9	29	19	28	15	6	31	35	10	22	20	25	29	37	29	28	23	9	24	39	46	25	36	29	20	25	16	15	38	32	30	17	15	14	33	39	11	34	32	25	9	26	25	44	25	16	21	19	28	39	35	21	10	15	19	13	23	35	24	10	41	31	16	28	44	19	48	22	26	21	48	15	30	17	22	10	43	
41	44	23	36	18	22	15	33	3	59	46	45	26	51	27	37	27	56	43	25	46	22	29	41	68	38	41	7	46	25	29	69	21	25	55	16	17	36	12	36	59	30	44	72	61	45	61	50	6	38	24	33	17	63	42	20	14	49	39	33	31	0	70	7	35	55	53	49	19	34	41	57	30	26	26	26	22	10	26	37	2	5	21	44	14	23	50	13	13	59	53	22	7	29	41	14	60	26	50	5	42	28	62	56	7	46	28	40	63	57	25	61	28	56	28	27	17	36	54	46	52	12	4	24	17	23	41	44	40	33	11	17	19	41	64	61	47	21	53	42	33	29	9	10	40	33	60	23	9	34	44	
67	27	74	77	51	48	54	70	71	39	25	25	57	31	62	53	50	34	30	46	23	50	54	29	64	49	32	66	45	49	49	1	49	82	14	59	63	50	76	39	58	59	68	5	8	28	54	30	65	49	48	43	82	53	42	53	82	20	30	55	54	70	0	64	44	15	45	21	55	39	31	14	83	76	63	44	72	60	45	55	72	74	61	32	56	47	26	82	77	62	47	59	65	91	40	74	24	45	45	67	38	43	22	25	64	42	43	39	41	14	49	31	44	49	63	80	75	45	37	45	54	60	70	89	57	74	53	61	35	67	59	83	75	52	20	64	50	49	18	70	54	76	61	62	45	69	45	48	62	43	31	
35	37	28	41	14	19	10	36	10	56	40	39	19	48	29	37	25	53	38	18	40	19	29	36	68	30	37	10	44	18	27	63	18	32	49	16	10	35	19	28	59	23	46	66	55	40	60	47	7	37	21	30	24	62	34	18	22	43	34	34	30	7	64	0	32	49	51	43	17	26	36	52	36	31	29	20	26	3	23	37	9	11	23	40	11	17	46	21	20	59	52	23	8	36	34	21	56	19	49	9	39	25	57	52	0	43	25	37	60	52	22	58	21	55	30	33	23	29	51	44	52	11	11	32	10	28	41	45	36	36	7	25	25	41	60	62	46	15	47	45	26	34	4	9	32	37	58	19	9	31	37	
59	31	30	33	19	14	23	25	34	24	31	28	41	17	17	10	8	21	14	27	24	13	9	17	38	44	13	28	12	32	6	45	15	39	32	19	39	7	36	33	29	46	26	44	36	17	28	17	29	7	12	3	41	30	42	15	42	26	21	11	9	35	44	32	0	29	19	23	16	30	14	30	38	31	18	24	28	30	11	12	36	40	17	12	21	22	19	43	36	30	20	16	28	47	40	33	27	25	16	30	7	9	29	23	32	11	9	5	28	30	10	26	27	22	18	36	33	39	19	12	21	23	33	47	34	30	13	20	9	22	25	42	32	12	32	33	15	25	35	27	44	31	28	25	43	25	25	14	26	2	35	
57	16	59	63	36	33	39	55	55	30	13	12	45	19	47	38	35	24	15	32	8	35	38	14	55	39	17	50	33	36	33	15	34	67	4	43	50	36	61	28	47	48	54	17	7	13	44	18	49	35	32	28	67	44	33	38	67	6	15	41	39	55	15	49	29	0	34	6	40	27	15	4	67	61	48	30	57	46	29	41	56	59	45	17	41	32	13	67	61	51	36	44	49	75	30	59	17	31	34	51	24	28	16	15	49	29	28	25	33	4	33	23	30	38	48	65	60	34	26	33	43	45	55	74	44	59	39	47	20	52	43	68	60	38	16	53	38	34	10	56	43	61	46	46	35	55	36	32	47	28	21	
77	43	43	39	39	33	42	33	52	8	42	38	59	15	29	17	26	11	23	45	33	32	24	28	21	61	23	46	7	50	24	46	34	51	38	37	59	17	52	49	13	64	25	43	39	24	10	16	47	15	31	22	56	12	58	33	58	34	33	21	23	53	45	51	19	34	0	30	34	46	25	32	48	43	30	42	41	49	30	18	54	58	33	19	40	41	21	60	52	17	2	32	46	60	55	48	21	43	3	48	14	28	24	20	51	8	28	16	10	32	29	16	45	4	30	47	47	56	8	7	9	41	51	61	53	43	13	18	21	30	44	57	46	13	26	19	8	44	43	28	62	41	47	43	59	32	7	34	44	21	48	
55	15	52	56	30	27	34	49	49	27	12	10	41	15	41	32	28	21	9	28	4	29	32	7	51	37	10	44	28	32	27	22	28	61	9	37	45	30	54	25	43	44	48	23	13	7	40	14	43	29	26	21	61	41	31	31	60	4	10	35	33	49	21	43	23	6	30	0	33	23	9	8	61	54	41	25	50	40	23	35	51	54	39	12	34	26	9	61	55	47	32	37	43	69	29	53	17	26	29	45	19	21	17	14	43	24	21	19	31	8	27	22	26	34	42	58	53	32	23	28	38	38	49	67	39	52	34	42	13	46	38	61	53	33	18	49	33	29	13	50	40	54	40	40	34	48	33	26	41	22	20	
49	34	20	29	9	7	10	22	18	40	35	33	31	33	13	19	8	37	26	21	32	5	11	26	50	39	24	12	27	25	10	55	7	27	41	3	26	18	21	31	41	36	30	56	47	28	42	32	13	19	7	14	27	45	40	2	27	35	26	16	13	19	55	17	16	40	34	33	0	28	25	42	29	22	13	20	18	15	10	19	20	24	8	26	7	16	33	28	21	41	34	7	12	35	38	19	42	20	31	14	23	12	44	38	17	27	12	21	44	42	6	42	23	37	14	26	19	35	35	27	34	7	17	33	22	20	23	28	22	21	10	28	20	23	47	44	28	17	42	29	36	24	13	9	39	22	41	8	10	15	37	
32	11	47	57	19	21	20	50	36	47	14	15	18	35	41	39	28	41	24	8	19	24	34	19	67	14	24	33	41	9	29	38	21	54	25	30	24	37	43	3	58	21	55	42	32	25	57	34	30	38	22	26	50	58	12	26	48	21	14	39	36	34	39	26	30	27	46	23	28	0	22	31	57	50	41	8	45	24	20	41	36	38	36	27	24	12	30	48	44	60	48	35	31	60	10	44	40	8	44	33	31	21	40	36	26	38	21	30	51	31	25	44	5	50	42	54	45	9	42	41	51	28	36	57	18	47	43	50	25	48	24	50	46	42	41	63	45	12	21	55	17	52	25	29	13	50	51	20	29	28	10	
54	18	43	47	22	18	26	39	41	25	17	14	37	13	31	24	19	19	2	23	10	20	23	3	46	37	2	36	21	28	18	31	19	51	18	28	40	21	46	24	38	42	40	31	22	4	36	12	35	21	17	12	52	37	33	23	52	12	8	25	23	41	31	36	14	15	25	9	25	22	0	17	51	45	32	20	41	33	14	26	43	46	29	5	26	21	10	52	46	40	26	28	35	60	30	44	20	21	23	37	11	13	21	16	36	17	13	11	29	17	18	23	22	29	32	49	44	32	19	21	31	30	41	58	34	43	26	34	5	37	30	53	44	25	23	43	25	24	21	41	38	45	32	32	34	39	29	18	33	13	23	
62	20	60	63	38	35	42	55	58	26	18	16	49	17	48	38	36	21	16	36	12	37	39	16	52	43	17	53	31	40	34	15	36	68	8	45	53	35	63	32	45	52	53	14	7	13	41	16	52	34	34	29	69	41	37	40	69	10	18	41	39	57	14	52	30	4	32	8	42	31	17	0	68	61	48	33	58	49	31	40	59	62	46	17	43	35	11	69	63	49	34	45	51	77	35	61	13	34	32	54	24	30	12	12	52	27	30	25	30	0	35	20	34	36	48	66	61	39	24	31	41	47	57	75	47	60	38	46	20	52	46	70	61	37	12	51	36	38	14	55	47	61	48	48	40	55	32	34	49	29	26	
72	63	9	11	37	37	37	15	27	56	65	62	55	55	20	32	32	56	52	49	60	34	29	53	53	66	50	26	42	52	33	83	36	6	69	26	47	34	19	59	46	59	26	83	74	55	50	55	29	35	36	39	17	53	68	31	21	63	55	28	29	30	83	36	38	67	48	61	29	57	51	68	0	6	19	48	11	37	39	30	29	31	22	51	33	44	58	24	18	44	47	23	28	13	66	15	65	48	45	27	45	40	67	61	36	45	40	43	59	68	34	62	51	48	19	3	13	63	53	42	42	29	26	16	46	9	34	31	47	17	34	18	11	34	70	46	40	45	71	23	62	7	35	29	67	16	54	37	29	39	66	
67	57	3	10	31	30	31	11	23	50	58	55	50	49	14	26	26	50	45	43	54	27	22	47	50	60	44	20	37	46	27	76	30	8	63	20	42	28	16	53	43	54	23	76	68	48	46	48	24	29	30	32	17	49	62	25	20	56	48	22	22	26	76	31	31	61	43	54	22	50	45	61	6	0	13	42	5	31	32	24	25	28	15	44	27	38	51	22	15	41	42	17	22	17	60	12	59	42	40	22	38	33	61	55	31	39	33	37	53	61	27	56	45	43	13	4	9	57	47	37	37	23	21	19	40	3	29	27	41	13	28	18	7	29	63	43	35	39	64	20	56	3	29	23	61	12	49	31	23	32	59	
63	45	12	16	22	20	24	9	24	38	46	43	44	35	1	13	13	37	32	34	41	17	9	34	41	52	31	19	24	38	14	63	20	21	50	13	39	14	22	44	33	49	17	63	54	35	36	35	22	16	19	19	26	39	53	15	28	44	36	9	9	26	63	29	18	48	30	41	13	41	32	48	19	13	0	33	10	27	21	12	26	30	5	31	20	29	38	30	22	32	30	6	20	30	51	18	45	33	27	21	25	21	47	41	29	25	21	24	41	48	16	43	36	32	1	17	17	48	34	24	27	17	23	30	35	12	17	18	28	7	23	27	15	17	50	35	23	31	52	16	50	13	25	19	52	9	37	21	19	19	49	
34	17	39	49	11	13	12	42	28	44	20	19	17	33	33	33	21	39	22	3	21	16	27	19	62	20	22	25	36	8	22	43	13	46	29	22	20	31	35	11	53	21	48	46	36	24	53	32	23	32	14	21	42	54	20	18	40	24	15	32	29	26	44	20	24	30	42	25	20	8	20	33	48	42	33	0	37	17	13	34	29	31	28	25	15	4	30	40	36	55	44	27	23	52	18	35	40	1	40	25	28	15	41	36	20	34	15	26	49	33	18	43	3	46	34	45	37	15	39	36	46	20	28	49	14	39	37	44	22	40	16	42	38	36	43	58	40	5	27	48	19	44	17	21	19	42	48	12	21	22	18	
62	52	2	14	26	25	26	12	19	49	53	51	45	46	11	24	22	48	41	38	49	22	19	43	50	55	40	16	35	41	23	72	25	10	59	15	37	25	13	48	43	49	24	72	64	44	46	45	19	27	25	29	16	49	57	20	18	52	44	20	19	22	72	26	28	57	41	50	18	45	41	58	11	5	10	37	0	26	28	22	21	24	11	41	22	33	48	20	13	41	41	12	18	19	55	8	56	37	38	17	35	29	58	52	26	36	29	34	52	58	23	54	40	42	11	8	7	52	45	35	37	18	17	19	35	2	27	27	37	13	23	17	5	27	60	43	33	34	59	21	51	7	24	18	56	13	48	26	18	29	55	
35	34	28	40	11	16	7	35	12	53	37	36	18	45	28	34	22	50	35	15	37	16	27	33	66	29	34	11	42	16	24	60	15	33	46	14	11	33	20	26	57	22	45	63	52	37	58	44	8	35	18	27	26	60	32	15	24	40	30	32	28	10	60	3	30	46	49	40	15	24	33	49	37	31	27	17	26	0	20	35	12	14	22	37	8	13	43	23	21	57	49	21	9	38	31	22	53	16	46	10	36	22	54	49	3	41	22	34	58	49	19	55	18	52	29	34	24	27	48	42	50	10	12	34	9	28	39	44	33	35	5	26	26	38	56	60	44	12	44	44	25	34	2	8	31	36	56	16	8	28	34	
48	24	30	37	9	4	13	30	26	33	25	23	29	25	21	19	8	30	16	16	22	5	14	15	49	34	14	21	23	21	8	45	5	38	31	14	28	17	31	23	40	34	34	46	36	18	40	24	21	18	2	8	37	42	33	8	37	24	16	18	15	26	45	23	11	29	30	23	10	20	14	31	39	32	21	13	28	20	0	21	28	32	17	17	12	11	24	38	32	41	31	15	20	46	30	29	33	14	27	22	16	2	35	29	23	21	2	14	38	31	5	35	17	34	22	36	30	29	28	23	33	15	26	44	23	30	23	30	13	28	16	38	30	22	37	44	26	14	31	34	33	33	19	17	33	30	36	4	18	9	28	
68	43	24	22	26	22	29	15	35	26	43	40	49	25	11	2	13	26	25	37	36	19	7	29	31	55	24	29	12	41	12	55	22	32	44	21	46	5	34	44	22	54	14	54	47	28	24	25	31	5	20	15	38	27	54	19	40	38	33	3	6	37	55	37	12	41	18	35	19	41	26	40	30	24	12	34	22	35	21	0	37	41	15	23	26	31	29	42	34	22	18	14	30	41	51	30	35	35	15	31	16	20	37	32	37	14	20	15	29	40	17	32	38	20	11	28	29	50	23	12	15	25	33	42	41	24	5	9	21	12	30	39	27	5	40	25	11	34	47	15	54	23	33	27	54	14	25	23	28	14	47	
43	46	22	35	20	24	17	32	2	60	48	47	28	52	27	37	28	57	44	27	48	23	30	43	68	40	43	8	47	28	30	71	23	23	57	17	19	37	10	38	59	32	44	73	63	47	61	52	7	39	25	34	15	64	44	21	12	51	41	34	31	2	72	9	36	56	54	51	20	36	43	59	29	25	26	29	21	12	28	37	0	4	22	45	16	25	52	11	11	59	54	22	8	27	43	13	62	28	51	6	43	30	63	57	9	47	30	41	64	59	26	62	30	56	28	26	15	39	55	47	52	13	3	22	19	22	42	44	41	33	13	15	18	41	66	61	47	24	55	42	35	28	11	11	42	33	61	24	10	35	47	
42	48	25	38	23	27	20	36	6	64	51	50	28	56	31	41	32	61	48	29	51	27	34	46	72	40	46	12	51	29	34	74	26	26	60	21	18	41	12	39	63	31	48	76	66	50	65	55	11	43	29	38	16	68	45	25	13	54	44	38	35	5	74	11	40	59	58	54	24	38	46	62	31	28	30	31	24	14	32	41	4	0	26	49	19	28	56	11	13	63	58	26	12	28	44	16	65	30	55	10	47	33	67	61	11	51	33	45	68	62	30	66	32	60	32	29	18	39	59	51	57	17	7	23	20	25	46	48	45	36	16	16	21	46	69	65	51	26	58	46	35	31	13	15	43	37	65	28	14	39	48	
57	41	13	21	17	15	18	14	19	39	42	40	38	35	6	16	10	38	30	29	38	12	9	31	46	47	29	14	26	32	12	61	15	21	47	7	33	16	19	39	37	43	23	61	52	33	39	34	16	18	14	17	24	42	48	10	25	41	33	12	10	21	61	23	17	45	33	39	8	36	29	46	22	15	5	28	11	22	17	15	22	26	0	29	14	24	37	27	19	37	33	1	15	30	46	15	45	28	30	16	25	17	47	41	23	26	17	23	43	46	12	44	31	35	7	19	15	43	35	26	30	12	18	30	30	13	20	22	26	13	17	25	15	20	49	39	26	25	48	22	44	16	19	13	47	14	40	16	14	17	44	
59	23	43	45	26	21	30	38	43	19	22	19	43	8	30	21	19	14	3	28	14	22	22	8	41	42	3	38	16	33	17	32	22	51	21	29	44	18	47	30	32	47	36	32	24	5	30	7	38	17	19	12	53	31	38	24	53	16	14	23	22	44	32	40	12	17	19	12	26	27	5	17	51	44	31	25	41	37	17	23	45	49	29	0	29	25	7	54	47	35	21	28	37	60	36	44	16	26	18	39	7	15	18	12	40	12	15	7	23	17	19	18	27	24	31	48	45	37	14	16	26	32	43	59	38	43	22	30	4	35	33	54	44	21	20	38	21	28	25	38	44	44	36	34	40	37	24	21	35	12	29	
43	32	24	34	5	8	4	28	14	45	34	32	24	37	20	26	13	42	28	16	32	8	18	27	57	33	27	9	33	19	15	56	7	30	41	7	19	24	20	26	48	29	37	57	48	31	49	36	8	26	10	19	27	51	35	6	26	35	26	23	20	14	56	11	21	41	40	34	7	24	26	43	33	27	20	15	22	8	12	26	16	19	14	29	0	11	36	26	21	48	41	13	8	37	33	20	46	15	37	10	28	14	47	41	11	32	14	26	49	43	11	47	18	43	21	30	21	30	40	33	41	4	14	34	15	24	30	35	25	27	4	27	22	30	50	51	35	12	41	36	30	29	7	5	34	29	47	8	6	20	34	
36	21	35	45	7	9	8	38	24	44	23	22	18	33	29	30	18	39	23	5	23	12	24	20	60	23	22	21	35	10	19	46	9	42	32	18	19	28	31	15	51	23	44	49	38	25	51	32	19	29	11	19	38	53	24	14	37	26	17	29	25	23	47	17	22	32	41	26	16	12	21	35	44	38	29	4	33	13	11	31	25	28	24	25	11	0	31	36	32	53	42	23	19	48	22	31	41	4	38	21	26	12	42	37	17	32	12	25	48	35	14	43	7	45	30	41	33	19	38	35	44	16	24	45	13	35	34	41	21	36	12	38	34	34	44	55	38	3	30	44	22	40	14	17	23	38	47	8	17	20	22	
63	24	50	52	32	28	36	44	50	18	22	19	47	6	37	27	26	12	8	33	13	29	29	11	42	45	9	45	20	38	25	26	29	58	17	37	50	24	54	33	34	51	42	25	18	6	31	5	45	23	26	19	60	31	40	31	60	13	16	30	29	50	26	46	19	13	21	9	33	30	10	11	58	51	38	30	48	43	24	29	52	56	37	7	36	31	0	61	55	38	23	35	44	67	37	52	10	31	21	46	13	22	11	6	46	16	22	14	22	11	26	13	32	25	38	55	52	40	13	20	30	39	50	66	44	50	27	35	11	41	40	61	52	26	13	40	25	34	22	44	47	51	42	41	42	44	23	27	42	19	29	
53	58	20	33	31	34	28	32	12	66	60	58	39	61	31	43	35	65	54	39	59	32	36	53	71	51	52	16	53	39	37	82	33	17	68	24	29	43	8	49	63	42	45	84	74	56	66	60	17	45	35	42	6	69	56	29	2	62	52	39	37	13	82	21	43	67	60	61	28	48	52	69	24	22	30	40	20	23	38	42	11	11	27	54	26	36	61	0	8	62	60	28	17	17	55	12	70	39	57	15	51	39	72	66	21	53	39	49	70	69	34	70	42	62	31	22	13	50	62	53	57	22	12	12	31	20	47	47	50	34	24	5	16	47	75	64	53	35	67	42	46	26	22	20	54	33	67	34	20	43	58	
54	53	13	26	26	28	24	25	10	59	55	53	39	54	23	35	28	57	47	36	53	26	28	47	63	50	46	11	45	37	30	77	27	12	62	18	30	35	1	47	55	43	37	78	68	50	58	53	13	37	29	35	5	61	54	23	6	56	47	31	29	13	77	20	36	61	52	55	21	44	46	63	18	15	22	36	13	21	32	34	11	13	19	47	21	32	55	8	0	54	52	20	13	16	53	4	63	36	49	11	44	33	65	59	20	46	33	42	62	63	28	63	38	54	23	15	5	48	54	45	49	17	9	13	30	13	39	39	43	26	20	6	8	39	68	56	45	32	62	34	46	19	19	15	52	26	59	29	15	36	55	
89	59	42	33	48	43	52	30	57	23	58	55	71	32	31	22	35	28	39	58	50	41	30	44	9	75	38	51	19	63	33	63	44	49	55	43	68	24	54	63	4	76	18	59	56	40	9	33	53	23	41	34	57	12	73	42	59	51	49	25	28	59	62	59	30	51	17	47	41	60	40	49	44	41	32	55	41	57	41	22	59	63	37	35	48	53	38	62	54	0	15	36	52	57	70	50	38	56	17	53	29	40	40	37	59	23	40	30	22	49	38	31	58	13	31	44	48	70	25	19	8	48	55	60	63	42	18	14	36	28	52	58	46	19	42	2	15	55	60	21	75	38	55	50	73	29	18	44	51	32	64	
78	45	42	38	39	34	43	32	52	10	43	40	61	17	29	17	27	13	25	47	35	33	24	30	19	62	24	46	7	52	25	48	35	50	40	37	59	17	52	51	11	65	24	45	41	26	9	18	47	15	32	23	56	10	60	34	58	36	35	21	23	53	47	52	20	36	2	32	34	48	26	34	47	42	30	44	41	49	31	18	54	58	33	21	41	42	23	60	52	15	0	32	46	59	57	48	23	44	3	48	16	29	25	22	52	9	29	17	11	34	30	17	46	2	29	46	47	58	10	7	7	41	51	60	54	42	13	17	22	29	45	57	45	13	28	17	7	45	45	26	63	40	48	43	61	31	7	34	44	21	50	
56	40	15	22	16	14	17	15	20	38	41	39	38	34	6	15	9	37	29	28	37	11	8	30	45	46	27	14	25	32	10	59	14	23	46	7	33	15	20	38	37	43	23	60	51	31	38	33	17	17	13	16	25	41	47	9	26	39	31	11	9	22	59	23	16	44	32	37	7	35	28	45	23	17	6	27	12	21	15	14	22	26	1	28	13	23	35	28	20	36	32	0	15	31	45	17	43	27	29	17	23	16	45	39	23	25	16	21	42	45	10	42	30	34	7	21	17	42	34	25	30	12	19	31	29	15	19	22	24	13	17	26	16	19	48	39	25	24	47	22	44	17	19	13	46	15	39	15	14	16	43	
44	40	19	32	13	16	10	27	6	52	42	41	27	44	21	30	20	49	36	22	41	15	22	35	61	38	35	2	39	24	22	64	15	24	50	9	19	29	12	33	52	31	38	66	56	39	54	44	1	31	18	26	18	56	41	13	17	44	34	26	24	7	65	8	28	49	46	43	12	31	35	51	28	22	20	23	18	9	20	30	8	12	15	37	8	19	44	17	13	52	46	15	0	29	39	13	54	22	43	2	35	22	55	50	8	39	22	33	56	51	18	54	25	49	22	25	15	35	47	39	45	5	5	26	18	19	34	38	33	27	6	19	17	34	58	55	40	18	49	36	34	25	7	3	39	28	53	17	2	27	41	
70	69	17	24	42	43	40	27	26	68	71	69	55	65	30	43	41	67	60	52	68	40	38	61	66	67	59	27	54	54	42	91	42	8	77	32	46	44	17	63	59	59	39	91	82	63	63	65	30	46	43	48	12	66	70	37	15	71	62	39	39	29	91	36	47	75	60	69	35	60	60	77	13	17	30	52	19	38	46	41	27	28	30	60	37	48	67	17	16	57	59	31	29	0	69	17	75	52	57	28	55	47	77	71	36	55	47	53	70	77	41	73	55	60	30	13	15	65	64	54	54	32	25	5	46	17	46	43	56	30	36	12	15	46	80	59	52	48	77	36	62	19	36	31	69	28	66	43	31	48	71	
27	14	57	67	29	31	29	60	43	55	17	19	19	43	51	49	38	49	32	17	24	34	45	27	76	9	32	41	50	15	39	39	31	63	27	40	28	47	52	7	67	20	65	44	34	32	66	41	39	47	32	36	58	67	2	36	56	25	21	49	46	41	40	34	40	30	55	29	38	10	30	35	66	60	51	18	55	31	30	51	43	44	46	36	33	22	37	55	53	70	57	45	39	69	0	52	46	18	53	41	41	31	46	43	34	47	31	39	59	35	35	51	15	60	52	63	54	5	50	50	61	37	44	65	24	57	53	60	34	58	33	58	56	52	47	73	55	21	22	65	14	62	33	38	5	60	60	30	38	38	9	
56	52	9	22	25	26	23	21	11	55	54	52	40	50	19	31	25	54	45	35	51	24	25	45	59	51	43	11	41	37	27	74	25	11	60	15	31	31	4	46	51	44	33	75	66	47	54	50	14	33	26	32	8	57	54	21	10	54	45	27	25	14	74	21	33	59	48	53	19	44	44	61	15	12	18	35	8	22	29	30	13	16	15	44	20	31	52	12	4	50	48	17	13	17	52	0	60	35	45	12	40	31	62	56	21	42	31	38	59	61	25	59	38	50	19	13	2	48	51	41	45	15	10	14	31	9	35	35	41	22	19	9	5	35	65	52	41	31	60	30	47	15	20	14	52	21	55	27	14	33	54	
72	31	58	58	42	37	46	50	60	15	29	26	57	10	44	33	35	10	18	43	21	38	36	21	40	54	19	54	23	47	33	25	38	66	21	46	60	31	63	42	34	61	46	21	18	16	30	10	54	29	36	28	69	29	48	41	69	20	25	36	36	60	24	56	27	17	21	17	42	40	20	13	65	59	45	40	56	53	33	35	62	65	45	16	46	41	10	70	63	38	23	43	54	75	46	60	0	41	22	56	20	31	2	4	56	20	31	21	17	13	36	7	41	25	45	63	60	49	13	23	31	49	59	75	54	58	32	38	20	48	49	70	60	31	5	40	28	44	27	48	57	58	52	50	51	50	21	37	51	27	37	
34	18	39	49	11	13	12	42	27	45	20	20	16	34	33	34	21	40	23	2	22	16	28	20	63	19	23	24	37	7	22	44	13	45	30	22	19	31	35	11	54	21	48	47	37	25	53	33	22	32	15	21	41	55	20	18	40	25	16	33	29	26	45	19	25	31	43	26	20	8	21	34	48	42	33	1	37	16	14	35	28	30	28	26	15	4	31	39	36	56	44	27	22	52	18	35	41	0	41	24	28	15	42	37	19	35	15	27	50	34	18	44	3	47	34	45	37	15	40	37	47	19	28	49	13	39	38	44	23	40	16	42	38	37	44	58	41	4	28	48	19	44	17	20	19	42	49	12	21	23	18	
75	42	40	37	36	30	39	30	49	10	40	37	57	15	26	14	23	12	21	43	32	29	21	26	23	59	21	43	4	48	21	46	31	48	38	34	56	14	49	47	14	62	23	43	39	23	12	16	44	12	28	19	53	14	56	31	55	33	32	18	20	50	45	49	16	34	3	29	31	44	23	32	45	40	27	40	38	46	27	15	51	55	30	18	37	38	21	57	49	17	3	29	43	57	53	45	22	41	0	45	12	26	25	20	49	6	26	14	13	32	26	17	43	6	27	44	44	54	8	4	9	38	48	58	51	40	11	16	19	27	41	54	43	10	27	19	5	41	42	26	60	38	44	40	57	29	10	31	41	18	47	
44	42	19	32	15	18	12	28	4	54	44	43	28	47	22	32	22	51	39	24	43	17	24	38	62	39	37	2	41	25	24	67	17	23	52	11	19	31	10	35	54	32	39	68	58	41	55	46	2	33	20	28	17	58	42	15	15	46	37	28	25	5	67	9	30	51	48	45	14	33	37	54	27	22	21	25	17	10	22	31	6	10	16	39	10	21	46	15	11	53	48	17	2	28	41	12	56	24	45	0	37	24	57	52	9	41	24	35	58	54	20	56	27	50	23	24	14	37	49	41	47	7	3	24	19	19	36	39	35	28	8	17	16	36	60	56	41	20	51	37	35	25	8	5	41	29	55	19	4	29	43	
62	29	37	39	25	20	29	31	41	17	28	25	45	10	24	14	15	14	10	31	21	20	16	14	35	46	9	35	9	36	13	39	21	46	28	26	45	11	43	34	26	49	29	38	31	12	25	10	36	10	18	9	49	26	43	22	49	23	19	17	16	42	38	39	7	24	14	19	23	31	11	24	45	38	25	28	35	36	16	16	43	47	25	7	28	26	13	51	44	29	16	23	35	55	41	40	20	28	12	37	0	14	22	16	39	6	14	2	21	24	17	19	30	19	25	43	40	41	12	9	20	30	40	55	39	37	15	23	6	28	32	50	39	14	25	32	14	29	32	31	47	38	35	32	44	31	20	20	33	8	34	
49	24	31	37	11	6	15	30	28	32	25	22	31	23	21	18	8	28	14	17	20	7	14	14	48	34	13	23	22	22	8	43	7	39	30	15	30	16	33	24	38	36	33	44	35	17	38	22	23	17	4	6	39	40	33	10	39	23	15	18	15	28	43	25	9	28	28	21	12	21	13	30	40	33	21	15	29	22	2	20	30	33	17	15	14	12	22	39	33	40	29	16	22	47	31	31	31	15	26	24	14	0	33	27	25	20	0	12	36	30	5	33	18	32	22	37	31	30	26	22	31	17	28	46	25	31	22	29	11	28	18	40	32	21	35	43	25	15	30	34	34	34	21	19	34	30	34	6	20	7	28	
72	31	60	60	43	39	47	53	61	17	29	26	57	12	46	35	37	12	19	44	21	40	38	22	42	54	20	56	26	48	35	23	40	68	20	47	61	33	65	42	36	61	48	19	17	17	32	12	56	31	37	29	71	31	48	42	71	20	26	38	38	62	22	57	29	16	24	17	44	40	21	12	67	61	47	41	58	54	35	37	63	67	47	18	47	42	11	72	65	40	25	45	55	77	46	62	2	42	25	57	22	33	0	5	57	22	33	23	19	12	37	9	42	27	47	65	62	49	16	26	33	50	61	77	55	60	34	41	22	50	51	72	62	33	2	42	30	45	26	50	57	60	53	52	50	52	23	39	53	29	37	
68	29	54	54	38	33	42	47	56	14	26	24	53	6	41	29	31	9	14	39	18	34	32	17	39	51	15	50	21	44	29	26	34	62	20	42	56	27	59	38	33	57	43	23	19	12	29	6	50	26	32	24	65	28	46	37	65	18	22	33	32	56	25	52	23	15	20	14	38	36	16	12	61	55	41	36	52	49	29	32	57	61	41	12	41	37	6	66	59	37	22	39	50	71	43	56	4	37	20	52	16	27	5	0	52	17	27	18	17	12	31	8	38	24	41	59	56	46	12	21	29	44	55	71	50	54	29	36	16	44	45	66	56	28	8	39	25	40	26	45	53	54	48	46	48	46	20	33	47	23	34	
35	37	28	41	14	19	10	36	10	56	40	39	19	48	29	37	25	53	38	18	40	19	29	36	68	30	37	10	44	18	27	63	18	32	49	16	10	35	19	28	59	23	46	66	55	40	60	47	7	37	21	30	24	62	34	18	22	43	34	34	30	7	64	0	32	49	51	43	17	26	36	52	36	31	29	20	26	3	23	37	9	11	23	40	11	17	46	21	20	59	52	23	8	36	34	21	56	19	49	9	39	25	57	52	0	43	25	37	60	52	22	58	21	55	30	33	23	29	51	44	52	11	11	32	10	28	41	45	36	36	7	25	25	41	60	62	46	15	47	45	26	34	4	9	32	37	58	19	9	31	37	
69	35	38	37	30	25	34	30	45	13	34	31	51	11	25	12	19	11	15	37	26	24	17	20	29	53	15	39	4	42	17	42	26	47	33	30	50	11	46	41	20	56	26	40	34	17	19	11	40	9	23	13	51	20	50	26	52	28	25	16	17	46	42	43	11	29	8	24	27	38	17	27	45	39	25	34	36	41	21	14	47	51	26	12	32	32	16	53	46	23	9	25	39	55	47	42	20	35	6	41	6	20	22	17	43	0	20	7	17	27	21	17	36	12	25	43	42	48	8	4	14	34	44	56	45	38	11	18	13	27	36	52	41	10	25	26	9	35	37	28	53	37	39	36	51	29	14	25	37	12	41	
49	24	31	37	11	6	15	30	28	32	25	22	31	23	21	18	8	28	14	17	20	7	14	14	48	34	13	23	22	22	8	43	7	39	30	15	30	16	33	24	38	36	33	44	35	17	38	22	23	17	4	6	39	40	33	10	39	23	15	18	15	28	43	25	9	28	28	21	12	21	13	30	40	33	21	15	29	22	2	20	30	33	17	15	14	12	22	39	33	40	29	16	22	47	31	31	31	15	26	24	14	0	33	27	25	20	0	12	36	30	5	33	18	32	22	37	31	30	26	22	31	17	28	46	25	31	22	29	11	28	18	40	32	21	35	43	25	15	30	34	34	34	21	19	34	30	34	6	20	7	28	
61	29	36	38	23	18	27	30	39	19	28	25	43	12	23	13	13	16	10	29	21	18	14	14	37	45	9	33	10	34	11	40	19	44	28	24	43	10	41	33	28	48	29	39	31	12	26	11	34	10	16	7	47	28	42	20	48	23	18	16	14	40	39	37	5	25	16	19	21	30	11	25	43	37	24	26	34	34	14	15	41	45	23	7	26	25	14	49	42	30	17	21	33	53	39	38	21	27	14	35	2	12	23	18	37	7	12	0	23	25	15	21	29	20	24	41	38	40	14	10	21	28	38	53	37	36	15	23	6	27	30	48	38	14	26	33	15	28	32	30	46	36	33	30	43	30	22	18	31	6	34	
83	46	53	49	47	41	51	43	62	4	44	41	66	16	40	27	36	9	27	52	35	41	34	32	23	66	27	56	17	57	34	42	42	62	38	47	67	27	62	54	18	71	35	38	36	26	13	17	57	25	39	30	67	12	62	43	68	35	37	32	33	63	41	60	28	33	10	31	44	51	29	30	59	53	41	49	52	58	38	29	64	68	43	23	49	48	22	70	62	22	11	42	56	70	59	59	17	50	13	58	21	36	19	17	60	17	36	23	0	30	38	10	51	11	40	57	58	61	9	17	18	51	61	72	61	53	24	28	26	41	53	68	57	24	21	24	18	51	43	38	68	51	56	53	63	42	5	42	54	29	51	
62	20	60	63	38	35	42	55	58	26	18	16	49	17	48	38	36	21	16	36	12	37	39	16	52	43	17	53	31	40	34	15	36	68	8	45	53	35	63	32	45	52	53	14	7	13	41	16	52	34	34	29	69	41	37	40	69	10	18	41	39	57	14	52	30	4	32	8	42	31	17	0	68	61	48	33	58	49	31	40	59	62	46	17	43	35	11	69	63	49	34	45	51	77	35	61	13	34	32	54	24	30	12	12	52	27	30	25	30	0	35	20	34	36	48	66	61	39	24	31	41	47	57	75	47	60	38	46	20	52	46	70	61	37	12	51	36	38	14	55	47	61	48	48	40	55	32	34	49	29	26	
51	29	25	32	10	5	13	25	24	34	30	28	32	26	16	16	3	31	19	20	26	3	9	19	47	38	18	18	22	24	5	49	5	33	35	10	30	14	27	28	38	37	30	50	41	22	38	25	19	15	3	8	33	40	37	5	34	29	21	14	11	25	49	22	10	33	29	27	6	25	18	35	34	27	16	18	23	19	5	17	26	30	12	19	11	14	26	34	28	38	30	10	18	41	35	25	36	18	26	20	17	5	37	31	22	21	5	15	38	35	0	36	21	32	17	31	26	33	29	22	30	13	23	40	25	25	20	26	15	23	15	34	26	19	40	41	24	17	36	30	36	28	18	15	37	25	36	5	16	9	33	
76	37	55	54	44	39	48	47	60	8	35	32	61	10	42	30	34	5	20	46	27	39	34	25	33	59	21	54	19	51	32	32	40	64	28	46	62	28	62	47	27	65	41	28	26	19	23	11	55	26	37	28	68	22	54	41	69	26	30	34	34	61	31	58	26	23	16	22	42	44	23	20	62	56	43	43	54	55	35	32	62	66	44	18	47	43	13	70	63	31	17	42	54	73	51	59	7	44	17	56	19	33	9	8	58	17	33	21	10	20	36	0	45	18	43	60	59	54	9	19	25	49	60	73	56	55	28	34	22	44	51	69	58	27	11	33	23	46	34	44	61	55	54	51	56	46	14	39	52	27	43	
32	16	42	52	14	16	14	45	30	47	19	18	15	35	36	36	24	42	24	2	22	19	31	20	65	17	24	27	39	6	25	43	16	48	29	25	19	34	38	8	56	19	51	46	36	25	55	34	25	35	18	24	44	57	17	21	42	24	16	35	32	28	44	21	27	30	45	26	23	5	22	34	51	45	36	3	40	18	17	38	30	32	31	27	18	7	32	42	38	58	46	30	25	55	15	38	41	3	43	27	30	18	42	38	21	36	18	29	51	34	21	45	0	49	37	48	39	12	41	39	49	22	30	51	13	42	40	47	24	43	18	44	41	39	44	61	43	6	26	51	17	47	19	23	16	45	51	15	23	25	16	
81	47	43	38	42	37	46	33	54	10	46	43	63	19	31	19	29	15	27	49	38	35	26	32	17	65	27	48	10	54	27	50	38	51	42	39	62	19	54	53	9	68	24	46	43	28	6	20	50	17	34	26	58	8	62	37	60	39	38	23	25	56	49	55	22	38	4	34	37	50	29	36	48	43	32	46	42	52	34	20	56	60	35	24	43	45	25	62	54	13	2	34	49	60	60	50	25	47	6	50	19	32	27	24	55	12	32	20	11	36	32	18	49	0	31	47	49	60	12	10	7	44	53	62	57	43	15	17	25	30	47	59	47	15	29	15	9	48	48	27	66	41	50	46	63	32	6	37	47	24	53	
64	46	13	15	24	21	25	8	25	37	47	44	46	35	1	13	14	37	32	35	42	18	9	34	40	53	31	20	23	39	14	63	21	21	50	14	40	14	23	45	32	51	16	63	55	35	35	35	23	16	20	20	27	38	54	16	29	44	37	8	9	28	63	30	18	48	30	42	14	42	32	48	19	13	1	34	11	29	22	11	28	32	7	31	21	30	38	31	23	31	29	7	22	30	52	19	45	34	27	23	25	22	47	41	30	25	22	24	40	48	17	43	37	31	0	17	18	50	34	23	26	19	24	31	37	13	16	16	28	6	24	28	16	16	50	33	22	32	52	15	51	12	27	20	53	8	36	22	21	19	50	
69	61	6	11	34	34	34	14	24	55	62	59	52	53	18	30	30	54	49	46	58	31	26	51	53	63	48	23	41	49	31	80	33	5	67	23	44	32	16	56	46	56	26	80	72	52	50	53	26	33	34	37	15	53	65	28	19	61	52	26	26	27	80	33	36	65	47	58	26	54	49	66	3	4	17	45	8	34	36	28	26	29	19	48	30	41	55	22	15	44	46	21	25	13	63	13	63	45	44	24	43	37	65	59	33	43	37	41	57	66	31	60	48	47	17	0	10	60	51	41	41	26	23	16	43	6	33	30	45	16	31	16	8	33	68	46	39	42	68	23	59	6	32	26	64	15	53	35	26	36	63	
58	53	7	20	26	27	25	19	13	55	55	53	42	51	18	30	25	53	45	37	52	24	24	45	57	53	44	13	41	39	27	75	26	9	61	16	33	31	6	48	50	46	31	76	67	48	53	50	16	33	27	33	9	56	56	22	11	55	46	26	25	17	75	23	33	60	47	53	19	45	44	61	13	9	17	37	7	24	30	29	15	18	15	45	21	33	52	13	5	48	47	17	15	15	54	2	60	37	44	14	40	31	62	56	23	42	31	38	58	61	26	59	39	49	18	10	0	50	50	41	44	17	12	14	33	7	34	34	41	20	21	10	2	34	65	50	40	33	61	29	49	13	22	16	54	20	54	28	16	33	55	
23	18	54	64	26	29	26	57	39	57	21	22	13	45	49	49	37	51	34	14	27	32	43	29	77	5	34	37	51	11	38	44	28	59	32	37	22	46	47	7	68	14	63	49	39	34	67	43	34	47	30	36	53	68	5	33	51	29	23	48	44	36	45	29	39	34	56	32	35	9	32	39	63	57	48	15	52	27	29	50	39	39	43	37	30	19	40	50	48	70	58	42	35	65	5	48	49	15	54	37	41	30	49	46	29	48	30	40	61	39	33	54	12	60	50	60	50	0	51	51	61	34	39	61	19	54	52	59	35	56	29	54	52	51	50	73	55	18	27	63	9	59	28	34	4	58	61	28	34	37	14	
73	37	46	45	37	32	41	38	53	5	35	32	56	7	33	21	27	3	17	42	26	32	26	22	28	56	17	47	10	47	25	38	33	55	31	38	57	19	54	44	21	61	32	35	31	17	17	8	48	17	30	21	59	17	53	34	60	27	28	25	25	54	37	51	19	26	8	23	35	42	19	24	53	47	34	39	45	48	28	23	55	59	35	14	40	38	13	62	54	25	10	34	47	64	50	51	13	40	8	49	12	26	16	12	51	8	26	14	9	24	29	9	41	12	34	51	50	51	0	10	17	42	52	65	51	46	19	25	17	35	44	60	49	18	18	27	14	41	36	35	58	46	47	44	54	37	10	32	45	20	42	
71	39	36	34	32	26	35	27	45	13	38	35	53	14	23	10	19	14	19	39	30	25	17	24	26	56	18	39	0	44	17	46	27	45	37	30	52	10	45	44	17	58	22	44	38	21	16	15	40	8	24	15	50	18	53	26	51	32	29	14	16	46	45	44	12	33	7	28	27	41	21	31	42	37	24	36	35	42	23	12	47	51	26	16	33	35	20	53	45	19	7	25	39	54	50	41	23	37	4	41	9	22	26	21	44	4	22	10	17	31	22	19	39	10	23	41	41	51	10	0	10	34	44	55	47	36	8	15	16	25	37	51	39	7	28	22	5	38	41	24	56	35	40	36	54	27	14	27	37	14	44	
81	50	38	32	40	35	44	26	50	17	49	46	63	24	26	15	27	20	30	49	41	33	22	35	16	66	29	44	10	54	25	55	36	45	47	36	60	16	49	54	7	67	17	52	48	31	9	25	46	15	33	25	53	12	64	34	55	42	40	18	21	52	54	52	21	43	9	38	34	51	31	41	42	37	27	46	37	50	33	15	52	57	30	26	41	44	30	57	49	8	7	30	45	54	61	45	31	47	9	47	20	31	33	29	52	14	31	21	18	41	30	25	49	7	26	41	44	61	17	10	0	41	49	56	55	38	10	10	27	24	45	54	42	11	36	11	6	47	51	20	66	35	48	43	64	25	13	36	44	24	55	
45	36	20	31	9	11	8	25	11	47	38	36	27	39	18	26	15	44	31	20	36	10	18	31	57	37	30	5	34	23	17	60	10	25	46	5	21	25	16	31	48	32	35	61	52	34	49	39	6	26	13	21	22	52	39	8	22	39	30	22	19	12	60	11	23	45	41	38	7	28	30	47	29	23	17	20	18	10	15	25	13	17	12	32	4	16	39	22	17	48	41	12	5	32	37	15	49	19	38	7	30	17	50	44	11	34	17	28	51	47	13	49	22	44	19	26	17	34	42	34	41	0	10	30	18	20	30	34	28	25	5	23	18	30	53	51	35	16	45	34	33	25	7	2	38	26	48	12	3	22	38	
46	46	18	32	19	22	16	29	1	57	48	46	30	50	24	34	25	54	42	27	47	21	27	41	64	41	41	5	44	28	27	70	21	21	56	14	21	34	8	38	56	34	40	72	62	45	58	49	5	36	23	31	13	61	45	18	12	50	40	30	28	4	70	11	33	55	51	49	17	36	41	57	26	21	23	28	17	12	26	33	3	7	18	43	14	24	50	12	9	55	51	19	5	25	44	10	59	28	48	3	40	28	61	55	11	44	28	38	61	57	23	60	30	53	24	23	12	39	52	44	49	10	0	21	21	18	38	41	39	29	12	14	15	38	63	58	44	23	55	38	37	25	11	8	43	29	58	22	8	32	46	
65	66	18	27	39	41	37	30	22	68	68	66	50	65	31	44	40	68	59	49	66	38	38	60	69	63	58	24	55	50	41	89	40	11	75	30	41	45	13	59	62	54	42	90	81	62	65	65	26	47	41	47	7	68	67	36	10	69	60	40	39	24	89	32	47	74	61	67	33	57	58	75	16	19	30	49	19	34	44	42	22	23	30	59	34	45	66	12	13	60	60	31	26	5	65	14	75	49	58	24	55	46	77	71	32	56	46	53	72	75	40	73	51	62	31	16	14	61	65	55	56	30	21	0	42	18	47	46	55	32	33	7	15	47	79	62	53	45	75	39	58	22	32	28	65	31	68	41	28	47	68	
27	30	37	49	15	20	12	44	20	56	33	32	9	46	36	41	28	52	36	11	35	22	33	33	72	20	35	20	47	9	30	57	19	42	43	22	6	39	29	19	63	13	53	60	50	38	63	45	17	40	22	31	34	65	25	21	32	38	29	38	35	17	57	10	34	44	53	39	22	18	34	47	46	40	35	14	35	9	23	41	19	20	30	38	15	13	44	31	30	63	54	29	18	46	24	31	54	13	51	19	39	25	55	50	10	45	25	37	61	47	25	56	13	57	37	43	33	19	51	47	55	18	21	42	0	37	45	50	34	43	13	35	35	44	57	66	49	10	40	52	16	43	11	17	22	44	60	19	17	32	29	
64	54	0	13	28	27	28	12	20	50	55	53	46	48	13	26	24	50	43	40	52	25	21	45	51	57	42	17	36	43	25	74	27	8	61	17	39	27	13	50	44	51	24	75	66	46	47	47	20	29	27	31	15	50	59	22	18	54	46	21	21	23	74	28	30	59	43	52	20	47	43	60	9	3	12	39	2	28	30	24	22	25	13	43	24	35	50	20	13	42	42	15	19	17	57	9	58	39	40	19	37	31	60	54	28	38	31	36	53	60	25	55	42	43	13	6	7	54	46	36	38	20	18	18	37	0	29	28	39	14	25	16	4	29	62	44	35	36	62	22	53	6	26	20	58	13	49	28	20	31	57	
71	43	29	26	30	25	33	19	40	21	43	40	53	22	16	4	17	22	25	40	36	23	12	29	26	57	24	34	8	44	15	54	26	37	43	25	50	6	39	46	17	58	14	52	45	27	19	23	36	5	23	16	43	22	55	23	45	38	33	8	10	41	53	41	13	39	13	34	23	43	26	38	34	29	17	37	27	39	23	5	42	46	20	22	30	34	27	47	39	18	13	19	34	46	53	35	32	38	11	36	15	22	34	29	41	11	22	15	24	38	20	28	40	15	16	33	34	52	19	8	10	30	38	47	45	29	0	8	21	16	34	44	32	1	37	21	6	37	47	16	57	27	37	32	56	18	20	26	33	15	48	
77	51	28	21	36	31	38	16	42	26	51	48	59	30	17	10	23	28	33	46	44	29	17	37	23	64	32	37	15	51	21	61	32	35	51	29	55	13	39	53	16	64	7	59	53	35	19	30	39	13	29	24	43	22	63	29	45	46	41	12	15	44	61	45	20	47	18	42	28	50	34	46	31	27	18	44	27	44	30	9	44	48	22	30	35	41	35	47	39	14	17	22	38	43	60	35	38	44	16	39	23	29	41	36	45	18	29	23	28	46	26	34	47	17	16	30	34	59	25	15	10	34	41	46	50	28	8	0	29	14	39	44	32	9	43	17	10	43	55	9	63	24	42	36	63	15	23	32	36	22	56	
56	23	39	42	22	17	26	35	39	22	22	19	39	12	27	19	15	17	4	25	15	18	18	8	42	40	3	34	16	30	14	35	18	48	23	25	40	16	43	28	33	44	35	35	26	7	32	11	34	16	15	8	49	33	37	20	49	17	13	21	19	40	35	36	9	20	21	13	22	25	5	20	47	41	28	22	37	33	13	21	41	45	26	4	25	21	11	50	43	36	22	24	33	56	34	41	20	23	19	35	6	11	22	16	36	13	11	6	26	20	15	22	24	25	28	45	41	35	17	16	27	28	39	55	34	39	21	29	0	32	29	50	41	20	24	38	21	25	26	36	41	41	32	30	38	34	26	17	31	8	28	
70	52	14	10	30	27	31	2	30	38	52	50	52	38	7	14	20	39	37	42	47	24	14	39	37	60	35	26	25	46	20	68	27	21	55	20	46	17	26	51	30	57	11	67	59	39	33	38	29	18	26	25	29	36	60	22	31	49	42	11	13	33	67	36	22	52	30	46	21	48	37	52	17	13	7	40	13	35	28	12	33	36	13	35	27	36	41	34	26	28	29	13	27	30	58	22	48	40	27	28	28	28	50	44	36	27	28	27	41	52	23	44	43	30	6	16	20	56	35	25	24	25	29	32	43	14	16	14	32	0	30	30	18	17	53	30	22	38	57	9	57	10	33	26	60	2	36	28	27	24	56	
40	34	25	36	7	12	4	31	12	49	36	34	22	41	23	30	18	46	32	16	35	12	22	30	61	32	30	8	37	18	19	58	11	30	44	10	16	28	19	26	52	26	40	60	50	34	53	40	6	30	14	23	25	55	34	10	24	38	28	27	23	11	59	7	25	43	44	38	10	24	30	46	34	28	23	16	23	5	16	30	13	16	17	33	4	12	40	24	20	52	45	17	6	36	33	19	49	16	41	8	32	18	51	45	7	36	18	30	53	46	15	51	18	47	24	31	21	29	44	37	45	5	12	33	13	25	34	39	29	30	0	26	23	34	53	55	39	12	43	39	28	30	3	5	33	31	51	12	5	24	34	
58	60	16	28	32	34	30	28	14	65	61	60	43	60	28	40	34	63	54	42	60	32	34	54	67	55	52	17	51	43	36	83	33	12	69	24	34	41	7	52	60	47	41	84	75	56	63	59	19	43	35	42	1	66	59	30	3	62	53	36	35	17	83	25	42	68	57	61	28	50	53	70	18	18	27	42	17	26	38	39	15	16	25	54	27	38	61	5	6	58	57	26	19	12	58	9	70	42	54	17	50	40	72	66	25	52	40	48	68	70	34	69	44	59	28	16	10	54	60	51	54	23	14	7	35	16	44	44	50	30	26	0	12	44	74	60	50	38	68	38	50	21	25	22	57	29	64	35	21	42	61	
61	54	4	17	27	27	26	16	16	53	55	53	44	50	16	29	25	52	45	38	52	25	23	46	55	55	43	15	39	41	27	75	27	7	62	17	36	30	9	49	48	48	29	76	67	48	51	49	18	31	28	32	11	54	57	22	13	55	46	25	24	19	75	25	32	60	46	53	20	46	44	61	11	7	15	38	5	26	30	27	18	21	15	44	22	34	52	16	8	46	45	16	17	15	56	5	60	38	43	16	39	32	62	56	25	41	32	38	57	61	26	58	41	47	16	8	2	52	49	39	42	18	15	15	35	4	32	32	41	18	23	12	0	32	64	48	38	34	62	26	51	10	24	18	56	17	53	28	18	32	56	
70	42	29	26	29	24	33	20	39	21	42	39	52	21	16	4	16	21	24	39	35	22	11	28	27	56	23	33	7	44	14	53	25	37	42	25	49	5	39	45	18	57	15	51	44	26	19	22	35	4	22	15	43	22	55	23	45	37	32	8	10	41	52	41	12	38	13	33	23	42	25	37	34	29	17	36	27	38	22	5	41	46	20	21	30	34	26	47	39	19	13	19	34	46	52	35	31	37	10	36	14	21	33	28	41	10	21	14	24	37	19	27	39	15	16	33	34	51	18	7	11	30	38	47	44	29	1	9	20	17	34	44	32	0	36	21	6	36	46	17	56	27	37	31	55	19	20	25	32	14	47	
73	32	62	63	46	41	50	55	64	19	29	27	59	14	49	38	39	15	21	46	22	42	41	24	44	55	22	58	28	50	38	21	42	71	20	50	63	36	67	43	38	63	51	17	16	19	34	15	58	34	40	32	73	33	49	45	74	21	28	41	41	64	20	60	32	16	26	18	47	41	23	12	70	63	50	43	60	56	37	40	66	69	49	20	50	44	13	75	68	42	28	48	58	80	47	65	5	44	27	60	25	35	2	8	60	25	35	26	21	12	40	11	44	29	50	68	65	50	18	28	36	53	63	79	57	62	37	43	24	53	53	74	64	36	0	44	33	47	27	53	58	62	56	55	52	55	25	41	55	32	38	
92	61	44	35	51	46	54	32	59	25	60	57	74	34	34	25	38	30	41	60	52	44	33	46	7	78	41	54	22	65	36	65	47	51	57	46	71	27	56	66	6	79	20	61	58	43	10	35	56	26	44	37	59	12	75	45	62	53	51	28	31	61	64	62	33	53	19	49	44	63	43	51	46	43	35	58	43	60	44	25	61	65	39	38	51	55	40	64	56	2	17	39	55	59	73	52	40	58	19	56	32	43	42	39	62	26	43	33	24	51	41	33	61	15	33	46	50	73	27	22	11	51	58	62	66	44	21	17	38	30	55	60	48	21	44	0	18	58	62	23	77	40	58	52	76	31	19	47	53	35	67	
74	44	35	31	34	29	38	25	45	16	43	40	56	19	22	10	21	18	24	43	35	27	17	29	22	60	23	39	5	48	19	51	30	43	42	31	54	10	45	48	13	61	18	49	43	26	13	20	41	8	27	19	49	16	57	28	51	37	34	14	16	47	50	46	15	38	8	33	28	45	25	36	40	35	23	40	33	44	26	11	47	51	26	21	35	38	25	53	45	15	7	25	40	52	55	41	28	41	5	41	14	25	30	25	46	9	25	15	18	36	24	23	43	9	22	39	40	55	14	5	6	35	44	53	49	35	6	10	21	22	39	50	38	6	33	18	0	41	46	20	60	33	42	37	58	24	14	30	38	17	49	
33	22	36	46	8	12	8	40	23	47	25	24	15	36	31	33	20	42	26	4	26	14	26	23	63	21	25	20	38	7	22	48	11	42	34	19	16	31	31	14	54	20	46	51	41	28	54	35	18	32	14	22	37	56	23	15	36	28	19	31	28	21	49	15	25	34	44	29	17	12	24	38	45	39	31	5	34	12	14	34	24	26	25	28	12	3	34	35	32	55	45	24	18	48	21	31	44	4	41	20	29	15	45	40	15	35	15	28	51	38	17	46	6	48	32	42	33	18	41	38	47	16	23	45	10	36	37	43	25	38	12	38	34	36	47	58	41	0	32	46	19	41	12	16	22	40	50	11	17	23	23	
49	9	62	68	36	34	38	60	55	40	7	8	39	28	51	45	38	34	22	29	11	37	43	18	64	31	23	50	41	31	37	17	35	69	6	45	45	42	61	21	57	41	61	22	12	20	54	27	49	42	34	32	68	54	24	39	67	9	15	46	44	53	18	47	35	10	43	13	42	21	21	14	71	64	52	27	59	44	31	47	55	58	48	25	41	30	22	67	62	60	45	47	49	77	22	60	27	28	42	51	32	30	26	26	47	37	30	32	43	14	36	34	26	48	52	68	61	27	36	41	51	45	55	75	40	62	47	55	26	57	43	68	62	46	27	62	46	32	0	62	36	65	44	46	27	60	46	33	47	33	13	
79	58	22	12	38	34	40	9	40	36	58	55	60	39	15	17	26	38	40	49	51	31	20	44	30	68	39	35	24	54	26	70	35	28	59	29	55	20	35	58	24	65	3	68	62	43	28	39	38	20	33	30	37	31	67	30	40	53	48	16	19	42	70	45	27	56	28	50	29	55	41	55	23	20	16	48	21	44	34	15	42	46	22	38	36	44	44	42	34	21	26	22	36	36	65	30	48	48	26	37	31	34	50	45	45	28	34	30	38	55	30	44	51	27	15	23	29	63	35	24	20	34	38	39	52	22	16	9	36	9	39	38	26	17	53	23	20	46	62	0	66	17	42	35	67	8	33	35	36	29	62	
15	27	53	65	27	31	26	59	36	63	30	31	7	52	50	53	40	58	41	17	36	34	46	36	82	6	40	36	56	12	41	53	31	58	41	37	17	50	45	15	73	5	66	58	48	42	72	51	33	51	33	41	50	74	13	35	48	37	31	51	48	33	54	26	44	43	62	40	36	17	38	47	62	56	50	19	51	25	33	54	35	35	44	44	30	22	47	46	46	75	63	44	34	62	14	47	57	19	60	35	47	34	57	53	26	53	34	46	68	47	36	61	17	66	51	59	49	9	58	56	66	33	37	58	16	53	57	63	41	57	28	50	51	56	58	77	60	19	36	66	0	59	27	33	10	59	68	31	33	42	23	
70	58	6	7	33	31	33	8	26	49	59	56	52	48	13	25	26	49	45	45	54	28	22	47	47	62	44	23	35	48	27	76	31	11	63	22	45	26	19	55	40	57	20	76	67	48	43	48	26	28	31	32	20	47	64	26	23	57	49	21	22	29	76	34	31	61	41	54	24	52	45	61	7	3	13	44	7	34	33	23	28	31	16	44	29	40	51	26	19	38	40	17	25	19	62	15	58	44	38	25	38	34	60	54	34	37	34	36	51	61	28	55	47	41	12	6	13	59	46	35	35	25	25	22	43	6	27	24	41	10	30	21	10	27	62	40	33	41	65	17	59	0	32	25	63	9	47	32	25	32	61	
38	35	26	38	10	15	6	33	10	52	37	36	20	44	26	33	21	49	34	16	37	15	25	32	64	31	33	9	40	17	23	60	14	31	46	12	13	31	18	27	55	25	43	63	52	37	56	43	6	33	17	26	25	58	34	13	23	40	30	30	26	9	61	4	28	46	47	40	13	25	32	48	35	29	25	17	24	2	19	33	11	13	19	36	7	14	42	22	19	55	48	19	7	36	33	20	52	17	44	8	35	21	53	48	4	39	21	33	56	48	18	54	19	50	27	32	22	28	47	40	48	7	11	32	11	26	37	42	32	33	3	25	24	37	56	58	42	12	44	42	27	32	0	6	32	34	54	15	6	27	35	
44	38	20	31	10	13	8	26	9	49	39	38	26	41	19	27	17	46	33	20	38	12	20	32	59	37	32	4	36	23	19	61	12	25	47	6	20	26	15	31	50	31	36	63	53	36	51	41	4	28	14	23	21	54	39	10	20	41	31	24	21	10	62	9	25	46	43	40	9	29	32	48	29	23	19	21	18	8	17	27	11	15	13	34	5	17	41	20	15	50	43	13	3	31	38	14	50	20	40	5	32	19	52	46	9	36	19	30	53	48	15	51	23	46	20	26	16	34	44	36	43	2	8	28	17	20	32	36	30	26	5	22	18	31	55	52	37	16	46	35	33	25	6	0	38	27	50	13	1	24	39	
22	19	58	68	30	32	30	61	43	59	22	24	16	47	52	52	41	54	36	18	29	35	47	31	80	4	36	41	54	15	41	44	32	63	32	41	25	50	51	10	71	16	67	49	39	37	70	46	38	51	34	39	57	71	3	37	55	30	26	52	48	40	45	32	43	35	59	34	39	13	34	40	67	61	52	19	56	31	33	54	42	43	47	40	34	23	42	54	52	73	61	46	39	69	5	52	51	19	57	41	44	34	50	48	32	51	34	43	63	40	37	56	16	63	53	64	54	4	54	54	64	38	43	65	22	58	56	63	38	60	33	57	56	55	52	76	58	22	27	67	10	63	32	38	0	61	64	32	38	41	14	
72	54	13	8	32	29	33	1	31	40	54	52	53	40	9	17	22	41	39	43	49	26	16	42	38	61	38	26	27	47	22	70	29	20	57	21	47	19	26	53	31	58	11	69	61	42	34	40	29	20	28	27	28	37	62	24	31	51	44	13	15	33	69	37	25	55	32	48	22	50	39	55	16	12	9	42	13	36	30	14	33	37	14	37	29	38	44	33	26	29	31	15	28	28	60	21	50	42	29	29	31	30	52	46	37	29	30	30	42	55	25	46	45	32	8	15	20	58	37	27	25	26	29	31	44	13	18	15	34	2	31	29	17	19	55	31	24	40	60	8	59	9	34	27	61	0	38	30	28	26	58	
83	47	49	45	45	40	49	39	59	6	45	42	65	17	36	24	33	11	27	51	36	39	31	32	19	66	27	53	14	56	31	46	41	57	40	44	65	24	59	54	13	70	30	42	39	27	9	18	54	22	37	28	63	8	62	40	65	37	38	28	30	60	45	58	25	36	7	33	41	51	29	32	54	49	37	48	48	56	36	25	61	65	40	24	47	47	23	67	59	18	7	39	53	66	60	55	21	49	10	55	20	34	23	20	58	14	34	22	5	32	36	14	51	6	36	53	54	61	10	14	13	48	58	68	60	49	20	23	26	36	51	64	53	20	25	19	14	50	46	33	68	47	54	50	64	38	0	40	51	27	52	
45	26	28	37	5	1	9	30	23	37	27	25	26	29	21	22	9	34	19	14	24	4	15	18	52	32	18	18	27	18	10	48	1	36	33	11	25	19	28	23	43	31	35	49	39	22	43	28	17	21	2	11	34	45	32	6	34	27	18	20	17	23	48	19	14	32	34	26	8	20	18	34	37	31	21	12	26	16	4	23	24	28	16	21	8	8	27	34	29	44	34	15	17	43	30	27	37	12	31	19	20	6	39	33	19	25	6	18	42	34	5	39	15	37	22	35	28	28	32	27	36	12	22	41	19	28	26	32	17	28	12	35	28	25	41	47	30	11	33	35	31	32	15	13	32	30	40	0	14	13	28	
44	38	20	32	11	14	8	27	8	50	40	38	26	42	20	28	18	47	34	21	39	13	21	33	59	37	33	3	37	23	20	62	13	25	48	7	19	27	14	31	51	31	37	64	54	37	52	41	3	29	15	24	20	55	39	11	19	42	32	25	22	9	62	9	26	47	44	41	10	29	33	49	29	23	19	21	18	8	18	28	10	14	14	35	6	17	42	20	15	51	44	14	2	31	38	14	51	21	41	4	33	20	53	47	9	37	20	31	54	49	16	52	23	47	21	26	16	34	45	37	44	3	8	28	17	20	33	36	31	27	5	21	18	32	55	53	38	17	47	36	33	25	6	1	38	28	51	14	0	25	39	
57	29	31	34	18	12	21	26	33	25	29	26	39	18	18	12	7	22	13	25	22	12	10	15	40	42	11	27	14	30	5	44	13	39	31	18	38	9	35	31	31	44	28	43	35	15	30	17	28	9	10	1	41	32	40	14	42	25	19	13	10	34	43	31	2	28	21	22	15	28	13	29	39	32	19	22	29	28	9	14	35	39	17	12	20	20	19	43	36	32	21	16	27	48	38	33	27	23	18	29	8	7	29	23	31	12	7	6	29	29	9	27	25	24	19	36	33	37	20	14	24	22	32	47	32	31	15	22	8	24	24	42	32	14	32	35	17	23	33	29	42	32	27	24	41	26	27	13	25	0	33	
36	5	57	65	29	29	30	58	46	47	8	10	26	35	49	45	36	41	25	19	16	32	42	20	70	18	25	43	44	20	36	30	29	64	18	39	34	42	54	9	61	28	61	35	25	25	59	34	41	43	30	32	60	60	11	34	59	16	15	46	43	44	31	37	35	21	48	20	37	10	23	26	66	59	49	18	55	34	28	47	47	48	44	29	34	22	29	58	55	64	50	43	41	71	9	54	37	18	47	43	34	28	37	34	37	41	28	34	51	26	33	43	16	53	50	63	55	14	42	44	55	38	46	68	29	57	48	56	28	56	34	61	56	47	38	67	49	23	13	62	23	61	35	39	14	58	52	28	39	33	0	

