10  150
77	8	32	70	89	91	87	23	11	1	89	28	17	46	84	11	96	17	61	58	87	56	76	100	45	13	93	58	7	2	24	90	84	11	10	2	18	70	35	69	49	24	18	25	41	18	66	73	83	51	29	68	39	96	55	21	53	37	82	91	83	39	51	100	75	87	93	44	38	14	69	25	54	53	8	100	57	36	43	48	37	75	67	55	91	40	11	40	77	85	89	88	6	20	91	35	9	84	63	78	23	31	84	28	41	67	51	97	57	51	88	44	54	18	8	50	78	5	17	65	20	68	11	88	81	55	41	24	23	16	2	82	72	47	31	55	4	7	44	52	59	31	25	11	12	77	86	72	64	26	
99	42	66	62	44	23	42	68	53	36	32	63	97	19	13	3	11	23	17	83	87	91	12	56	33	40	65	16	39	33	42	50	36	60	76	7	91	13	49	98	33	83	30	69	37	47	2	55	81	91	28	68	82	30	91	25	43	61	44	61	8	34	32	41	59	46	89	10	56	71	94	3	37	16	87	46	16	13	24	75	48	57	67	2	37	75	99	51	39	46	61	7	38	67	83	80	55	71	24	45	45	98	93	52	78	25	55	70	28	53	91	51	76	62	40	90	59	26	70	64	59	8	4	13	76	15	70	62	61	44	75	48	71	87	94	34	20	45	59	82	74	96	43	86	78	84	32	4	60	69	
62	8	95	98	40	3	73	52	98	99	70	15	17	25	47	23	69	50	79	47	6	91	54	62	49	99	23	45	5	79	58	84	65	44	89	10	13	67	82	42	100	16	26	75	100	43	89	79	22	18	27	46	80	69	74	58	7	25	32	6	100	18	69	41	94	48	40	78	47	63	60	39	38	58	26	56	57	39	18	21	82	73	86	96	43	57	43	86	40	15	80	69	38	89	16	100	94	11	96	77	43	12	67	89	99	80	21	31	93	12	57	3	8	65	33	92	35	57	72	36	2	33	93	77	14	25	22	11	37	40	61	22	79	100	65	27	1	58	17	12	96	30	33	72	88	57	99	70	74	41	
76	88	75	61	53	13	4	25	17	15	25	59	92	70	14	82	22	81	90	80	69	52	30	23	73	64	35	31	66	4	57	44	71	16	67	97	94	1	62	55	31	46	86	6	98	15	82	75	5	68	38	51	88	47	38	89	13	8	92	82	70	14	58	67	80	82	16	53	1	5	18	43	98	26	76	35	41	96	98	64	89	94	48	93	37	30	40	92	85	20	31	24	1	55	30	77	25	38	87	57	15	30	84	86	55	67	82	15	38	91	53	98	47	60	48	40	33	78	35	60	31	11	51	84	100	26	3	8	35	29	74	54	29	23	46	47	43	75	16	33	58	17	16	94	59	53	97	45	46	5	
100	88	91	78	78	4	64	66	88	57	39	89	100	4	90	68	71	51	5	43	20	89	21	34	37	31	7	54	80	76	98	70	89	35	11	11	69	43	40	54	70	89	71	43	13	80	96	95	2	91	88	56	63	99	4	42	40	58	76	34	11	15	65	68	36	28	38	92	7	77	31	10	14	32	67	6	92	74	1	69	62	27	42	91	43	97	35	80	31	85	52	52	33	60	77	39	53	56	25	91	4	94	91	94	65	82	66	85	43	94	9	99	51	82	19	14	84	30	95	29	91	92	29	60	16	27	15	60	28	78	25	71	98	2	28	8	44	100	11	77	100	59	79	35	48	45	75	81	43	61	
18	12	81	21	99	1	58	45	15	51	29	16	96	83	59	20	3	94	49	12	49	70	27	10	24	65	9	73	70	42	99	69	92	90	40	83	60	8	85	60	65	72	2	57	98	70	82	86	30	33	59	10	28	41	12	98	8	20	68	85	65	33	63	50	59	66	84	51	13	4	52	32	6	22	71	56	96	66	92	53	78	50	30	52	100	59	76	93	50	70	40	69	26	84	75	14	11	83	8	66	62	3	43	39	34	44	36	32	57	95	40	89	65	7	94	61	21	83	64	79	20	27	14	77	22	14	98	86	96	25	86	34	12	9	67	73	96	18	79	70	50	73	7	77	66	9	66	26	48	65	
52	56	43	43	59	26	25	34	29	8	13	17	67	28	75	19	64	42	93	67	58	21	49	4	1	17	8	2	34	1	43	43	44	41	96	10	23	1	8	45	90	39	17	25	82	83	63	18	100	70	79	54	8	100	29	85	60	24	69	70	67	6	71	51	69	65	10	61	32	49	49	37	32	49	14	54	38	4	92	83	72	96	61	83	45	89	71	3	48	29	84	39	11	28	99	8	87	75	69	72	88	86	31	93	33	28	62	50	21	59	81	81	3	74	99	97	60	37	57	34	57	78	38	78	91	18	99	29	86	34	9	54	73	91	36	86	100	81	75	1	93	82	53	69	43	76	7	81	24	56	
72	48	10	32	70	92	9	93	44	16	81	19	21	65	48	12	52	78	69	26	19	34	96	72	34	97	73	88	52	61	86	25	6	1	54	71	73	30	47	35	11	63	16	26	47	100	48	59	70	24	2	100	11	18	52	96	51	2	100	10	53	3	73	88	50	45	68	86	93	82	63	92	81	54	63	63	84	95	92	10	83	69	91	52	25	63	56	85	38	16	60	62	82	14	90	56	99	18	56	86	26	75	94	79	36	64	22	56	81	27	72	7	87	47	56	51	85	16	86	34	28	58	18	75	67	40	20	3	52	51	53	97	26	81	55	75	64	60	20	46	41	13	61	59	82	84	43	77	70	70	
96	7	59	40	65	99	84	70	25	72	9	66	19	58	98	9	41	26	53	96	15	88	19	12	9	40	72	97	30	30	11	54	18	31	74	62	21	98	68	32	43	69	76	73	45	24	98	11	21	41	97	21	89	56	23	23	45	89	61	93	19	22	93	41	63	100	15	18	36	51	3	96	92	66	59	76	49	67	39	78	46	97	92	72	56	37	17	86	75	12	60	70	42	82	52	41	19	74	31	90	84	54	28	70	68	1	70	67	76	75	84	44	43	37	35	76	56	34	14	79	84	80	80	15	60	56	80	9	52	76	72	50	72	19	33	7	44	79	22	30	1	49	50	81	18	68	30	54	59	67	
83	25	35	29	37	8	61	3	22	37	9	98	91	65	32	71	65	96	73	69	32	39	25	7	9	2	55	64	82	13	59	69	45	84	68	62	49	18	61	100	72	60	11	95	46	87	24	55	20	69	84	5	21	59	80	85	83	63	16	62	99	54	84	92	74	59	3	46	38	6	4	39	83	52	60	90	96	64	37	26	49	99	86	89	10	46	24	30	50	59	42	68	92	68	85	100	98	91	37	14	28	22	64	26	57	28	35	69	4	29	90	60	57	99	65	86	27	45	44	8	38	23	49	52	75	36	44	76	98	65	45	67	48	8	41	84	50	44	93	85	37	11	26	46	100	21	85	29	2	94	
3977	7469	2405	2552	2702	3730	5069	2189	5187	1183	502	252	6056	5032	2146	7107	4691	3931	5387	7244	5277	4326	4690	1948	1484	6535	6670	4544	6578	1048	4878	1481	7169	171	5008	574	5688	4665	6702	855	7458	2475	841	5334	5692	3503	275	542	6549	6349	6413	1801	6004	5291	4117	6135	5391	479	6563	3928	7164	402	4061	2995	3223	1962	2420	100	1673	4259	4863	2617	7499	4180	3856	5547	3013	84	771	4240	7493	3836	533	205	1082	5520	6639	5821	984	2847	929	5355	528	2342	566	4760	6976	7445	5243	986	405	4945	1570	3285	4842	2123	1581	4296	4564	6812	6639	3593	1059	2752	332	3827	3168	6164	3215	195	7467	2597	2409	2570	7301	6448	4966	6721	5559	4937	5686	6115	2547	6592	6523	5422	1109	744	4911	565	354	3359	6218	5645	5226	3174	7447	2161	932	5814	
0	75	25	25	45	86	69	32	49	61	61	69	73	85	69	76	68	85	65	94	77	79	78	57	66	28	48	73	60	72	72	76	44	63	70	60	12	37	44	44	66	68	56	64	68	49	53	53	81	68	87	72	16	71	47	68	62	51	57	33	75	74	17	46	57	76	81	68	61	44	38	65	64	33	51	84	65	61	21	42	73	71	68	17	28	55	57	41	37	53	79	46	37	91	73	19	78	54	58	48	53	58	78	55	82	17	63	49	70	35	16	70	48	72	44	67	73	57	71	49	47	95	47	70	44	51	27	53	33	79	35	40	69	19	3	8	87	30	88	48	68	62	60	71	26	68	43	63	31	66	17	
75	0	50	56	32	46	26	53	50	16	72	53	17	21	8	8	8	23	47	34	32	26	54	65	40	46	55	58	26	33	60	52	66	48	50	26	66	68	30	58	10	9	74	16	62	43	38	32	20	7	40	11	60	62	30	72	14	68	20	59	5	58	64	29	24	45	13	55	25	31	38	13	40	41	47	22	11	37	54	33	6	20	16	59	46	68	54	69	40	43	29	52	52	37	60	55	30	42	47	35	34	63	45	51	32	64	15	48	31	41	60	69	30	28	38	9	36	29	67	28	47	39	64	64	47	25	48	69	42	22	58	59	17	57	72	66	29	45	43	27	13	15	14	52	52	40	32	14	46	41	58	
25	50	0	18	20	68	44	23	38	37	58	57	50	62	45	52	43	62	51	72	57	57	64	51	50	3	39	62	35	53	62	62	42	50	56	35	19	38	20	38	40	44	55	41	59	35	36	34	58	42	68	46	13	62	25	63	38	48	33	29	50	63	20	21	32	60	57	57	40	19	12	40	47	8	39	61	39	43	6	16	47	46	45	13	3	52	47	41	17	38	58	36	27	71	63	6	57	39	45	29	34	52	61	44	61	20	39	37	51	10	10	63	23	51	25	41	54	32	63	26	35	74	44	62	32	26	9	51	8	56	29	35	44	13	22	17	66	9	69	23	42	37	35	58	14	51	18	38	14	49	8	
25	56	18	0	34	60	58	7	24	40	40	44	50	62	49	56	48	62	40	70	53	55	53	35	41	19	24	48	49	48	48	51	24	38	45	49	12	20	27	22	49	48	37	43	44	24	28	29	58	49	62	56	10	47	26	47	42	31	36	11	55	50	8	29	45	51	59	43	38	27	25	50	39	20	26	61	48	36	13	27	56	58	46	10	19	34	32	23	16	28	54	21	12	67	49	15	54	29	33	24	28	36	53	30	57	8	42	24	46	25	20	48	36	47	20	50	48	47	48	28	22	70	26	47	19	31	10	33	19	55	12	18	55	8	22	18	64	13	63	30	53	47	42	46	4	42	29	42	10	40	18	
45	32	20	34	0	63	24	35	43	23	66	58	38	48	30	37	27	50	51	60	49	47	63	59	47	17	47	63	15	47	64	61	54	51	56	15	39	52	11	48	22	29	65	28	63	38	35	30	46	26	60	26	33	65	19	70	23	58	22	42	34	64	39	10	12	57	42	58	33	10	8	21	45	13	42	48	21	41	26	7	29	26	33	32	17	61	51	54	21	39	49	43	37	61	65	26	49	40	46	28	32	59	58	48	52	39	26	41	44	10	29	69	3	43	27	23	49	13	68	19	39	64	54	65	37	17	23	60	14	45	42	45	24	31	42	37	54	20	62	13	23	17	19	58	29	48	5	24	24	47	28	
86	46	68	60	63	0	70	53	38	41	44	22	29	29	39	38	43	26	21	22	14	20	14	41	19	66	41	23	67	16	25	14	51	24	18	66	73	58	52	45	51	39	50	36	30	36	33	34	27	45	8	56	70	28	45	40	42	47	41	54	41	22	69	53	63	10	35	24	30	53	62	55	21	61	34	26	51	25	68	57	52	65	32	69	66	45	32	56	51	32	16	41	48	15	25	71	16	31	28	39	34	39	7	33	14	69	38	37	19	65	76	36	63	20	42	50	14	68	33	44	38	18	47	30	41	46	61	48	61	24	53	49	61	67	83	79	21	60	5	50	57	56	47	18	60	18	58	41	56	20	74	
69	26	44	58	24	70	0	58	63	30	86	72	41	47	30	34	26	49	65	60	56	50	75	79	60	41	67	78	9	55	79	73	76	66	69	9	63	75	32	69	18	31	86	34	79	56	52	46	46	24	65	15	57	81	37	88	29	79	33	65	31	78	63	30	13	67	39	74	43	31	32	14	58	38	60	48	19	55	50	31	20	6	37	56	41	81	69	77	44	57	54	64	59	63	80	50	54	57	63	46	48	78	67	66	57	63	33	60	52	34	53	86	21	50	47	19	58	12	84	36	59	65	75	82	57	32	47	81	39	47	64	67	9	56	66	61	55	44	68	30	13	15	24	72	53	60	28	29	48	60	52	
32	53	23	7	35	53	58	0	16	37	34	37	45	57	45	51	45	56	33	63	46	49	46	28	34	23	17	41	49	41	40	44	20	30	37	49	20	17	26	15	46	44	32	38	37	17	21	23	52	46	55	54	17	40	23	40	39	25	33	7	51	42	15	28	45	43	54	36	32	26	27	48	31	22	19	55	45	29	19	27	53	57	41	17	23	28	25	19	13	20	48	14	5	60	41	22	47	22	25	18	22	29	45	22	50	15	38	16	39	28	27	41	37	41	15	47	41	47	41	25	14	64	21	40	12	28	14	27	21	49	7	12	54	15	30	26	57	15	55	28	51	45	39	39	9	35	29	39	10	33	25	
49	50	38	24	43	38	63	16	0	35	23	20	38	48	41	46	43	47	17	52	34	38	29	16	19	37	5	24	55	28	24	27	17	14	21	55	36	21	32	9	47	40	24	34	21	6	12	18	44	44	41	55	34	24	25	26	37	17	31	16	47	25	31	34	50	28	48	19	25	33	38	50	17	34	4	46	46	16	35	35	52	60	35	34	37	18	9	20	22	8	36	3	11	47	25	38	35	9	9	16	16	15	30	6	38	31	35	2	27	40	43	26	45	30	16	47	27	54	25	26	3	51	14	24	6	30	29	19	33	40	14	11	57	32	47	43	46	29	41	32	53	48	39	22	25	21	37	37	24	18	41	
61	16	37	40	23	41	30	37	35	0	57	42	14	25	8	15	8	26	35	37	27	23	44	50	29	34	40	47	26	25	48	42	51	36	39	25	51	52	17	43	12	7	59	5	49	28	23	17	22	9	37	20	45	50	14	58	2	52	4	43	14	47	48	16	22	37	20	43	13	17	26	16	28	28	32	25	12	24	40	21	17	27	9	44	34	53	40	53	24	28	26	37	36	37	49	41	26	28	33	19	19	49	37	37	29	48	3	33	22	29	47	56	22	21	22	12	27	27	54	12	32	40	49	51	31	10	34	54	28	21	42	43	23	43	58	52	30	31	40	13	19	15	6	41	37	29	20	2	31	29	45	
61	72	58	40	66	44	86	34	23	57	0	23	57	65	63	66	65	63	27	65	48	54	31	7	33	58	19	22	79	43	20	30	17	24	27	78	50	24	55	19	70	62	7	55	14	29	34	40	61	66	51	77	50	17	48	8	59	10	54	29	68	23	45	57	74	36	67	21	46	56	60	73	33	56	25	62	69	34	53	58	74	83	55	50	58	6	17	20	44	29	51	23	30	59	20	56	50	29	25	39	38	8	38	20	52	45	56	25	44	62	60	11	68	47	39	70	41	77	13	50	26	62	14	15	29	53	49	8	55	57	28	22	80	48	60	58	61	50	49	55	76	71	62	26	43	34	60	59	44	32	59	
69	53	57	44	58	22	72	37	20	42	23	0	37	43	45	47	48	41	7	42	25	32	9	19	13	56	21	5	67	21	6	8	30	7	4	66	56	37	46	25	54	44	28	38	9	22	22	27	39	50	28	61	54	8	38	19	44	25	39	35	49	6	51	48	62	13	46	2	29	47	54	58	14	52	18	41	54	17	54	51	57	69	37	54	56	23	12	34	40	19	29	23	31	36	7	57	28	18	12	29	26	17	15	14	29	51	40	20	23	57	63	16	59	26	32	54	19	67	13	39	22	39	26	10	25	42	48	26	51	35	34	29	65	52	67	63	38	48	26	45	61	57	48	3	45	13	52	43	43	12	61	
73	17	50	50	38	29	41	45	38	14	57	37	0	12	10	10	14	12	30	22	15	10	36	50	24	47	43	42	39	16	43	35	55	33	33	38	62	58	30	47	22	10	60	9	46	32	26	21	8	16	24	26	57	46	25	56	14	54	16	50	12	41	59	30	35	28	10	39	13	31	40	26	24	41	34	11	22	22	52	35	22	35	5	56	47	54	39	58	35	30	13	41	42	23	44	54	13	29	32	26	23	49	28	37	16	59	11	36	14	43	60	53	37	11	30	21	19	40	50	24	36	26	52	47	36	23	45	56	41	7	48	48	32	54	70	65	16	43	27	27	27	27	19	35	47	23	34	13	42	25	58	
85	21	62	62	48	29	47	57	48	25	65	43	12	0	18	13	22	2	37	13	17	10	39	59	31	59	53	47	47	21	48	38	65	40	39	46	74	69	42	57	29	19	69	21	52	42	36	33	4	24	21	32	69	51	37	62	25	64	28	61	16	46	71	41	43	31	8	45	24	43	51	33	32	53	44	2	30	32	64	46	27	41	17	68	59	63	48	68	47	40	14	51	54	16	49	66	15	39	41	38	34	57	30	47	15	71	22	46	21	55	72	59	47	18	42	28	24	48	56	36	46	18	62	53	47	35	58	65	53	8	60	58	38	66	82	77	8	55	25	38	34	35	29	40	60	30	46	24	54	32	70	
69	8	45	49	30	39	30	45	41	8	63	45	10	18	0	7	4	20	38	31	25	20	46	56	31	42	46	50	29	25	51	44	58	40	41	28	59	60	25	50	12	1	65	7	53	35	29	23	16	6	34	17	54	53	22	63	7	59	12	51	6	50	57	24	25	37	12	46	17	25	33	16	31	36	38	18	12	28	48	29	12	25	7	53	42	59	45	60	33	34	23	44	44	33	52	50	23	33	38	27	25	55	37	42	26	57	7	39	23	37	55	60	28	20	30	11	28	30	58	20	39	35	56	55	38	18	42	60	36	17	50	50	22	51	66	61	25	39	37	21	17	17	10	43	45	31	28	6	39	32	53	
76	8	52	56	37	38	34	51	46	15	66	47	10	13	7	0	10	15	40	26	24	17	46	60	34	49	51	52	33	26	53	45	63	42	43	32	66	66	32	55	16	8	69	13	56	40	34	29	12	11	31	19	61	56	29	66	14	63	19	57	3	51	64	31	31	38	5	49	21	33	41	20	34	43	42	14	17	32	55	36	14	28	11	60	49	63	49	66	40	38	21	49	50	29	54	57	22	38	41	33	31	58	37	47	24	64	13	44	24	44	62	63	35	21	36	15	29	35	60	27	44	31	61	57	44	25	49	65	44	14	56	56	25	58	73	68	21	46	35	28	21	22	17	45	52	33	35	13	46	34	60	
68	8	43	48	27	43	26	45	43	8	65	48	14	22	4	10	0	24	41	35	29	24	49	58	34	39	48	53	25	29	54	47	59	42	44	24	58	60	23	51	8	4	67	9	55	36	30	24	20	2	38	13	52	56	22	65	6	60	12	51	7	53	56	21	21	41	15	49	19	23	31	12	33	34	39	22	8	31	47	26	10	21	11	51	39	61	47	61	32	35	27	45	44	37	55	48	27	35	40	27	26	56	41	44	30	56	8	40	26	34	53	63	25	24	30	7	31	26	60	20	40	39	57	58	39	17	41	62	34	21	50	51	18	50	64	59	29	38	41	19	13	13	7	46	44	34	25	6	38	35	51	
85	23	62	62	50	26	49	56	47	26	63	41	12	2	20	15	24	0	36	11	15	9	38	58	30	60	52	45	48	20	47	37	64	39	37	47	74	68	43	56	31	20	68	22	50	42	36	33	4	25	19	34	69	49	38	61	26	63	29	61	18	44	71	42	45	29	10	43	24	44	52	35	31	54	43	1	31	31	65	47	29	43	17	68	60	62	47	67	48	39	12	50	54	14	47	67	13	38	40	38	34	56	28	46	13	71	23	45	20	56	72	57	48	17	42	30	22	50	55	36	46	16	61	51	46	36	58	64	54	7	59	58	40	66	82	77	6	56	22	39	36	36	30	39	60	29	47	25	54	31	70	
65	47	51	40	51	21	65	33	17	35	27	7	30	37	38	40	41	36	0	38	21	27	13	22	6	50	20	12	60	16	13	11	30	3	5	59	53	36	39	24	47	37	32	31	15	16	16	20	34	43	25	54	50	15	31	25	37	27	32	33	42	13	48	41	55	11	40	8	22	40	48	51	7	46	13	35	47	10	50	44	50	62	30	50	50	26	11	34	34	13	24	20	28	32	14	52	23	12	7	23	19	20	13	12	25	48	33	16	17	51	58	22	52	20	26	47	14	60	20	32	18	36	26	17	21	35	43	28	45	30	31	27	58	47	63	59	34	42	25	38	54	50	41	7	40	7	45	36	38	5	56	
94	34	72	70	60	22	60	63	52	37	65	42	22	13	31	26	35	11	38	0	18	14	35	60	32	69	56	44	60	23	46	35	68	41	38	59	82	73	53	61	42	31	70	32	51	47	42	40	14	36	14	45	77	49	47	61	37	65	39	67	29	43	78	53	56	29	21	44	32	54	62	46	34	64	48	12	42	35	74	57	40	54	27	77	69	64	49	72	56	44	15	55	60	6	46	76	16	43	43	45	41	58	27	49	13	78	34	50	24	66	82	57	59	22	49	41	24	61	54	46	51	5	64	51	52	46	67	66	64	15	65	63	51	75	91	86	6	65	17	49	47	48	41	39	68	31	57	36	63	33	79	
77	32	57	53	49	14	56	46	34	27	48	25	15	17	25	24	29	15	21	18	0	7	22	43	15	55	38	29	53	5	31	21	50	24	21	52	65	55	40	43	37	25	53	22	35	30	25	24	14	31	10	42	61	34	33	45	28	48	27	49	26	29	61	40	49	14	21	27	17	41	49	41	16	50	30	15	36	17	58	45	37	50	18	60	55	47	32	54	40	26	3	37	42	14	31	61	2	25	25	29	24	41	13	31	4	61	24	32	7	53	66	42	49	6	33	36	7	54	39	32	33	17	46	36	34	33	51	49	49	10	47	45	47	58	75	70	13	49	13	37	43	41	33	23	51	14	45	27	46	16	64	
79	26	57	55	47	20	50	49	38	23	54	32	10	10	20	17	24	9	27	14	7	0	30	49	21	55	43	36	49	11	38	28	55	30	28	48	67	59	38	47	32	20	59	18	42	33	28	25	7	26	14	36	63	41	32	52	24	54	25	52	20	36	64	38	45	21	14	34	17	39	48	36	22	49	34	8	32	22	59	43	31	45	14	62	55	53	38	59	41	31	4	42	46	13	38	61	5	29	31	30	26	47	20	37	6	64	20	37	11	52	67	49	46	8	35	31	13	50	46	31	37	17	52	43	38	31	52	55	49	3	51	49	41	60	76	71	8	50	17	35	37	37	29	30	53	20	43	23	48	22	65	
78	54	64	53	63	14	75	46	29	44	31	9	36	39	46	46	49	38	13	35	22	30	0	28	16	63	31	9	71	20	11	2	40	15	8	70	66	47	52	35	56	45	37	40	16	30	29	33	37	51	21	62	63	14	44	26	46	35	43	45	48	8	61	53	66	8	44	11	31	53	61	60	18	59	26	37	56	22	63	57	58	71	38	63	63	32	22	44	47	26	25	32	41	29	11	66	25	25	20	36	32	26	9	23	25	61	42	29	23	64	71	22	64	25	39	56	17	71	19	44	31	32	36	16	34	46	56	35	58	33	44	39	67	61	76	72	33	55	19	50	63	60	51	7	54	15	58	45	51	16	69	
57	65	51	35	59	41	79	28	16	50	7	19	50	59	56	60	58	58	22	60	43	49	28	0	28	51	12	20	72	38	18	27	13	19	22	71	45	21	48	13	63	55	10	49	12	22	27	33	55	60	47	70	45	16	41	12	53	7	47	24	61	21	40	50	67	32	60	17	39	49	53	66	27	49	18	57	62	28	47	51	68	76	49	45	51	4	11	17	38	22	46	16	24	54	19	50	45	22	18	32	31	2	34	13	47	40	50	18	38	55	55	13	61	41	32	63	36	70	14	43	19	58	9	15	22	46	42	6	48	51	23	17	73	43	55	53	56	43	45	48	69	64	55	22	37	29	53	52	38	27	53	
66	40	50	41	47	19	60	34	19	29	33	13	24	31	31	34	34	30	6	32	15	21	16	28	0	48	23	18	55	10	19	14	35	9	10	54	54	40	36	28	41	31	38	25	21	17	13	17	27	36	21	48	50	22	28	32	31	33	27	35	35	18	49	37	50	10	33	15	16	37	45	45	2	43	15	29	41	6	49	41	44	56	24	50	48	32	17	39	32	13	18	23	29	28	20	52	17	12	10	20	16	26	12	16	19	49	27	18	10	48	57	29	47	13	24	41	8	55	26	28	19	31	31	23	21	30	42	34	42	23	34	30	52	48	64	59	28	41	21	34	48	44	35	12	40	1	42	30	37	1	55	
28	46	3	19	17	66	41	23	37	34	58	56	47	59	42	49	39	60	50	69	55	55	63	51	48	0	39	61	32	51	61	61	43	49	55	32	22	39	17	39	37	41	55	38	58	34	34	31	55	39	65	43	16	61	22	63	35	49	31	30	47	62	22	18	29	58	54	56	38	16	9	37	46	5	38	58	36	42	9	13	44	43	42	15	0	52	46	42	16	37	56	36	27	68	62	9	55	38	44	27	32	52	60	43	59	22	36	36	48	7	13	63	20	49	24	38	52	29	62	23	34	72	44	61	31	24	9	51	5	54	30	35	41	15	25	20	63	8	67	20	39	33	32	57	15	49	14	35	13	48	11	
48	55	39	24	47	41	67	17	5	40	19	21	43	53	46	51	48	52	20	56	38	43	31	12	23	39	0	25	60	33	24	29	12	17	23	59	35	17	36	4	52	45	19	39	20	11	17	23	49	49	45	59	34	23	29	24	42	12	36	14	52	26	30	38	55	31	53	20	30	36	41	55	22	37	9	51	51	21	36	39	57	65	40	34	39	14	9	15	25	13	41	3	12	52	25	39	40	14	13	21	21	12	33	7	43	30	40	7	32	42	44	24	49	35	20	52	31	58	24	31	8	55	9	23	9	35	30	14	35	45	13	7	62	32	46	42	51	31	44	36	58	53	44	24	26	25	41	42	25	22	42	
73	58	62	48	63	23	78	41	24	47	22	5	42	47	50	52	53	45	12	44	29	36	9	20	18	61	25	0	72	26	2	9	32	12	8	72	60	39	51	28	60	49	28	44	7	27	27	33	43	55	30	66	58	5	43	17	49	27	45	39	53	1	55	53	67	15	50	5	34	52	59	63	19	57	23	44	59	22	59	56	62	74	42	58	61	23	15	36	45	24	32	27	36	38	2	62	31	23	17	34	31	17	17	18	32	55	45	25	27	62	67	13	64	30	37	59	23	72	10	44	27	41	28	7	30	47	53	26	56	39	38	32	70	56	71	67	41	53	28	50	66	62	53	6	49	18	57	48	48	17	65	
60	26	35	49	15	67	9	49	55	26	79	67	39	47	29	33	25	48	60	60	53	49	71	72	55	32	60	72	0	52	73	69	68	60	64	1	54	67	24	61	17	29	79	31	73	49	46	39	45	23	63	17	48	75	30	82	25	72	27	56	31	73	54	22	5	63	39	68	39	23	23	13	53	29	54	47	17	50	41	22	21	12	35	47	32	74	62	69	36	50	52	56	51	62	74	41	52	51	57	39	41	71	64	59	55	54	29	53	49	25	44	80	12	47	39	18	54	3	78	29	52	64	68	76	50	25	38	74	30	46	56	60	12	47	57	52	54	36	66	23	13	12	20	67	44	55	20	26	39	55	43	
72	33	53	48	47	16	55	41	28	25	43	21	16	21	25	26	29	20	16	23	5	11	20	38	10	51	33	26	52	0	27	19	45	19	17	51	60	49	36	37	36	25	48	20	31	24	19	19	18	31	14	42	56	30	29	41	26	43	25	43	28	25	56	37	47	12	24	23	14	37	46	40	11	46	24	19	36	12	54	41	38	50	17	56	51	42	27	48	36	21	8	32	37	19	28	56	7	20	20	24	20	36	12	26	9	56	22	27	3	50	62	38	47	5	28	36	2	52	35	28	28	23	41	32	29	30	46	44	45	13	42	39	47	53	70	65	18	45	16	34	42	40	31	19	46	9	42	25	42	11	60	
72	60	62	48	64	25	79	40	24	48	20	6	43	48	51	53	54	47	13	46	31	38	11	18	19	61	24	2	73	27	0	11	31	13	10	72	60	38	52	27	61	50	26	45	5	27	28	34	45	56	32	68	58	3	44	15	50	25	46	38	55	3	55	54	68	17	52	5	35	53	60	65	20	57	23	46	60	23	59	57	64	75	43	58	61	22	15	35	45	24	34	26	35	40	1	62	33	23	17	35	32	16	19	18	34	55	46	25	29	62	67	11	65	32	37	61	25	73	8	45	27	43	27	5	30	48	53	25	56	41	37	31	72	56	70	67	43	53	30	51	67	64	54	8	49	19	58	49	48	19	65	
76	52	62	51	61	14	73	44	27	42	30	8	35	38	44	45	47	37	11	35	21	28	2	27	14	61	29	9	69	19	11	0	39	13	6	68	64	46	50	33	55	43	37	38	16	28	27	31	36	49	21	61	61	14	42	26	44	34	41	43	47	8	59	51	64	7	43	10	30	51	59	59	16	57	25	36	54	20	61	55	57	69	36	61	61	31	20	43	45	24	24	31	39	29	11	64	23	23	18	34	30	25	8	22	24	59	40	27	21	62	69	22	62	24	37	54	16	69	19	42	29	32	35	16	32	44	54	34	56	32	42	37	65	59	74	70	32	53	19	48	61	58	49	5	52	13	56	43	49	14	67	
44	66	42	24	54	51	76	20	17	51	17	30	55	65	58	63	59	64	30	68	50	55	40	13	35	43	12	32	68	45	31	39	0	27	33	68	33	7	44	8	62	57	12	50	25	23	29	34	61	60	56	70	33	29	39	24	53	7	47	13	63	33	28	46	63	42	65	29	42	45	47	65	33	42	21	63	61	33	37	46	68	75	52	33	43	11	19	4	32	25	53	14	17	63	32	40	52	26	25	31	32	15	44	18	54	28	51	19	44	48	44	26	56	47	29	63	43	66	27	41	19	67	4	28	19	44	34	9	41	57	13	8	72	32	43	41	63	35	55	45	68	63	55	33	28	36	48	53	30	34	42	
63	48	50	38	51	24	66	30	14	36	24	7	33	40	40	42	42	39	3	41	24	30	15	19	9	49	17	12	60	19	13	13	27	0	6	60	51	33	39	21	48	39	29	33	13	15	15	21	36	44	28	55	48	14	31	23	38	24	33	30	44	13	46	41	55	14	42	7	23	40	47	52	8	45	11	38	48	11	48	44	52	63	32	48	49	23	8	31	33	12	27	17	25	36	13	51	26	11	5	22	19	17	16	9	28	46	34	14	19	50	56	20	52	22	25	48	17	60	18	32	16	39	23	15	18	35	41	25	44	32	29	24	59	45	61	57	37	41	28	38	55	51	42	8	38	10	45	37	36	8	54	
70	50	56	45	56	18	69	37	21	39	27	4	33	39	41	43	44	37	5	38	21	28	8	22	10	55	23	8	64	17	10	6	33	6	0	63	57	39	44	27	51	41	32	35	13	21	21	25	35	46	24	58	55	12	36	23	41	29	37	37	45	8	52	46	60	9	42	6	26	45	53	55	11	51	18	37	51	14	54	49	54	66	33	54	55	26	14	37	39	18	25	24	32	32	10	57	24	17	11	28	24	20	11	15	25	52	37	21	19	56	63	20	57	22	31	51	15	64	17	37	22	35	29	14	25	39	48	29	50	31	35	31	62	52	67	64	34	47	23	43	58	54	45	2	45	9	50	40	42	9	61	
60	26	35	49	15	66	9	49	55	25	78	66	38	46	28	32	24	47	59	59	52	48	70	71	54	32	59	72	1	51	72	68	68	60	63	0	54	66	23	61	16	28	78	30	72	48	45	39	44	22	62	16	48	74	29	81	24	71	26	56	30	72	54	21	4	62	38	67	38	23	23	12	52	28	53	46	16	49	41	21	20	11	34	47	32	73	62	68	35	50	51	55	51	61	73	41	51	50	56	39	41	70	63	59	54	54	28	53	48	25	44	79	12	46	38	17	53	3	77	28	51	63	67	75	49	25	38	73	30	45	56	59	11	46	57	52	53	35	65	22	13	11	19	66	44	54	19	25	39	54	43	
12	66	19	12	39	73	63	20	36	51	50	56	62	74	59	66	58	74	53	82	65	67	66	45	54	22	35	60	54	60	60	64	33	51	57	54	0	26	35	32	57	58	45	54	55	37	41	42	70	58	75	64	6	59	37	57	52	40	47	21	65	62	5	37	51	64	70	56	50	35	31	58	52	26	39	73	56	48	13	34	64	65	57	7	22	44	44	30	26	40	67	33	25	79	61	13	66	42	46	37	41	46	66	42	70	5	53	36	58	29	14	58	42	60	32	58	60	51	59	39	34	83	36	58	32	41	17	42	25	67	22	28	63	8	10	8	76	20	75	39	61	55	51	59	14	55	36	53	20	53	13	
37	68	38	20	52	58	75	17	21	52	24	37	58	69	60	66	60	68	36	73	55	59	47	21	40	39	17	39	67	49	38	46	7	33	39	66	26	0	43	12	63	59	19	53	33	26	32	37	64	61	62	70	27	36	39	32	54	14	48	10	66	41	21	45	62	48	68	36	45	43	44	65	39	39	25	67	62	37	32	44	69	74	55	28	39	18	25	4	31	28	57	17	16	68	39	35	56	30	30	33	35	22	50	24	59	21	53	22	49	45	38	34	54	51	30	64	48	65	35	41	22	72	11	35	22	44	30	16	38	61	10	10	71	26	36	34	68	32	61	45	68	62	55	40	24	42	47	54	27	39	37	
44	30	20	27	11	52	32	26	32	17	55	46	30	42	25	32	23	43	39	53	40	38	52	48	36	17	36	51	24	36	52	50	44	39	44	23	35	43	0	37	22	24	55	21	51	26	24	19	39	23	50	29	29	53	8	58	18	48	14	33	30	52	34	2	19	46	37	47	22	1	9	23	34	11	30	41	21	30	23	5	29	31	25	28	17	50	39	45	12	28	40	32	27	52	53	25	39	28	35	17	20	48	47	36	43	34	19	30	33	13	30	57	13	33	15	23	38	22	56	8	28	55	43	54	26	7	18	50	11	37	32	35	28	27	41	36	46	15	52	3	26	20	15	46	23	37	6	18	17	36	28	
44	58	38	22	48	45	69	15	9	43	19	25	47	57	50	55	51	56	24	61	43	47	35	13	28	39	4	28	61	37	27	33	8	21	27	61	32	12	37	0	55	49	17	42	23	15	21	26	53	52	49	62	32	26	31	25	45	10	39	11	55	30	27	39	56	35	57	24	34	38	41	57	26	37	13	55	54	25	34	40	60	67	44	32	39	13	13	11	26	17	45	6	11	56	28	37	44	18	17	23	24	14	38	12	47	27	43	11	36	43	42	26	50	39	22	55	36	60	26	33	11	60	6	25	12	37	29	12	35	49	10	4	64	30	43	40	55	30	49	38	60	55	47	28	24	29	42	45	25	27	40	
66	10	40	49	22	51	18	46	47	12	70	54	22	29	12	16	8	31	47	42	37	32	56	63	41	37	52	60	17	36	61	55	62	48	51	16	57	63	22	55	0	12	71	16	62	40	35	29	28	6	46	7	51	63	23	71	10	64	15	53	13	60	56	20	14	48	22	56	25	22	28	4	40	32	44	30	1	37	45	24	7	14	18	50	37	66	52	64	33	40	35	49	46	45	62	46	35	40	46	31	31	62	48	50	38	56	14	45	34	31	50	69	19	31	32	1	39	18	67	21	44	47	61	64	42	18	40	66	32	29	52	54	10	49	62	57	37	37	49	19	6	5	7	53	45	41	22	11	39	42	49	
68	9	44	48	29	39	31	44	40	7	62	44	10	19	1	8	4	20	37	31	25	20	45	55	31	41	45	49	29	25	50	43	57	39	41	28	58	59	24	49	12	0	64	6	52	34	28	22	16	6	34	17	53	53	21	62	6	58	11	50	7	49	56	23	25	37	12	46	16	25	33	16	30	35	37	19	12	28	47	28	13	26	7	52	41	58	44	59	32	33	23	43	43	33	51	49	23	32	37	26	24	54	37	42	26	56	6	38	22	36	54	59	28	20	29	11	27	30	57	19	38	35	55	54	37	17	41	59	36	17	49	49	22	50	65	60	25	38	37	20	18	17	10	43	44	31	27	5	38	31	52	
56	74	55	37	65	50	86	32	24	59	7	28	60	69	65	69	67	68	32	70	53	59	37	10	38	55	19	28	79	48	26	37	12	29	32	78	45	19	55	17	71	64	0	58	21	30	36	42	65	68	56	79	46	24	49	15	61	7	55	26	70	29	40	57	74	41	70	26	48	55	59	74	37	54	27	67	70	37	50	58	76	84	58	46	55	6	21	15	43	31	56	22	28	64	27	53	55	31	28	40	40	12	43	22	57	40	59	26	48	60	57	18	67	51	39	72	46	77	20	50	27	67	11	22	29	54	46	5	53	61	25	20	81	44	55	53	66	48	55	56	77	72	64	32	40	39	60	61	42	37	55	
64	16	41	43	28	36	34	38	34	5	55	38	9	21	7	13	9	22	31	32	22	18	40	49	25	38	39	44	31	20	45	38	50	33	35	30	54	53	21	42	16	6	58	0	46	27	22	16	17	11	32	22	48	47	17	56	6	51	7	44	13	44	51	20	27	32	16	40	10	22	30	20	24	32	31	20	15	22	43	25	19	30	4	47	38	52	38	53	27	26	21	36	37	32	46	45	21	26	31	20	18	47	32	35	24	51	2	32	18	34	51	53	27	16	23	15	23	32	51	15	31	35	48	48	31	14	37	53	32	16	43	43	26	46	61	56	25	34	35	17	22	19	11	37	39	25	25	5	34	26	49	
68	62	59	44	63	30	79	37	21	49	14	9	46	52	53	56	55	50	15	51	35	42	16	12	21	58	20	7	73	31	5	16	25	13	13	72	55	33	51	23	62	52	21	46	0	25	27	33	49	58	37	69	54	3	43	10	51	19	46	34	57	8	50	53	68	22	55	7	36	52	58	65	22	55	20	50	61	24	56	55	65	76	45	54	58	16	12	30	43	23	38	23	32	45	6	59	37	22	16	34	31	10	24	15	38	50	48	22	32	60	64	7	64	35	36	62	28	73	5	44	24	48	21	3	27	48	50	19	54	44	32	27	72	52	66	63	47	50	35	51	68	64	55	12	46	22	57	50	45	21	62	
49	43	35	24	38	36	56	17	6	28	29	22	32	42	35	40	36	42	16	47	30	33	30	22	17	34	11	27	49	24	27	28	23	15	21	48	37	26	26	15	40	34	30	27	25	0	6	11	38	38	38	48	34	27	19	32	30	24	25	19	40	28	32	28	44	26	42	22	19	27	33	43	14	30	4	41	39	12	33	30	46	54	29	33	34	25	13	26	18	3	32	9	12	44	28	36	31	5	10	9	9	21	28	10	34	32	28	4	23	35	41	31	39	25	10	41	24	48	30	20	4	47	20	28	5	24	26	25	29	34	17	16	50	31	47	42	42	26	38	26	46	42	33	23	24	18	32	30	21	16	39	
53	38	36	28	35	33	52	21	12	23	34	22	26	36	29	34	30	36	16	42	25	28	29	27	13	34	17	27	46	19	28	27	29	15	21	45	41	32	24	21	35	28	36	22	27	6	0	6	32	32	33	43	37	29	16	36	25	29	20	24	34	28	36	25	41	24	36	23	13	25	32	39	11	30	8	35	35	8	35	28	40	49	23	36	34	30	16	32	18	5	26	15	17	39	29	38	26	5	11	7	4	26	26	14	29	36	22	10	18	35	43	34	36	20	10	36	19	45	32	17	10	42	26	30	10	20	28	31	29	29	23	22	46	34	50	46	36	27	35	23	42	37	28	23	27	15	30	25	23	13	41	
53	32	34	29	30	34	46	23	18	17	40	27	21	33	23	29	24	33	20	40	24	25	33	33	17	31	23	33	39	19	34	31	34	21	25	39	42	37	19	26	29	22	42	16	33	11	6	0	29	26	34	36	37	35	11	42	19	35	13	28	29	33	38	20	34	27	31	28	8	20	28	32	15	26	15	31	28	11	34	24	34	43	18	36	31	36	23	37	16	11	25	20	21	38	34	36	24	11	17	5	2	32	28	20	28	38	16	16	17	31	42	40	31	18	9	29	20	39	38	11	15	41	32	36	15	14	27	37	26	25	27	27	39	34	50	46	34	25	35	17	35	31	22	27	27	18	25	18	22	17	40	
81	20	58	58	46	27	46	52	44	22	61	39	8	4	16	12	20	4	34	14	14	7	37	55	27	55	49	43	45	18	45	36	61	36	35	44	70	64	39	53	28	16	65	17	49	38	32	29	0	22	20	31	65	48	34	59	22	60	24	57	15	43	67	38	41	28	8	41	20	39	48	32	28	50	40	2	28	28	61	43	26	40	13	64	55	59	44	64	43	36	11	47	50	17	46	63	12	35	37	34	30	53	27	43	12	67	19	42	17	52	68	56	44	14	38	27	20	46	53	32	42	19	58	50	43	31	54	61	50	4	56	54	37	62	78	73	9	51	23	35	33	33	26	37	56	26	43	21	50	28	66	
68	7	42	49	26	45	24	46	44	9	66	50	16	24	6	11	2	25	43	36	31	26	51	60	36	39	49	55	23	31	56	49	60	44	46	22	58	61	23	52	6	6	68	11	58	38	32	26	22	0	40	11	53	58	23	67	7	62	13	52	8	55	56	21	19	43	16	51	21	23	31	10	36	34	41	24	6	33	47	26	8	19	13	52	39	63	49	62	33	37	29	46	45	39	57	48	29	37	42	29	28	58	43	46	32	56	10	42	28	34	53	65	24	26	31	5	34	24	62	21	41	41	58	60	40	18	41	63	34	23	51	52	16	50	65	59	31	38	43	19	11	11	7	49	45	37	25	7	39	37	51	
87	40	68	62	60	8	65	55	41	37	51	28	24	21	34	31	38	19	25	14	10	14	21	47	21	65	45	30	63	14	32	21	56	28	24	62	75	62	50	49	46	34	56	32	37	38	33	34	20	40	0	50	71	35	43	47	38	53	37	57	34	29	70	50	59	15	28	30	27	51	60	50	23	60	37	19	46	26	68	55	45	59	28	70	65	51	37	60	50	34	11	44	51	8	32	71	11	33	31	38	34	44	13	37	8	70	34	40	17	63	76	43	59	16	43	45	14	64	40	42	41	11	52	37	43	43	61	53	59	17	55	52	56	68	84	79	13	59	3	47	51	51	43	25	61	20	56	37	56	22	74	
72	11	46	56	26	56	15	54	55	20	77	61	26	32	17	19	13	34	54	45	42	36	62	70	48	43	59	66	17	42	68	61	70	55	58	16	64	70	29	62	7	17	79	22	69	48	43	36	31	11	50	0	58	70	31	78	17	72	23	60	16	66	63	27	16	54	24	62	32	29	33	6	47	38	52	33	8	44	51	30	5	9	24	57	43	73	60	72	40	48	40	56	54	48	68	52	40	48	53	38	39	69	54	57	42	63	21	52	39	36	56	76	24	37	40	7	45	19	74	29	51	50	68	71	50	25	47	74	39	32	60	62	6	56	68	63	40	44	54	26	3	9	15	60	52	48	28	18	46	48	54	
16	60	13	10	33	70	57	17	34	45	50	54	57	69	54	61	52	69	50	77	61	63	63	45	50	16	34	58	48	56	58	61	33	48	55	48	6	27	29	32	51	53	46	48	54	34	37	37	65	53	71	58	0	57	31	57	47	40	42	21	60	60	7	31	45	60	65	54	45	29	25	52	48	20	36	68	50	45	7	28	59	59	52	1	16	44	43	31	21	37	62	31	22	75	59	8	62	38	43	32	36	46	62	40	65	7	47	34	54	23	10	58	36	55	28	52	57	45	58	33	32	79	36	57	29	35	11	42	19	62	22	28	57	2	13	8	71	14	72	33	55	49	45	56	10	52	30	47	15	50	9	
71	62	62	47	65	28	81	40	24	50	17	8	46	51	53	56	56	49	15	49	34	41	14	16	22	61	23	5	75	30	3	14	29	14	12	74	59	36	53	26	63	53	24	47	3	27	29	35	48	58	35	70	57	0	45	12	52	23	48	37	57	6	54	55	70	20	55	7	37	54	60	66	22	57	23	49	62	25	59	57	66	77	46	57	61	19	15	33	45	25	37	26	35	43	3	62	36	24	18	36	33	14	22	18	37	54	48	25	31	63	67	8	66	34	38	63	27	74	5	46	27	46	25	2	30	49	53	22	56	44	36	30	73	55	69	66	46	53	33	52	69	65	56	10	49	22	59	51	48	21	65	
47	30	25	26	19	45	37	23	25	14	48	38	25	37	22	29	22	38	31	47	33	32	44	41	28	22	29	43	30	29	44	42	39	31	36	29	37	39	8	31	23	21	49	17	43	19	16	11	34	23	43	31	31	45	0	51	16	42	10	29	28	44	34	9	25	38	33	39	15	9	17	26	26	17	23	36	22	22	27	13	30	35	20	30	22	43	32	40	10	20	33	26	23	46	45	29	33	21	27	9	12	41	39	29	36	34	16	23	26	20	34	50	20	26	9	24	30	29	48	2	21	49	38	46	20	5	20	44	16	31	28	30	32	29	44	39	41	17	45	7	29	23	16	38	23	29	14	16	17	28	32	
68	72	63	47	70	40	88	40	26	58	8	19	56	62	63	66	65	61	25	61	45	52	26	12	32	63	24	17	82	41	15	26	24	23	23	81	57	32	58	25	71	62	15	56	10	32	36	42	59	67	47	78	57	12	51	0	60	17	55	36	67	18	52	60	77	32	65	17	46	59	64	74	32	61	28	60	70	34	59	62	75	85	55	57	63	13	19	28	49	31	48	27	35	55	15	62	47	31	25	42	40	11	34	22	49	52	57	28	42	66	67	4	71	45	43	71	38	81	7	52	30	58	21	10	33	56	54	15	59	55	35	29	82	55	67	65	58	55	45	58	77	73	64	22	49	32	64	60	50	31	65	
62	14	38	42	23	42	29	39	37	2	59	44	14	25	7	14	6	26	37	37	28	24	46	53	31	35	42	49	25	26	50	44	53	38	41	24	52	54	18	45	10	6	61	6	51	30	25	19	22	7	38	17	47	52	16	60	0	55	6	45	13	49	50	17	21	38	19	45	15	18	26	14	30	29	34	25	10	26	41	21	15	25	10	46	35	55	42	55	26	30	27	39	38	38	51	43	27	30	35	21	21	51	38	39	30	50	4	35	24	30	48	58	22	22	24	10	29	26	56	14	34	40	51	53	33	11	35	56	29	21	44	45	21	44	59	54	31	32	41	14	17	13	5	43	39	31	21	1	32	31	46	
51	68	48	31	58	47	79	25	17	52	10	25	54	64	59	63	60	63	27	65	48	54	35	7	33	49	12	27	72	43	25	34	7	24	29	71	40	14	48	10	64	58	7	51	19	24	29	35	60	62	53	72	40	23	42	17	55	0	49	19	64	28	35	50	67	38	64	24	42	48	52	67	32	47	20	62	64	32	43	50	70	77	52	40	49	4	16	10	36	25	51	15	21	60	26	46	50	25	23	33	33	9	40	17	52	35	52	19	43	53	50	19	60	46	32	65	41	70	21	43	20	64	4	22	22	47	39	2	46	56	18	13	74	38	50	48	61	41	52	49	70	65	57	29	34	34	53	54	35	32	49	
57	20	33	36	22	41	33	33	31	4	54	39	16	28	12	19	12	29	32	39	27	25	43	47	27	31	36	45	27	25	46	41	47	33	37	26	47	48	14	39	15	11	55	7	46	25	20	13	24	13	37	23	42	48	10	55	6	49	0	39	18	45	44	13	23	35	23	41	11	15	23	19	25	25	28	27	15	22	36	18	21	29	11	41	31	50	36	49	20	25	26	33	32	39	47	38	26	24	30	15	15	46	36	34	30	44	5	29	22	27	44	53	22	21	18	16	27	27	51	8	28	42	45	49	27	7	30	51	25	23	38	39	26	39	54	49	32	27	40	10	22	17	8	39	33	27	18	6	27	27	42	
33	59	29	11	42	54	65	7	16	43	29	35	50	61	51	57	51	61	33	67	49	52	45	24	35	30	14	39	56	43	38	43	13	30	37	56	21	10	33	11	53	50	26	44	34	19	24	28	57	52	57	60	21	37	29	36	45	19	39	0	57	40	16	35	52	44	59	34	36	33	34	55	33	29	19	59	52	31	24	34	59	64	46	21	30	23	23	12	21	22	51	12	7	63	39	27	50	23	26	24	26	25	46	21	53	16	44	17	42	35	31	37	44	44	21	54	43	54	37	31	15	66	15	37	14	34	20	21	28	53	1	7	61	19	32	29	61	22	57	35	58	52	45	38	14	37	36	45	17	34	29	
75	5	50	55	34	41	31	51	47	14	68	49	12	16	6	3	7	18	42	29	26	20	48	61	35	47	52	53	31	28	55	47	63	44	45	30	65	66	30	55	13	7	70	13	57	40	34	29	15	8	34	16	60	57	28	67	13	64	18	57	0	53	63	29	28	40	8	50	22	31	39	17	35	42	43	17	14	33	54	34	11	25	12	59	47	64	50	66	39	39	24	49	50	32	56	55	25	38	42	33	31	60	40	48	26	63	13	45	26	42	61	64	32	23	36	12	31	32	62	26	44	34	61	59	44	24	48	66	42	17	56	56	22	57	72	67	24	45	38	27	18	19	15	47	51	35	33	12	45	36	59	
74	58	63	50	64	22	78	42	25	47	23	6	41	46	50	51	53	44	13	43	29	36	8	21	18	62	26	1	73	25	3	8	33	13	8	72	62	41	52	30	60	49	29	44	8	28	28	33	43	55	29	66	60	6	44	18	49	28	45	40	53	0	57	54	68	14	50	6	34	53	60	64	19	58	24	44	59	23	60	57	63	74	42	59	62	25	17	38	46	25	32	28	37	37	3	63	31	24	18	35	32	19	16	19	31	57	45	26	27	63	69	14	65	30	38	60	23	73	11	45	28	40	29	8	31	48	54	28	57	39	39	34	71	57	72	68	40	54	27	51	66	63	53	6	50	18	58	48	49	18	66	
17	64	20	8	39	69	63	15	31	48	45	51	59	71	57	64	56	71	48	78	61	64	61	40	49	22	30	55	54	56	55	59	28	46	52	54	5	21	34	27	56	56	40	51	50	32	36	38	67	56	70	63	7	54	34	52	50	35	44	16	63	57	0	36	50	59	67	51	46	34	30	57	47	25	34	69	55	44	13	33	63	64	54	7	22	39	39	25	24	36	63	28	20	75	55	15	62	37	41	33	37	41	61	37	66	0	50	31	54	29	17	53	41	56	29	57	56	51	53	36	30	79	31	53	27	38	16	37	24	64	17	23	62	7	15	13	72	19	71	37	60	54	49	54	11	51	35	50	17	49	16	
46	29	21	29	10	53	30	28	34	16	57	48	30	41	24	31	21	42	41	53	40	38	53	50	37	18	38	53	22	37	54	51	46	41	46	21	37	45	2	39	20	23	57	20	53	28	25	20	38	21	50	27	31	55	9	60	17	50	13	35	29	54	36	0	17	47	36	48	23	2	10	21	35	12	32	41	19	31	25	5	27	29	25	30	18	52	41	47	14	29	40	34	29	52	55	26	40	30	36	18	21	50	48	38	43	36	19	32	34	13	31	59	11	34	17	21	39	20	58	9	30	55	46	55	28	7	20	52	13	37	34	38	26	29	43	37	46	17	53	3	24	18	14	48	25	38	5	17	19	37	29	
57	24	32	45	12	63	13	45	50	22	74	62	35	43	25	31	21	45	55	56	49	45	66	67	50	29	55	67	5	47	68	64	63	55	60	4	51	62	19	56	14	25	74	27	68	44	41	34	41	19	59	16	45	70	25	77	21	67	23	52	28	68	50	17	0	58	36	63	34	18	20	11	48	25	49	44	13	45	38	18	19	14	31	44	29	69	57	64	31	45	48	51	46	58	69	38	48	46	52	34	36	66	59	54	51	50	25	48	44	22	41	75	9	43	34	15	50	5	73	24	47	61	63	71	45	20	34	69	26	42	51	55	12	43	54	49	50	32	62	18	12	8	16	62	40	50	15	22	35	50	40	
76	45	60	51	57	10	67	43	28	37	36	13	28	31	37	38	41	29	11	29	14	21	8	32	10	58	31	15	63	12	17	7	42	14	9	62	64	48	46	35	48	37	41	32	22	26	24	27	28	43	15	54	60	20	38	32	38	38	35	44	40	14	59	47	58	0	36	15	24	47	55	52	12	53	24	29	48	16	59	51	50	63	30	60	58	36	22	46	42	23	17	31	39	23	17	62	16	21	18	30	26	29	2	23	17	59	34	27	14	58	68	28	57	17	34	48	9	63	25	38	29	26	38	22	31	40	52	38	53	25	43	39	59	58	74	69	25	51	13	44	55	52	43	10	51	9	52	37	47	10	65	
81	13	57	59	42	35	39	54	48	20	67	46	10	8	12	5	15	10	40	21	21	14	44	60	33	54	53	50	39	24	52	43	65	42	42	38	70	68	37	57	22	12	70	16	55	42	36	31	8	16	28	24	65	55	33	65	19	64	23	59	8	50	67	36	36	36	0	48	23	37	45	25	33	48	44	9	22	32	60	41	19	33	13	64	54	64	49	68	43	40	19	51	52	24	53	61	19	39	42	35	33	59	35	47	20	67	17	46	23	49	67	62	40	20	39	20	27	41	59	31	46	26	62	56	46	30	53	66	48	11	58	58	30	62	78	72	16	51	31	33	26	27	22	44	56	33	40	18	50	34	65	
68	55	57	43	58	24	74	36	19	43	21	2	39	45	46	49	49	43	8	44	27	34	11	17	15	56	20	5	68	23	5	10	29	7	6	67	56	36	47	24	56	46	26	40	7	22	23	28	41	51	30	62	54	7	39	17	45	24	41	34	50	6	51	48	63	15	48	0	30	48	54	59	15	52	18	43	55	18	54	51	59	70	39	53	56	21	11	33	40	19	31	22	31	38	6	57	30	18	12	30	26	15	17	13	31	51	41	20	25	57	62	14	59	28	32	55	21	67	11	39	22	41	24	8	25	42	48	24	51	37	33	28	66	51	66	62	40	48	28	46	62	58	49	5	44	15	53	44	43	14	60	
61	25	40	38	33	30	43	32	25	13	46	29	13	24	17	21	19	24	22	32	17	17	31	39	16	38	30	34	39	14	35	30	42	23	26	38	50	45	22	34	25	16	48	10	36	19	13	8	20	21	27	32	45	37	15	46	15	42	11	36	22	34	46	23	34	24	23	30	0	23	32	29	15	32	21	23	25	12	41	27	29	40	10	44	38	42	28	45	24	17	18	28	29	30	36	44	17	16	21	13	10	38	25	26	21	46	11	23	11	36	49	43	33	11	17	25	16	39	41	14	23	34	39	38	23	16	34	43	32	17	35	35	36	42	58	53	26	32	30	20	32	28	19	28	35	16	28	14	30	16	47	
44	31	19	27	10	53	31	26	33	17	56	47	31	43	25	33	23	44	40	54	41	39	53	49	37	16	36	52	23	37	53	51	45	40	45	23	35	43	1	38	22	25	55	22	52	27	25	20	39	23	51	29	29	54	9	59	18	48	15	33	31	53	34	2	18	47	37	48	23	0	8	23	35	10	31	42	21	31	23	4	29	31	26	28	16	50	40	45	12	29	41	33	28	53	54	24	40	29	36	18	21	48	48	37	44	34	20	31	34	12	29	58	12	34	16	23	39	21	57	9	29	56	44	55	27	8	18	50	11	38	33	36	28	27	41	35	47	15	53	4	26	20	16	47	23	38	5	19	17	37	27	
38	38	12	25	8	62	32	27	38	26	60	54	40	51	33	41	31	52	48	62	49	48	61	53	45	9	41	59	23	46	60	59	47	47	53	23	31	44	9	41	28	33	59	30	58	33	32	28	48	31	60	33	25	60	17	64	26	52	23	34	39	60	30	10	20	55	45	54	32	8	0	27	43	5	37	51	27	39	18	5	35	34	35	24	9	54	46	47	15	35	50	37	30	62	61	18	49	36	42	25	29	53	56	43	53	30	29	36	43	3	22	64	11	43	22	29	48	21	63	17	34	65	47	61	31	17	15	54	6	47	34	39	32	23	34	29	56	12	62	13	30	24	23	55	21	46	5	27	17	45	20	
65	13	40	50	21	55	14	48	50	16	73	58	26	33	16	20	12	35	51	46	41	36	60	66	45	37	55	63	13	40	65	59	65	52	55	12	58	65	23	57	4	16	74	20	65	43	39	32	32	10	50	6	52	66	26	74	14	67	19	55	17	64	57	21	11	52	25	59	29	23	27	0	44	32	47	34	4	41	45	24	8	10	23	51	37	69	55	66	34	44	39	51	49	49	65	46	39	43	49	34	34	65	52	53	42	57	18	48	38	30	50	72	18	36	35	5	43	15	70	24	47	51	64	68	45	20	41	69	33	33	54	56	7	50	62	57	41	38	53	20	3	3	10	57	46	45	22	15	40	46	48	
64	40	47	39	45	21	58	31	17	28	33	14	24	32	31	34	33	31	7	34	16	22	18	27	2	46	22	19	53	11	20	16	33	8	11	52	52	39	34	26	40	30	37	24	22	14	11	15	28	36	23	47	48	22	26	32	30	32	25	33	35	19	47	35	48	12	33	15	15	35	43	44	0	41	13	30	40	4	47	39	43	55	23	48	46	31	16	37	30	11	19	21	27	29	21	49	18	9	9	18	14	25	14	15	20	47	26	16	11	46	55	29	46	14	21	40	9	53	27	26	17	33	30	24	19	28	39	33	40	24	32	29	51	45	61	57	29	38	24	32	47	43	34	13	38	3	40	29	34	2	53	
33	41	8	20	13	61	38	22	34	28	56	52	41	53	36	43	34	54	46	64	50	49	59	49	43	5	37	57	29	46	57	57	42	45	51	28	26	39	11	37	32	35	54	32	55	30	30	26	50	34	60	38	20	57	17	61	29	47	25	29	42	58	25	12	25	53	48	52	32	10	5	32	41	0	34	53	31	37	13	8	39	39	36	19	5	50	43	42	12	33	50	33	26	63	58	13	50	34	40	23	27	49	55	40	53	25	31	32	43	5	18	60	16	43	20	33	47	26	59	18	31	66	43	58	28	18	9	49	1	48	29	34	37	18	30	25	57	7	62	15	35	29	26	53	16	44	10	30	12	43	17	
51	47	39	26	42	34	60	19	4	32	25	18	34	44	38	42	39	43	13	48	30	34	26	18	15	38	9	23	54	24	23	25	21	11	18	53	39	25	30	13	44	37	27	31	20	4	8	15	40	41	37	52	36	23	23	28	34	20	28	19	43	24	34	32	49	24	44	18	21	31	37	47	13	34	0	42	43	12	36	34	49	58	31	36	38	21	8	24	22	4	32	7	14	43	24	39	31	5	6	14	13	17	26	5	34	34	31	2	23	40	45	26	43	26	15	44	23	53	25	24	4	47	18	23	7	28	30	22	33	36	18	15	54	34	49	45	42	30	37	30	50	46	37	19	27	17	36	34	25	15	42	
84	22	61	61	48	26	48	55	46	25	62	41	11	2	18	14	22	1	35	12	15	8	37	57	29	58	51	44	47	19	46	36	63	38	37	46	73	67	41	55	30	19	67	20	50	41	35	31	2	24	19	33	68	49	36	60	25	62	27	59	17	44	69	41	44	29	9	43	23	42	51	34	30	53	42	0	30	30	63	46	28	42	16	67	58	61	46	66	46	38	12	49	52	15	47	65	13	37	39	36	33	55	28	45	12	69	22	44	19	55	71	57	47	16	40	29	21	49	54	35	44	17	60	51	45	34	57	63	53	6	58	57	39	65	81	76	7	54	23	38	35	35	29	38	58	28	46	24	53	30	69	
65	11	39	48	21	51	19	45	46	12	69	54	22	30	12	17	8	31	47	42	36	32	56	62	41	36	51	59	17	36	60	54	61	48	51	16	56	62	21	54	1	12	70	15	61	39	35	28	28	6	46	8	50	62	22	70	10	64	15	52	14	59	55	19	13	48	22	55	25	21	27	4	40	31	43	30	0	36	44	23	8	15	18	49	36	65	51	63	32	40	35	48	45	45	61	45	35	39	45	30	30	61	48	49	38	55	13	44	33	30	49	68	19	31	31	2	39	18	66	20	43	47	60	63	42	17	39	65	32	29	51	53	11	48	61	56	37	36	49	18	7	5	6	53	44	41	21	10	38	41	48	
61	37	43	36	41	25	55	29	16	24	34	17	22	32	28	32	31	31	10	35	17	22	22	28	6	42	21	22	50	12	23	20	33	11	14	49	48	37	30	25	37	28	37	22	24	12	8	11	28	33	26	44	45	25	22	34	26	32	22	31	33	23	44	31	45	16	32	18	12	31	39	41	4	37	12	30	36	0	43	35	41	51	21	44	42	31	16	36	26	8	20	19	25	31	24	46	19	7	9	14	10	26	18	15	22	44	23	14	11	42	51	31	42	14	18	37	12	49	29	22	15	35	30	26	17	25	36	33	36	24	30	27	48	42	58	54	30	35	27	28	43	40	30	17	35	7	36	26	31	6	49	
21	54	6	13	26	68	50	19	35	40	53	54	52	64	48	55	47	65	50	74	58	59	63	47	49	9	36	59	41	54	59	61	37	48	54	41	13	32	23	34	45	47	50	43	56	33	35	34	61	47	68	51	7	59	27	59	41	43	36	24	54	60	13	25	38	59	60	54	41	23	18	45	47	13	36	63	44	43	0	21	52	52	47	6	9	47	44	36	17	36	59	33	24	72	60	3	59	37	43	29	34	48	61	41	62	13	42	34	51	16	8	60	29	52	25	46	54	38	60	28	32	75	39	59	29	30	7	46	12	58	25	30	50	6	17	12	67	9	69	27	48	42	39	56	10	50	23	42	12	48	6	
42	33	16	27	7	57	31	27	35	21	58	51	35	46	29	36	26	47	44	57	45	43	57	51	41	13	39	56	22	41	57	55	46	44	49	21	34	44	5	40	24	28	58	25	55	30	28	24	43	26	55	30	28	57	13	62	21	50	18	34	34	57	33	5	18	51	41	51	27	4	5	24	39	8	34	46	23	35	21	0	31	31	30	27	13	53	43	47	14	32	45	35	29	57	57	22	44	33	39	21	25	51	52	40	48	33	24	34	39	8	26	61	10	38	19	25	43	20	60	13	32	60	46	58	29	12	17	53	9	42	34	38	29	26	38	33	51	14	57	8	27	21	18	51	22	42	2	22	17	41	25	
73	6	47	56	29	52	20	53	52	17	74	57	22	27	12	14	10	29	50	40	37	31	58	68	44	44	57	62	21	38	64	57	68	52	54	20	64	69	29	60	7	13	76	19	65	46	40	34	26	8	45	5	59	66	30	75	15	70	21	59	11	63	63	27	19	50	19	59	29	29	35	8	43	39	49	28	8	41	52	31	0	14	20	58	44	71	57	70	40	45	35	54	53	43	65	53	35	45	50	37	36	66	50	54	37	63	18	50	35	38	57	73	26	33	39	6	41	23	70	28	49	45	66	67	48	25	47	72	40	28	59	60	11	56	70	64	35	44	49	26	7	11	14	56	52	44	29	15	46	45	56	
71	20	46	58	26	65	6	57	60	27	83	69	35	41	25	28	21	43	62	54	50	45	71	76	56	43	65	74	12	50	75	69	75	63	66	11	65	74	31	67	14	26	84	30	76	54	49	43	40	19	59	9	59	77	35	85	25	77	29	64	25	74	64	29	14	63	33	70	40	31	34	10	55	39	58	42	15	51	52	31	14	0	33	58	43	79	66	76	43	54	49	62	58	57	76	52	49	54	60	44	45	75	63	63	51	64	28	58	48	36	55	83	23	46	45	14	53	15	81	34	57	59	74	78	55	30	48	79	40	41	64	66	3	57	68	63	49	45	63	29	8	12	21	68	54	56	29	25	48	56	54	
68	16	45	46	33	32	37	41	35	9	55	37	5	17	7	11	11	17	30	27	18	14	38	49	24	42	40	42	35	17	43	36	52	32	33	34	57	55	25	44	18	7	58	4	45	29	23	18	13	13	28	24	52	46	20	55	10	52	11	46	12	42	54	25	31	30	13	39	10	26	35	23	23	36	31	16	18	21	47	30	20	33	0	51	42	52	38	55	30	27	17	38	39	28	44	49	17	26	30	22	20	47	29	36	20	54	6	33	15	38	55	53	32	13	25	18	20	36	50	19	33	31	49	47	33	18	41	54	36	12	45	45	29	49	65	60	21	38	31	22	25	23	15	36	43	24	30	9	37	24	53	
17	59	13	10	32	69	56	17	34	44	50	54	56	68	53	60	51	68	50	77	60	62	63	45	50	15	34	58	47	56	58	61	33	48	54	47	7	28	28	32	50	52	46	47	54	33	36	36	64	52	70	57	1	57	30	57	46	40	41	21	59	59	7	30	44	60	64	53	44	28	24	51	48	19	36	67	49	44	6	27	58	58	51	0	15	44	42	31	20	37	62	31	22	74	59	7	61	38	43	31	36	46	62	40	65	7	46	33	53	22	10	58	35	55	27	51	56	44	58	32	31	78	36	57	29	34	10	42	18	62	22	28	56	2	14	9	70	13	71	32	54	48	44	56	9	51	29	46	14	49	8	
28	46	3	19	17	66	41	23	37	34	58	56	47	59	42	49	39	60	50	69	55	55	63	51	48	0	39	61	32	51	61	61	43	49	55	32	22	39	17	39	37	41	55	38	58	34	34	31	55	39	65	43	16	61	22	63	35	49	31	30	47	62	22	18	29	58	54	56	38	16	9	37	46	5	38	58	36	42	9	13	44	43	42	15	0	52	46	42	16	37	56	36	27	68	62	9	55	38	44	27	32	52	60	43	59	22	36	36	48	7	13	63	20	49	24	38	52	29	62	23	34	72	44	61	31	24	9	51	5	54	30	35	41	15	25	20	63	8	67	20	39	33	32	57	15	49	14	35	13	48	11	
55	68	52	34	61	45	81	28	18	53	6	23	54	63	59	63	61	62	26	64	47	53	32	4	32	52	14	23	74	42	22	31	11	23	26	73	44	18	50	13	66	58	6	52	16	25	30	36	59	63	51	73	44	19	43	13	55	4	50	23	64	25	39	52	69	36	64	21	42	50	54	69	31	50	21	61	65	31	47	53	71	79	52	44	52	0	15	14	39	25	50	17	24	58	22	50	49	26	22	35	34	6	38	16	51	39	53	20	42	56	54	15	63	45	34	66	40	72	17	45	22	62	8	18	24	49	43	2	49	55	22	16	76	42	54	52	60	44	50	50	72	67	58	26	37	33	55	55	38	31	52	
57	54	47	32	51	32	69	25	9	40	17	12	39	48	45	49	47	47	11	49	32	38	22	11	17	46	9	15	62	27	15	20	19	8	14	62	44	25	39	13	52	44	21	38	12	13	16	23	44	49	37	60	43	15	32	19	42	16	36	23	50	17	39	41	57	22	49	11	28	40	46	55	16	43	8	46	51	16	44	43	57	66	38	42	46	15	0	23	31	12	35	11	20	44	16	47	34	12	7	23	21	9	25	3	36	39	39	10	27	48	52	17	52	30	24	52	25	61	16	33	12	48	15	15	15	37	38	17	41	40	22	17	63	40	55	51	45	38	36	39	58	54	45	14	34	18	45	41	33	16	50	
41	69	41	23	54	56	77	19	20	53	20	34	58	68	60	66	61	67	34	72	54	59	44	17	39	42	15	36	69	48	35	43	4	31	37	68	30	4	45	11	64	59	15	53	30	26	32	37	64	62	60	72	31	33	40	28	55	10	49	12	66	38	25	47	64	46	68	33	45	45	47	66	37	42	24	66	63	36	36	47	70	76	55	31	42	14	23	0	33	28	56	17	17	67	36	38	55	29	28	33	35	19	48	22	58	25	53	22	48	48	42	30	57	50	31	65	47	67	31	42	22	70	8	32	22	46	33	12	41	60	12	10	73	30	40	38	66	35	59	46	70	64	56	37	27	40	49	55	30	38	40	
37	40	17	16	21	51	44	13	22	24	44	40	35	47	33	40	32	48	34	56	40	41	47	38	32	16	25	45	36	36	45	45	32	33	39	35	26	31	12	26	33	32	43	27	43	18	18	16	43	33	50	40	21	45	10	49	26	36	20	21	39	46	24	14	31	42	43	40	24	12	15	34	30	12	22	46	32	26	17	14	40	43	30	20	16	39	31	33	0	21	41	21	15	54	46	20	41	22	28	12	16	38	44	27	44	24	26	20	33	17	26	48	24	34	8	34	37	34	47	12	18	58	32	46	16	15	10	39	11	41	20	24	40	18	34	29	50	8	52	14	37	32	26	41	12	33	16	26	6	32	23	
53	43	38	28	39	32	57	20	8	28	29	19	30	40	34	38	35	39	13	44	26	31	26	22	13	37	13	24	50	21	24	24	25	12	18	50	40	28	28	17	40	33	31	26	23	3	5	11	36	37	34	48	37	25	20	31	30	25	25	22	39	25	36	29	45	23	40	19	17	29	35	44	11	33	4	38	40	8	36	32	45	54	27	37	37	25	12	28	21	0	29	11	16	40	25	39	28	1	7	11	9	21	25	9	31	36	27	6	20	38	45	29	41	22	13	41	20	49	28	21	6	44	22	26	8	25	29	26	32	32	21	18	51	34	50	46	39	29	35	27	47	42	33	20	27	14	34	30	24	12	43	
79	29	58	54	49	16	54	48	36	26	51	29	13	14	23	21	27	12	24	15	3	4	25	46	18	56	41	32	52	8	34	24	53	27	25	51	67	57	40	45	35	23	56	21	38	32	26	25	11	29	11	40	62	37	33	48	27	51	26	51	24	32	63	40	48	17	19	31	18	41	50	39	19	50	32	12	35	20	59	45	35	49	17	62	56	50	35	56	41	29	0	40	44	12	34	62	1	27	28	30	26	44	16	34	3	63	23	35	8	53	67	45	48	7	34	34	10	53	42	32	35	16	49	39	37	33	52	52	50	7	50	47	45	60	76	71	10	50	14	37	41	40	32	26	53	17	45	26	48	19	65	
46	52	36	21	43	41	64	14	3	37	23	23	41	51	44	49	45	50	20	55	37	42	32	16	23	36	3	27	56	32	26	31	14	17	24	55	33	17	32	6	49	43	22	36	23	9	15	20	47	46	44	56	31	26	26	27	39	15	33	12	49	28	28	34	51	31	51	22	28	33	37	51	21	33	7	49	48	19	33	35	54	62	38	31	36	17	11	17	21	11	40	0	9	51	27	36	39	12	13	17	18	16	33	8	42	28	37	5	31	39	41	27	45	33	17	49	31	55	27	28	5	55	12	26	6	31	27	17	32	43	11	7	58	29	44	40	50	27	45	33	55	49	41	25	23	24	37	39	22	22	39	
37	52	27	12	37	48	59	5	11	36	30	31	42	54	44	50	44	54	28	60	42	46	41	24	29	27	12	36	51	37	35	39	17	25	32	51	25	16	27	11	46	43	28	37	32	12	17	21	50	45	51	54	22	35	23	35	38	21	32	7	50	37	20	29	46	39	52	31	29	28	30	49	27	26	14	52	45	25	24	29	53	58	39	22	27	24	20	17	15	16	44	9	0	56	36	27	43	17	21	17	19	24	41	17	47	20	37	11	35	31	32	36	39	38	14	47	37	49	36	25	10	60	17	35	7	28	18	23	24	46	6	8	55	20	35	31	54	19	51	29	52	46	39	34	14	31	31	38	14	29	30	
91	37	71	67	61	15	63	60	47	37	59	36	23	16	33	29	37	14	32	6	14	13	29	54	28	68	52	38	62	19	40	29	63	36	32	61	79	68	52	56	45	33	64	32	45	44	39	38	17	39	8	48	75	43	46	55	38	60	39	63	32	37	75	52	58	23	24	38	30	53	62	49	29	63	43	15	45	31	72	57	43	57	28	74	68	58	44	67	54	40	12	51	56	0	40	74	13	39	38	43	38	52	21	44	9	75	34	46	21	66	80	51	60	19	47	44	20	63	48	45	47	3	59	45	49	45	65	61	62	16	61	59	54	72	89	84	8	63	10	49	50	50	42	33	65	26	57	37	60	29	78	
73	60	63	49	65	25	80	41	25	49	20	7	44	49	52	54	55	47	14	46	31	38	11	19	20	62	25	2	74	28	1	11	32	13	10	73	61	39	53	28	62	51	27	46	6	28	29	34	46	57	32	68	59	3	45	15	51	26	47	39	56	3	55	55	69	17	53	6	36	54	61	65	21	58	24	47	61	24	60	57	65	76	44	59	62	22	16	36	46	25	34	27	36	40	0	63	34	24	18	36	33	16	19	19	34	55	47	26	30	63	68	11	66	33	38	61	25	74	8	46	28	43	27	5	31	49	54	25	57	42	38	32	72	57	71	68	43	54	30	52	68	64	55	8	50	20	59	50	49	19	66	
19	55	6	15	26	71	50	22	38	41	56	57	54	66	50	57	48	67	52	76	61	61	66	50	52	9	39	62	41	56	62	64	40	51	57	41	13	35	25	37	46	49	53	45	59	36	38	36	63	48	71	52	8	62	29	62	43	46	38	27	55	63	15	26	38	62	61	57	44	24	18	46	49	13	39	65	45	46	3	22	53	52	49	7	9	50	47	38	20	39	62	36	27	74	63	0	61	40	46	32	36	51	64	44	65	15	44	37	54	16	5	63	29	55	28	47	57	38	63	30	35	78	42	62	32	31	9	49	13	60	27	33	50	8	16	11	70	11	72	28	48	42	40	59	13	53	23	43	14	51	3	
78	30	57	54	49	16	54	47	35	26	50	28	13	15	23	22	27	13	23	16	2	5	25	45	17	55	40	31	52	7	33	23	52	26	24	51	66	56	39	44	35	23	55	21	37	31	26	24	12	29	11	40	62	36	33	47	27	50	26	50	25	31	62	40	48	16	19	30	17	40	49	39	18	50	31	13	35	19	59	44	35	49	17	61	55	49	34	55	41	28	1	39	43	13	34	61	0	26	27	29	25	43	15	33	3	62	23	34	8	53	67	44	48	6	33	34	9	53	41	32	34	16	48	38	36	32	51	51	49	8	49	46	45	59	75	70	11	50	14	37	41	40	32	25	52	16	45	26	47	18	65	
54	42	39	29	40	31	57	22	9	28	29	18	29	39	33	38	35	38	12	43	25	29	25	22	12	38	14	23	51	20	23	23	26	11	17	50	42	30	28	18	40	32	31	26	22	5	5	11	35	37	33	48	38	24	21	31	30	25	24	23	38	24	37	30	46	21	39	18	16	29	36	43	9	34	5	37	39	7	37	33	45	54	26	38	38	26	12	29	22	1	27	12	17	39	24	40	26	0	6	11	9	21	23	9	29	37	27	7	18	39	46	29	41	21	14	40	19	50	27	21	8	43	23	25	9	25	31	27	33	31	22	19	50	36	52	47	37	30	33	28	46	42	33	19	29	13	34	29	25	11	44	
58	47	45	33	46	28	63	25	9	33	25	12	32	41	38	41	40	40	7	43	25	31	20	18	10	44	13	17	57	20	17	18	25	5	11	56	46	30	35	17	46	37	28	31	16	10	11	17	37	42	31	53	43	18	27	25	35	23	30	26	42	18	41	36	52	18	42	12	21	36	42	49	9	40	6	39	45	9	43	39	50	60	30	43	44	22	7	28	28	7	28	13	21	38	18	46	27	6	0	18	15	17	20	6	29	41	32	9	20	45	51	23	47	23	20	46	18	56	21	28	11	42	21	19	13	31	36	24	39	33	24	20	56	40	56	52	38	36	31	34	52	48	38	13	33	11	41	34	31	9	49	
48	35	29	24	28	39	46	18	16	19	39	29	26	38	27	33	27	38	23	45	29	30	36	32	20	27	21	34	39	24	35	34	31	22	28	39	37	33	17	23	31	26	40	20	34	9	7	5	34	29	38	38	32	36	9	42	21	33	15	24	33	35	33	18	34	30	35	30	13	18	25	34	18	23	14	36	30	14	29	21	37	44	22	31	27	35	23	33	12	11	30	17	17	43	36	32	29	11	18	0	4	31	32	20	33	33	20	14	22	28	38	40	29	23	4	31	25	38	39	10	13	46	29	37	11	14	22	35	22	30	23	23	41	29	45	41	39	21	40	16	37	32	23	30	22	21	23	21	17	20	35	
53	34	34	28	32	34	48	22	16	19	38	26	23	34	25	31	26	34	19	41	24	26	32	31	16	32	21	31	41	20	32	30	32	19	24	41	41	35	20	24	31	24	40	18	31	9	4	2	30	28	34	39	36	33	12	40	21	33	15	26	31	32	37	21	36	26	33	26	10	21	29	34	14	27	13	33	30	10	34	25	36	45	20	36	32	34	21	35	16	9	26	18	19	38	33	36	25	9	15	4	0	30	27	18	29	37	18	13	17	32	42	38	32	19	8	31	20	41	36	13	13	42	30	34	13	16	26	35	26	27	25	25	41	33	50	45	35	25	35	19	37	33	24	26	26	17	26	21	22	16	40	
58	63	52	36	59	39	78	29	15	49	8	17	49	57	55	58	56	56	20	58	41	47	26	2	26	52	12	17	71	36	16	25	15	17	20	70	46	22	48	14	62	54	12	47	10	21	26	32	53	58	44	69	46	14	41	11	51	9	46	25	60	19	41	50	66	29	59	15	38	48	53	65	25	49	17	55	61	26	48	51	66	75	47	46	52	6	9	19	38	21	44	16	24	52	16	51	43	21	17	31	30	0	32	12	45	41	48	17	36	55	56	12	61	39	32	62	34	70	12	42	19	55	11	13	21	45	43	8	48	49	24	18	72	44	56	54	54	43	43	48	68	63	54	20	38	27	53	51	38	25	54	
78	45	61	53	58	7	67	45	30	37	38	15	28	30	37	37	41	28	13	27	13	20	9	34	12	60	33	17	64	12	19	8	44	16	11	63	66	50	47	38	48	37	43	32	24	28	26	28	27	43	13	54	62	22	39	34	38	40	36	46	40	16	61	48	59	2	35	17	25	48	56	52	14	55	26	28	48	18	61	52	50	63	29	62	60	38	25	48	44	25	16	33	41	21	19	64	15	23	20	32	27	32	0	25	15	61	34	29	14	59	69	30	58	17	36	48	9	64	27	39	31	24	40	24	33	41	54	40	54	24	45	41	59	60	76	71	24	53	11	45	55	52	43	12	52	10	53	37	49	12	67	
55	51	44	30	48	33	66	22	6	37	20	14	37	47	42	47	44	46	12	49	31	37	23	13	16	43	7	18	59	26	18	22	18	9	15	59	42	24	36	12	50	42	22	35	15	10	14	20	43	46	37	57	40	18	29	22	39	17	34	21	48	19	37	38	54	23	47	13	26	37	43	53	15	40	5	45	49	15	41	40	54	63	36	40	43	16	3	22	27	9	34	8	17	44	19	44	33	9	6	20	18	12	25	0	35	37	36	7	26	45	49	21	49	29	21	50	24	58	19	30	9	48	15	18	12	34	35	18	38	39	20	15	60	38	52	49	44	35	37	36	56	51	42	16	31	17	42	39	30	15	47	
82	32	61	57	52	14	57	50	38	29	52	29	16	15	26	24	30	13	25	13	4	6	25	47	19	59	43	32	55	9	34	24	54	28	25	54	70	59	43	47	38	26	57	24	38	34	29	28	12	32	8	42	65	37	36	49	30	52	30	53	26	31	66	43	51	17	20	31	21	44	53	42	20	53	34	12	38	22	62	48	37	51	20	65	59	51	36	58	44	31	3	42	47	9	34	65	3	29	29	33	29	45	15	35	0	66	26	37	11	56	70	45	51	10	37	37	11	56	42	35	38	13	51	39	39	36	55	53	53	9	52	49	48	62	79	74	9	53	11	40	43	43	35	26	55	18	48	29	50	20	68	
17	64	20	8	39	69	63	15	31	48	45	51	59	71	57	64	56	71	48	78	61	64	61	40	49	22	30	55	54	56	55	59	28	46	52	54	5	21	34	27	56	56	40	51	50	32	36	38	67	56	70	63	7	54	34	52	50	35	44	16	63	57	0	36	50	59	67	51	46	34	30	57	47	25	34	69	55	44	13	33	63	64	54	7	22	39	39	25	24	36	63	28	20	75	55	15	62	37	41	33	37	41	61	37	66	0	50	31	54	29	17	53	41	56	29	57	56	51	53	36	30	79	31	53	27	38	16	37	24	64	17	23	62	7	15	13	72	19	71	37	60	54	49	54	11	51	35	50	17	49	16	
63	15	39	42	26	38	33	38	35	3	56	40	11	22	7	13	8	23	33	34	24	20	42	50	27	36	40	45	29	22	46	40	51	34	37	28	53	53	19	43	14	6	59	2	48	28	22	16	19	10	34	21	47	48	16	57	4	52	5	44	13	45	50	19	25	34	17	41	11	20	29	18	26	31	31	22	13	23	42	24	18	28	6	46	36	53	39	53	26	27	23	37	37	34	47	44	23	27	32	20	18	48	34	36	26	50	0	32	19	32	49	55	25	18	23	14	25	30	53	14	32	37	49	50	31	12	36	54	31	18	43	43	25	45	60	55	27	33	37	16	20	18	9	39	39	27	23	3	33	27	47	
49	48	37	24	41	37	60	16	2	33	25	20	36	46	39	44	40	45	16	50	32	37	29	18	18	36	7	25	53	27	25	27	19	14	21	53	36	22	30	11	45	38	26	32	22	4	10	16	42	42	40	52	34	25	23	28	35	19	29	17	45	26	31	32	48	27	46	20	23	31	36	48	16	32	2	44	44	14	34	34	50	58	33	33	36	20	10	22	20	6	35	5	11	46	26	37	34	7	9	14	13	17	29	7	37	31	32	0	26	38	42	27	43	28	14	45	26	52	26	24	2	50	16	25	5	28	28	21	31	38	15	12	55	31	46	43	45	28	40	30	51	46	37	22	24	20	35	34	23	17	40	
70	31	51	46	44	19	52	39	27	22	44	23	14	21	23	24	26	20	17	24	7	11	23	38	10	48	32	27	49	3	29	21	44	19	19	48	58	49	33	36	34	22	48	18	32	23	18	17	17	28	17	39	54	31	26	42	24	43	22	42	26	27	54	34	44	14	23	25	11	34	43	38	11	43	23	19	33	11	51	39	35	48	15	53	48	42	27	48	33	20	8	31	35	21	30	54	8	18	20	22	17	36	14	26	11	54	19	26	0	47	59	39	44	3	26	33	5	49	36	25	26	24	41	33	28	27	44	44	42	13	41	38	44	51	67	63	18	42	18	31	40	37	28	21	44	9	39	23	39	11	57	
35	41	10	25	10	65	34	28	40	29	62	57	43	55	37	44	34	56	51	66	53	52	64	55	48	7	42	62	25	50	62	62	48	50	56	25	29	45	13	43	31	36	60	34	60	35	35	31	52	34	63	36	23	63	20	66	30	53	27	35	42	63	29	13	22	58	49	57	36	12	3	30	46	5	40	55	30	42	16	8	38	36	38	22	7	56	48	48	17	38	53	39	31	66	63	16	53	39	45	28	32	55	59	45	56	29	32	38	47	0	19	66	13	47	25	32	51	22	65	21	36	69	49	63	33	20	15	55	7	50	35	40	34	22	32	27	60	12	66	16	33	27	27	58	21	49	9	31	17	48	18	
16	60	10	20	29	76	53	27	43	47	60	63	60	72	55	62	53	72	58	82	66	67	71	55	57	13	44	67	44	62	67	69	44	56	63	44	14	38	30	42	50	54	57	51	64	41	43	42	68	53	76	56	10	67	34	67	48	50	44	31	61	69	17	31	41	68	67	62	49	29	22	50	55	18	45	71	49	51	8	26	57	55	55	10	13	54	52	42	26	45	67	41	32	80	68	5	67	46	51	38	42	56	69	49	70	17	49	42	59	19	0	68	32	60	34	52	63	41	68	36	40	84	46	67	37	37	15	53	18	66	32	38	53	12	13	8	75	17	78	33	52	47	45	65	18	59	28	48	20	57	2	
70	69	63	48	69	36	86	41	26	56	11	16	53	59	60	63	63	57	22	57	42	49	22	13	29	63	24	13	80	38	11	22	26	20	20	79	58	34	57	26	69	59	18	53	7	31	34	40	56	65	43	76	58	8	50	4	58	19	53	37	64	14	53	59	75	28	62	14	43	58	64	72	29	60	26	57	68	31	60	61	73	83	53	58	63	15	17	30	48	29	45	27	36	51	11	63	44	29	23	40	38	12	30	21	45	53	55	27	39	66	68	0	70	42	42	69	35	79	3	51	29	54	22	6	32	54	54	18	59	52	36	30	79	56	68	66	54	55	41	57	75	71	62	18	50	29	63	58	50	28	66	
48	30	23	36	3	63	21	37	45	22	68	59	37	47	28	35	25	48	52	59	49	46	64	61	47	20	49	64	12	47	65	62	56	52	57	12	42	54	13	50	19	28	67	27	64	39	36	31	44	24	59	24	36	66	20	71	22	60	22	44	32	65	41	11	9	57	40	59	33	12	11	18	46	16	43	47	19	42	29	10	26	23	32	35	20	63	52	57	24	41	48	45	39	60	66	29	48	41	47	29	32	61	58	49	51	41	25	43	44	13	32	70	0	43	28	21	49	10	69	19	41	63	56	67	39	17	26	62	17	44	44	48	21	34	45	40	53	23	62	13	20	15	17	59	32	48	7	23	27	48	31	
72	28	51	47	43	20	50	41	30	21	47	26	11	18	20	21	24	17	20	22	6	8	25	41	13	49	35	30	47	5	32	24	47	22	22	46	60	51	33	39	31	20	51	16	35	25	20	18	14	26	16	37	55	34	26	45	22	46	21	44	23	30	56	34	43	17	20	28	11	34	43	36	14	43	26	16	31	14	52	38	33	46	13	55	49	45	30	50	34	22	7	33	38	19	33	55	6	21	23	23	19	39	17	29	10	56	18	28	3	47	60	42	43	0	27	31	7	48	39	26	29	23	44	36	30	26	45	47	43	10	43	41	42	53	69	64	16	43	19	31	38	36	27	24	46	13	39	21	41	14	58	
44	38	25	20	27	42	47	15	16	22	39	32	30	42	30	36	30	42	26	49	33	35	39	32	24	24	20	37	39	28	37	37	29	25	31	38	32	30	15	22	32	29	39	23	36	10	10	9	38	31	43	40	28	38	9	43	24	32	18	21	36	38	29	17	34	34	39	32	17	16	22	35	21	20	15	40	31	18	25	19	39	45	25	27	24	34	24	31	8	13	34	17	14	47	38	28	33	14	20	4	8	32	36	21	37	29	23	14	26	25	34	42	28	27	0	33	29	38	40	11	12	50	28	38	10	14	18	34	19	34	20	21	42	25	41	36	43	17	44	16	38	33	25	33	18	25	21	24	13	23	31	
67	9	41	50	23	50	19	47	47	12	70	54	21	28	11	15	7	30	47	41	36	31	56	63	41	38	52	59	18	36	61	54	63	48	51	17	58	64	23	55	1	11	72	15	62	41	36	29	27	5	45	7	52	63	24	71	10	65	16	54	12	60	57	21	15	48	20	55	25	23	29	5	40	33	44	29	2	37	46	25	6	14	18	51	38	66	52	65	34	41	34	49	47	44	61	47	34	40	46	31	31	62	48	50	37	57	14	45	33	32	52	69	21	31	33	0	38	20	67	22	44	46	61	64	43	19	41	67	34	28	53	55	11	50	64	58	36	38	48	20	6	6	8	53	46	41	23	11	40	42	50	
73	36	54	48	49	14	58	41	27	27	41	19	19	24	28	29	31	22	14	24	7	13	17	36	8	52	31	23	54	2	25	16	43	17	15	53	60	48	38	36	39	27	46	23	28	24	19	20	20	34	14	45	57	27	30	38	29	41	27	43	31	23	56	39	50	9	27	21	16	39	48	43	9	47	23	21	39	12	54	43	41	53	20	56	52	40	25	47	37	20	10	31	37	20	25	57	9	19	18	25	20	34	9	24	11	56	25	26	5	51	63	35	49	7	29	38	0	54	32	30	27	23	40	29	29	32	47	42	46	16	41	38	50	54	70	65	20	46	15	36	45	43	34	17	47	7	44	28	42	9	60	
57	29	32	47	13	68	12	47	54	27	77	67	40	48	30	35	26	50	60	61	54	50	71	70	55	29	58	72	3	52	73	69	66	60	64	3	51	65	22	60	18	30	77	32	73	48	45	39	46	24	64	19	45	74	29	81	26	70	27	54	32	73	51	20	5	63	41	67	39	21	21	15	53	26	53	49	18	49	38	20	23	15	36	44	29	72	61	67	34	49	53	55	49	63	74	38	53	50	56	38	41	70	64	58	56	51	30	52	49	22	41	79	10	48	38	20	54	0	78	28	51	65	66	75	48	25	36	72	27	47	54	58	15	44	54	49	55	33	67	22	16	13	21	66	42	55	18	27	37	55	40	
71	67	63	48	68	33	84	41	25	54	13	13	50	56	58	60	60	55	20	54	39	46	19	14	26	62	24	10	78	35	8	19	27	18	17	77	59	35	56	26	67	57	20	51	5	30	32	38	53	62	40	74	58	5	48	7	56	21	51	37	62	11	53	58	73	25	59	11	41	57	63	70	27	59	25	54	66	29	60	60	70	81	50	58	62	17	16	31	47	28	42	27	36	48	8	63	41	27	21	39	36	12	27	19	42	53	53	26	36	65	68	3	69	39	40	67	32	78	0	49	28	51	23	3	31	53	54	20	58	49	36	30	77	56	69	66	51	54	38	55	73	69	60	15	50	26	62	55	49	25	66	
49	28	26	28	19	44	36	25	26	12	50	39	24	36	20	27	20	36	32	46	32	31	44	43	28	23	31	44	29	28	45	42	41	32	37	28	39	41	8	33	21	19	50	15	44	20	17	11	32	21	42	29	33	46	2	52	14	43	8	31	26	45	36	9	24	38	31	39	14	9	17	24	26	18	24	35	20	22	28	13	28	34	19	32	23	45	33	42	12	21	32	28	25	45	46	30	32	21	28	10	13	42	39	30	35	36	14	24	25	21	36	51	19	26	11	22	30	28	49	0	23	48	39	47	21	3	21	45	17	30	30	32	30	30	46	41	39	19	44	6	27	21	14	39	25	29	14	14	18	28	33	
47	47	35	22	39	38	59	14	3	32	26	22	36	46	39	44	40	46	18	51	33	37	31	19	19	34	8	27	52	28	27	29	19	16	22	51	34	22	28	11	44	38	27	31	24	4	10	15	42	41	41	51	32	27	21	30	34	20	28	15	44	28	30	30	47	29	46	22	23	29	34	47	17	31	4	44	43	15	32	32	49	57	33	31	34	22	12	22	18	6	35	5	10	47	28	35	34	8	11	13	13	19	31	9	38	30	32	2	26	36	40	29	41	29	12	44	27	51	28	23	0	51	17	27	3	27	26	22	29	38	14	12	54	29	45	41	45	26	41	29	50	45	36	24	22	21	34	34	21	19	38	
95	39	74	70	64	18	65	64	51	40	62	39	26	18	35	31	39	16	36	5	17	17	32	58	31	72	55	41	64	23	43	32	67	39	35	63	83	72	55	60	47	35	67	35	48	47	42	41	19	41	11	50	79	46	49	58	40	64	42	66	34	40	79	55	61	26	26	41	34	56	65	51	33	66	47	17	47	35	75	60	45	59	31	78	72	62	48	70	58	44	16	55	60	3	43	78	16	43	42	46	42	55	24	48	13	79	37	50	24	69	84	54	63	23	50	46	23	65	51	48	51	0	63	48	52	48	68	64	66	18	65	62	56	76	92	87	10	66	13	52	52	52	45	36	69	30	60	39	64	32	81	
47	64	44	26	54	47	75	21	14	49	14	26	52	62	56	61	57	61	26	64	46	52	36	9	31	44	9	28	68	41	27	35	4	23	29	67	36	11	43	6	61	55	11	48	21	20	26	32	58	58	52	68	36	25	38	21	51	4	45	15	61	29	31	46	63	38	62	24	39	44	47	64	30	43	18	60	60	30	39	46	66	74	49	36	44	8	15	8	32	22	49	12	17	59	27	42	48	23	21	29	30	11	40	15	51	31	49	16	41	49	46	22	56	44	28	61	40	66	23	39	17	63	0	24	18	43	35	6	41	54	14	8	70	34	46	44	59	36	51	45	67	61	53	29	29	32	48	51	31	30	44	
70	64	62	47	65	30	82	40	24	51	15	10	47	53	55	57	58	51	17	51	36	43	16	15	23	61	23	7	76	32	5	16	28	15	14	75	58	35	54	25	64	54	22	48	3	28	30	36	50	60	37	71	57	2	46	10	53	22	49	37	59	8	53	55	71	22	56	8	38	55	61	68	24	58	23	51	63	26	59	58	67	78	47	57	61	18	15	32	46	26	39	26	35	45	5	62	38	25	19	37	34	13	24	18	39	53	50	25	33	63	67	6	67	36	38	64	29	75	3	47	27	48	24	0	30	50	53	21	57	46	35	30	75	55	69	66	48	53	35	53	70	67	57	12	49	23	60	53	48	22	65	
44	47	32	19	37	41	57	12	6	31	29	25	36	47	38	44	39	46	21	52	34	38	34	22	21	31	9	30	50	29	30	32	19	18	25	49	32	22	26	12	42	37	29	31	27	5	10	15	43	40	43	50	29	30	20	33	33	22	27	14	44	31	27	28	45	31	46	25	23	27	31	45	19	28	7	45	42	17	29	29	48	55	33	29	31	24	15	22	16	8	37	6	7	49	31	32	36	9	13	11	13	21	33	12	39	27	31	5	28	33	37	32	39	30	10	43	29	48	31	21	3	52	18	30	0	25	23	24	26	39	13	12	52	26	42	38	47	23	43	26	48	43	35	27	19	23	31	33	18	21	35	
51	25	26	31	17	46	32	28	30	10	53	42	23	35	18	25	17	36	35	46	33	31	46	46	30	24	35	47	25	30	48	44	44	35	39	25	41	44	7	37	18	17	54	14	48	24	20	14	31	18	43	25	35	49	5	56	11	47	7	34	24	48	38	7	20	40	30	42	16	8	17	20	28	18	28	34	17	25	30	12	25	30	18	34	24	49	37	46	15	25	33	31	28	45	49	31	32	25	31	14	16	45	41	34	36	38	12	28	27	20	37	54	17	26	14	19	32	25	53	3	27	48	43	50	25	0	23	49	18	30	34	36	27	32	47	42	39	21	46	4	23	18	11	42	27	31	12	12	21	30	35	
27	48	9	10	23	61	47	14	29	34	49	48	45	58	42	49	41	58	43	67	51	52	56	42	42	9	30	53	38	46	53	54	34	41	48	38	17	30	18	29	40	41	46	37	50	26	28	27	54	41	61	47	11	53	20	54	35	39	30	20	48	54	16	20	34	52	53	48	34	18	15	41	39	9	30	57	39	36	7	17	47	48	41	10	9	43	38	33	10	29	52	27	18	65	54	9	51	31	36	22	26	43	54	35	55	16	36	28	44	15	15	54	26	45	18	41	47	36	54	21	26	68	35	53	23	23	0	42	8	51	21	26	46	9	24	19	60	3	62	21	44	38	33	49	6	43	19	35	5	41	13	
53	69	51	33	60	48	81	27	19	54	8	26	56	65	60	65	62	64	28	66	49	55	35	6	34	51	14	26	74	44	25	34	9	25	29	73	42	16	50	12	66	59	5	53	19	25	31	37	61	63	53	74	42	22	44	15	56	2	51	21	66	28	37	52	69	38	66	24	43	50	54	69	33	49	22	63	65	33	46	53	72	79	54	42	51	2	17	12	39	26	52	17	23	61	25	49	51	27	24	35	35	8	40	18	53	37	54	21	44	55	53	18	62	47	34	67	42	72	20	45	22	64	6	21	24	49	42	0	48	57	21	15	76	41	52	50	62	43	52	51	72	67	59	29	36	35	55	56	38	33	51	
33	42	8	19	14	61	39	21	33	28	55	51	41	53	36	44	34	54	45	64	49	49	58	48	42	5	35	56	30	45	56	56	41	44	50	30	25	38	11	35	32	36	53	32	54	29	29	26	50	34	59	39	19	56	16	59	29	46	25	28	42	57	24	13	26	53	48	51	32	11	6	33	40	1	33	53	32	36	12	9	40	40	36	18	5	49	41	41	11	32	50	32	24	62	57	13	49	33	39	22	26	48	54	38	53	24	31	31	42	7	18	59	17	43	19	34	46	27	58	17	29	66	41	57	26	18	8	48	0	48	28	33	38	17	30	24	57	5	61	15	36	30	27	52	14	43	11	30	10	42	16	
79	22	56	55	45	24	47	49	40	21	57	35	7	8	17	14	21	7	30	15	10	3	33	51	23	54	45	39	46	13	41	32	57	32	31	45	67	61	37	49	29	17	61	16	44	34	29	25	4	23	17	32	62	44	31	55	21	56	23	53	17	39	64	37	42	25	11	37	17	38	47	33	24	48	36	6	29	24	58	42	28	41	12	62	54	55	40	60	41	32	7	43	46	16	42	60	8	31	33	30	27	49	24	39	9	64	18	38	13	50	66	52	44	10	34	28	16	47	49	30	38	18	54	46	39	30	51	57	48	0	52	50	38	60	76	70	9	49	21	34	34	34	26	33	53	22	42	20	47	24	64	
35	58	29	12	42	53	64	7	14	42	28	34	48	60	50	56	50	59	31	65	47	51	44	23	34	30	13	38	56	42	37	42	13	29	35	56	22	10	32	10	52	49	25	43	32	17	23	27	56	51	55	60	22	36	28	35	44	18	38	1	56	39	17	34	51	43	58	33	35	33	34	54	32	29	18	58	51	30	25	34	59	64	45	22	30	22	22	12	20	21	50	11	6	61	38	27	49	22	24	23	25	24	45	20	52	17	43	15	41	35	32	36	44	43	20	53	41	54	36	30	14	65	14	35	13	34	21	21	28	52	0	6	61	20	33	30	60	22	56	34	57	52	45	36	15	35	36	44	17	33	30	
40	59	35	18	45	49	67	12	11	43	22	29	48	58	50	56	51	58	27	63	45	49	39	17	30	35	7	32	60	39	31	37	8	24	31	59	28	10	35	4	54	49	20	43	27	16	22	27	54	52	52	62	28	30	30	29	45	13	39	7	56	34	23	38	55	39	58	28	35	36	39	56	29	34	15	57	53	27	30	38	60	66	45	28	35	16	17	10	24	18	47	7	8	59	32	33	46	19	20	23	25	18	41	15	49	23	43	12	38	40	38	30	48	41	21	55	38	58	30	32	12	62	8	30	12	36	26	15	33	50	6	0	63	26	39	36	57	27	52	37	60	54	46	32	20	32	40	45	22	30	36	
69	17	44	55	24	61	9	54	57	23	80	65	32	38	22	25	18	40	58	51	47	41	67	73	52	41	62	70	12	47	72	65	72	59	62	11	63	71	28	64	10	22	81	26	72	50	46	39	37	16	56	6	57	73	32	82	21	74	26	61	22	71	62	26	12	59	30	66	36	28	32	7	51	37	54	39	11	48	50	29	11	3	29	56	41	76	63	73	40	51	45	58	55	54	72	50	45	50	56	41	41	72	59	60	48	62	25	55	44	34	53	79	21	42	42	11	50	15	77	30	54	56	70	75	52	27	46	76	38	38	61	63	0	55	66	61	46	43	59	26	4	8	17	64	51	52	27	22	45	53	52	
19	57	13	8	31	67	56	15	32	43	48	52	54	66	51	58	50	66	47	75	58	60	61	43	48	15	32	56	47	53	56	59	32	45	52	46	8	26	27	30	49	50	44	46	52	31	34	34	62	50	68	56	2	55	29	55	44	38	39	19	57	57	7	29	43	58	62	51	42	27	23	50	45	18	34	65	48	42	6	26	56	57	49	2	15	42	40	30	18	34	60	29	20	72	57	8	59	36	40	29	33	44	60	38	62	7	45	31	51	22	12	56	34	53	25	50	54	44	56	30	29	76	34	55	26	32	9	41	17	60	20	26	55	0	16	11	68	12	69	30	53	47	43	54	7	49	28	44	12	47	10	
3	72	22	22	42	83	66	30	47	58	60	67	70	82	66	73	64	82	63	91	75	76	76	55	64	25	46	71	57	70	70	74	43	61	67	57	10	36	41	43	62	65	55	61	66	47	50	50	78	65	84	68	13	69	44	67	59	50	54	32	72	72	15	43	54	74	78	66	58	41	34	62	61	30	49	81	61	58	17	38	70	68	65	14	25	54	55	40	34	50	76	44	35	89	71	16	75	52	56	45	50	56	76	52	79	15	60	46	67	32	13	68	45	69	41	64	70	54	69	46	45	92	46	69	42	47	24	52	30	76	33	39	66	16	0	5	85	26	85	45	65	59	57	69	23	65	40	59	28	63	14	
8	66	17	18	37	79	61	26	43	52	58	63	65	77	61	68	59	77	59	86	70	71	72	53	59	20	42	67	52	65	67	70	41	57	64	52	8	34	36	40	57	60	53	56	63	42	46	46	73	59	79	63	8	66	39	65	54	48	49	29	67	68	13	37	49	69	72	62	53	35	29	57	57	25	45	76	56	54	12	33	64	63	60	9	20	52	51	38	29	46	71	40	31	84	68	11	70	47	52	41	45	54	71	49	74	13	55	43	63	27	8	66	40	64	36	58	65	49	66	41	41	87	44	66	38	42	19	50	24	70	30	36	61	11	5	0	79	21	81	39	60	54	52	65	18	61	35	54	23	59	9	
87	29	66	64	54	21	55	57	46	30	61	38	16	8	25	21	29	6	34	6	13	8	33	56	28	63	51	41	54	18	43	32	63	37	34	53	76	68	46	55	37	25	66	25	47	42	36	34	9	31	13	40	71	46	41	58	31	61	32	61	24	40	72	46	50	25	16	40	26	47	56	41	29	57	42	7	37	30	67	51	35	49	21	70	63	60	45	66	50	39	10	50	54	8	43	70	11	37	38	39	35	54	24	44	9	72	27	45	18	60	75	54	53	16	43	36	20	55	51	39	45	10	59	48	47	39	60	62	57	9	60	57	46	68	85	79	0	58	16	43	42	42	35	35	62	27	51	30	56	29	73	
30	45	9	13	20	60	44	15	29	31	50	48	43	55	39	46	38	56	42	65	49	50	55	43	41	8	31	53	36	45	53	53	35	41	47	35	20	32	15	30	37	38	48	34	50	26	27	25	51	38	59	44	14	53	17	55	32	41	27	22	45	54	19	17	32	51	51	48	32	15	12	38	38	7	30	54	36	35	9	14	44	45	38	13	8	44	38	35	8	29	50	27	19	63	54	11	50	30	36	21	25	43	53	35	53	19	33	28	42	12	17	55	23	43	17	38	46	33	54	19	26	66	36	53	23	21	3	43	5	49	22	27	43	12	26	21	58	0	61	18	41	35	31	49	8	42	16	33	5	40	15	
88	43	69	63	62	5	68	55	41	40	49	26	27	25	37	35	41	22	25	17	13	17	19	45	21	67	44	28	66	16	30	19	55	28	23	65	75	61	52	49	49	37	55	35	35	38	35	35	23	43	3	54	72	33	45	45	41	52	40	57	38	27	71	53	62	13	31	28	30	53	62	53	24	62	37	23	49	27	69	57	49	63	31	71	67	50	36	59	52	35	14	45	51	10	30	72	14	33	31	40	35	43	11	37	11	71	37	40	18	66	78	41	62	19	44	48	15	67	38	44	41	13	51	35	43	46	62	52	61	21	56	52	59	69	85	81	16	61	0	50	55	54	46	23	62	20	58	40	57	22	76	
48	27	23	30	13	50	30	28	32	13	55	45	27	38	21	28	19	39	38	49	37	35	50	48	34	20	36	50	23	34	51	48	45	38	43	22	39	45	3	38	19	20	56	17	51	26	23	17	35	19	47	26	33	52	7	58	14	49	10	35	27	51	37	3	18	44	33	46	20	4	13	20	32	15	30	38	18	28	27	8	26	29	22	32	20	50	39	46	14	27	37	33	29	49	52	28	37	28	34	16	19	48	45	36	40	37	16	30	31	16	33	57	13	31	16	20	36	22	55	6	29	52	45	53	26	4	21	51	15	34	34	37	26	30	45	39	43	18	50	0	23	17	12	45	26	35	8	15	20	34	31	
68	13	42	53	23	57	13	51	53	19	76	61	27	34	17	21	13	36	54	47	43	37	63	69	48	39	58	66	13	42	67	61	68	55	58	13	61	68	26	60	6	18	77	22	68	46	42	35	33	11	51	3	55	69	29	77	17	70	22	58	18	66	60	24	12	55	26	62	32	26	30	3	47	35	50	35	7	43	48	27	7	8	25	54	39	72	58	70	37	47	41	55	52	50	68	48	41	46	52	37	37	68	55	56	43	60	20	51	40	33	52	75	20	38	38	6	45	16	73	27	50	52	67	70	48	23	44	72	36	34	57	60	4	53	65	60	42	41	55	23	0	6	13	60	49	48	25	17	43	48	51	
62	15	37	47	17	56	15	45	48	15	71	57	27	35	17	22	13	36	50	48	41	37	60	64	44	33	53	62	12	40	64	58	63	51	54	11	55	62	20	55	5	17	72	19	64	42	37	31	33	11	51	9	49	65	23	73	13	65	17	52	19	63	54	18	8	52	27	58	28	20	24	3	43	29	46	35	5	40	42	21	11	12	23	48	33	67	54	64	32	42	40	49	46	50	64	42	40	42	48	32	33	63	52	51	43	54	18	46	37	27	47	71	15	36	33	6	43	13	69	21	45	52	61	67	43	18	38	67	30	34	52	54	8	47	59	54	42	35	54	17	6	0	9	56	43	45	19	14	37	45	45	
60	14	35	42	19	47	24	39	39	6	62	48	19	29	10	17	7	30	41	41	33	29	51	55	35	32	44	53	20	31	54	49	55	42	45	19	51	55	15	47	7	10	64	11	55	33	28	22	26	7	43	15	45	56	16	64	5	57	8	45	15	53	49	14	16	43	22	49	19	16	23	10	34	26	37	29	6	30	39	18	14	21	15	44	32	58	45	56	26	33	32	41	39	42	55	40	32	33	38	23	24	54	43	42	35	49	9	37	28	27	45	62	17	27	25	8	34	21	60	14	36	45	53	57	35	11	33	59	27	26	45	46	17	43	57	52	35	31	46	12	13	9	0	47	38	35	17	6	32	35	43	
71	52	58	46	58	18	72	39	22	41	26	3	35	40	43	45	46	39	7	39	23	30	7	22	12	57	24	6	67	19	8	5	33	8	2	66	59	40	46	28	53	43	32	37	12	23	23	27	37	49	25	60	56	10	38	22	43	29	39	38	47	6	54	48	62	10	44	5	28	47	55	57	13	53	19	38	53	17	56	51	56	68	36	56	57	26	14	37	41	20	26	25	34	33	8	59	25	19	13	30	26	20	12	16	26	54	39	22	21	58	65	18	59	24	33	53	17	66	15	39	24	36	29	12	27	42	49	29	52	33	36	32	64	54	69	65	35	49	23	45	60	56	47	0	47	12	52	42	44	11	62	
26	52	14	4	29	60	53	9	25	37	43	45	47	60	45	52	44	60	40	68	51	53	54	37	40	15	26	49	44	46	49	52	28	38	45	44	14	24	23	24	45	44	40	39	46	24	27	27	56	45	61	52	10	49	23	49	39	34	33	14	51	50	11	25	40	51	56	44	35	23	21	46	38	16	27	58	44	35	10	22	52	54	43	9	15	37	34	27	12	27	53	23	14	65	50	13	52	29	33	22	26	38	52	31	55	11	39	24	44	21	18	50	32	46	18	46	47	42	50	25	22	69	29	49	19	27	6	36	14	53	15	20	51	7	23	18	62	8	62	26	49	43	38	47	0	42	25	39	6	40	16	
68	40	51	42	48	18	60	35	21	29	34	13	23	30	31	33	34	29	7	31	14	20	15	29	1	49	25	18	55	9	19	13	36	10	9	54	55	42	37	29	41	31	39	25	22	18	15	18	26	37	20	48	52	22	29	32	31	34	27	37	35	18	51	38	50	9	33	15	16	38	46	45	3	44	17	28	41	7	50	42	44	56	24	51	49	33	18	40	33	14	17	24	31	26	20	53	16	13	11	21	17	27	10	17	18	51	27	20	9	49	59	29	48	13	25	41	7	55	26	29	21	30	32	23	23	31	43	35	43	22	35	32	52	49	65	61	27	42	20	35	48	45	35	12	42	0	43	30	38	2	56	
43	32	18	29	5	58	28	29	37	20	60	52	34	46	28	35	25	47	45	57	45	43	58	53	42	14	41	57	20	42	58	56	48	45	50	19	36	47	6	42	22	27	60	25	57	32	30	25	43	25	56	28	30	59	14	64	21	53	18	36	33	58	35	5	15	52	40	53	28	5	5	22	40	10	36	46	21	36	23	2	29	29	30	29	14	55	45	49	16	34	45	37	31	57	59	23	45	34	41	23	26	53	53	42	48	35	23	35	39	9	28	63	7	39	21	23	44	18	62	14	34	60	48	60	31	12	19	55	11	42	36	40	27	28	40	35	51	16	58	8	25	19	17	52	25	43	0	22	19	42	26	
63	14	38	42	24	41	29	39	37	2	59	43	13	24	6	13	6	25	36	36	27	23	45	52	30	35	42	48	26	25	49	43	53	37	40	25	53	54	18	45	11	5	61	5	50	30	25	18	21	7	37	18	47	51	16	60	1	54	6	45	12	48	50	17	22	37	18	44	14	19	27	15	29	30	34	24	10	26	42	22	15	25	9	46	35	55	41	55	26	30	26	39	38	37	50	43	26	29	34	21	21	51	37	39	29	50	3	34	23	31	48	58	23	21	24	11	28	27	55	14	34	39	51	53	33	12	35	56	30	20	44	45	22	44	59	54	30	33	40	15	17	14	6	42	39	30	22	0	33	30	46	
31	46	14	10	24	56	48	10	24	31	44	43	42	54	39	46	38	54	38	63	46	48	51	38	37	13	25	48	39	42	48	49	30	36	42	39	20	27	17	25	39	38	42	34	45	21	23	22	50	39	56	46	15	48	17	50	32	35	27	17	45	49	17	19	35	47	50	43	30	17	17	40	34	12	25	53	38	31	12	17	46	48	37	14	13	38	33	30	6	24	48	22	14	60	49	14	47	25	31	17	22	38	49	30	50	17	33	23	39	17	20	50	27	41	13	40	42	37	49	18	21	64	31	48	18	21	5	38	10	47	17	22	45	12	28	23	56	5	57	20	43	37	32	44	6	38	19	33	0	36	18	
66	41	49	40	47	20	60	33	18	29	32	12	25	32	32	34	35	31	5	33	16	22	16	27	1	48	22	17	55	11	19	14	34	8	9	54	53	39	36	27	42	31	37	26	21	16	13	17	28	37	22	48	50	21	28	31	31	32	27	34	36	18	49	37	50	10	34	14	16	37	45	46	2	43	15	30	41	6	48	41	45	56	24	49	48	31	16	38	32	12	19	22	29	29	19	51	18	11	9	20	16	25	12	15	20	49	27	17	11	48	57	28	48	14	23	42	9	55	25	28	19	32	30	22	21	30	41	33	42	24	33	30	53	47	63	59	29	40	22	34	48	45	35	11	40	2	42	30	36	0	55	
17	58	8	18	28	74	52	25	41	45	59	61	58	70	53	60	51	70	56	79	64	65	69	53	55	11	42	65	43	60	65	67	42	54	61	43	13	37	28	40	49	52	55	49	62	39	41	40	66	51	74	54	9	65	32	65	46	49	42	29	59	66	16	29	40	65	65	60	47	27	20	48	53	17	42	69	48	49	6	25	56	54	53	8	11	52	50	40	23	43	65	39	30	78	66	3	65	44	49	35	40	54	67	47	68	16	47	40	57	18	2	66	31	58	31	50	60	40	66	33	38	81	44	65	35	35	13	51	16	64	30	36	52	10	14	9	73	15	76	31	51	45	43	62	16	56	26	46	18	55	0	

