10  100
99	5	60	10	58	39	30	95	2	73	50	85	16	74	26	15	89	53	25	7	38	63	26	78	93	15	64	75	16	64	82	72	16	41	65	46	37	49	54	75	64	4	28	78	36	64	50	27	10	96	52	52	58	41	79	82	56	27	42	37	30	78	15	7	19	87	29	37	45	81	77	59	16	66	7	86	66	65	10	10	74	41	72	14	35	22	98	47	48	19	88	70	94	48	70	22	48	51	52	11	
25	35	29	78	85	4	79	52	100	25	96	25	22	92	99	79	37	26	55	89	46	79	62	26	77	88	22	13	45	33	62	11	73	47	20	31	2	51	68	35	83	29	72	100	98	45	73	48	86	11	96	88	33	88	47	74	3	55	27	38	55	21	12	96	36	98	37	82	99	32	23	11	15	3	83	27	47	84	65	38	58	77	49	92	94	15	60	95	48	48	18	24	25	98	88	42	17	8	45	61	
13	64	22	71	48	17	51	64	20	85	71	80	80	64	17	13	16	21	40	89	40	3	6	63	8	34	100	36	71	37	88	62	85	52	71	21	88	77	76	36	70	14	18	22	35	54	82	28	91	59	60	70	61	99	81	10	57	90	89	86	4	86	85	47	55	94	5	84	93	33	36	33	52	29	60	29	57	67	6	82	13	70	17	68	47	56	10	88	31	19	22	13	79	98	38	41	72	77	85	96	
76	74	89	9	26	77	77	79	32	66	26	84	79	88	37	27	87	33	39	86	89	65	95	53	10	54	24	37	82	78	3	12	1	30	69	86	53	97	81	66	3	53	60	7	90	35	76	11	21	30	92	57	96	60	33	60	63	77	98	92	38	68	77	1	87	73	89	50	100	17	10	2	63	73	2	94	49	25	16	94	45	89	70	21	18	29	88	1	59	32	95	30	96	5	54	46	4	13	39	53	
35	58	29	13	58	8	26	49	64	65	68	70	5	91	54	62	26	86	40	60	73	23	27	40	14	39	9	49	78	2	89	13	28	28	34	39	90	84	81	45	44	48	71	47	4	59	1	32	93	38	97	36	30	94	83	75	53	11	45	24	84	33	87	14	56	29	47	39	10	66	99	19	3	60	91	48	95	56	48	45	95	81	97	46	10	32	32	57	78	52	93	4	55	39	56	5	95	53	18	84	
27	59	85	74	55	79	25	12	86	84	10	85	11	100	3	18	46	61	21	71	57	84	13	36	74	95	1	100	28	82	27	64	99	11	26	78	21	72	96	95	36	89	78	99	25	74	10	1	25	51	73	68	60	20	91	82	77	13	4	79	37	87	81	83	38	8	85	66	23	96	54	67	59	55	23	99	20	71	38	54	85	6	92	65	61	63	43	20	55	51	23	89	11	33	14	60	11	78	3	37	
87	99	81	15	21	7	95	65	88	49	36	57	19	77	59	45	38	6	14	45	51	3	97	41	39	73	89	31	36	90	1	57	40	22	82	39	42	11	19	41	19	57	81	3	72	51	32	57	70	35	75	67	60	5	42	13	15	53	99	47	86	52	77	58	16	93	95	57	96	75	2	37	8	35	79	99	43	57	48	14	41	23	25	9	33	36	52	46	35	6	63	74	85	14	6	35	48	34	84	3	
7	45	26	29	54	14	63	71	84	67	23	95	38	37	93	14	71	11	99	50	100	60	27	95	11	67	43	51	75	54	40	25	55	9	52	57	57	15	96	59	98	89	49	47	49	32	36	38	31	90	33	98	13	30	69	7	97	41	21	34	38	56	83	88	72	96	20	29	23	49	66	18	45	77	99	78	68	57	36	53	20	72	82	30	78	23	91	25	27	8	49	77	81	31	63	70	44	76	47	17	
59	19	92	20	36	20	21	67	91	48	7	46	2	95	55	52	6	37	25	76	38	80	16	41	52	63	55	69	8	57	29	59	76	19	19	52	33	52	44	55	16	33	90	21	90	40	34	34	8	61	33	7	21	9	90	49	100	25	64	94	56	90	40	59	86	30	22	15	56	46	73	50	46	32	53	97	54	28	83	13	100	73	1	77	19	90	14	92	81	82	23	73	33	67	31	86	8	29	3	29	
74	15	92	24	85	53	92	9	13	20	43	91	1	43	47	62	31	56	12	26	50	87	92	49	37	18	33	76	61	79	93	27	10	15	64	17	42	97	33	6	43	18	32	36	31	31	14	54	5	81	85	73	67	86	62	78	19	17	53	28	69	37	50	59	42	39	27	34	29	54	29	55	70	64	49	82	16	88	75	61	46	81	13	20	96	15	48	35	82	76	79	10	57	47	60	90	99	23	1	44	
2983	328	3032	1839	3822	2138	3395	1332	4179	2784	1607	219	469	641	2572	1044	113	89	4808	493	4151	2405	3658	2644	2795	2412	1952	4946	3234	2202	4105	4134	2615	1236	1894	2425	4737	3822	2151	1768	3252	3267	636	1160	239	3540	1869	4613	2734	3060	4005	311	1712	1433	3985	2704	4837	3311	1458	4227	3713	927	2256	2639	1386	3581	4850	181	655	1553	281	1923	4684	2020	3665	3570	4697	4683	4166	1049	1353	176	80	2235	4838	2572	967	3833	859	1010	89	2894	897	188	2100	1027	479	92	290	1460	
0	73	13	57	69	11	94	58	53	80	43	75	70	66	64	71	53	63	67	64	37	61	20	57	33	69	87	10	43	36	40	81	52	62	47	38	65	63	25	49	47	56	72	56	63	35	49	96	14	70	80	60	59	63	52	38	78	54	67	35	32	39	52	52	61	54	57	50	62	42	66	36	61	40	29	69	79	61	54	28	64	82	25	60	82	58	58	40	79	57	70	62	51	71	54	75	41	62	45	76	85	
73	0	60	20	28	62	21	48	35	20	43	11	10	56	31	26	24	55	44	44	47	13	53	16	54	24	20	64	38	39	52	18	38	11	35	46	20	16	48	44	28	36	19	47	42	38	37	24	59	16	10	18	20	14	24	40	20	30	21	39	50	48	49	37	53	31	24	46	48	39	20	36	21	48	44	39	9	28	20	46	10	16	53	42	15	16	26	35	16	23	46	23	30	14	39	29	37	18	39	23	20	
13	60	0	45	57	1	82	47	41	68	35	63	57	59	52	60	42	56	59	56	29	48	7	44	27	56	75	4	30	23	33	68	43	49	37	27	53	50	14	38	34	46	61	45	52	22	37	83	2	58	67	48	47	50	39	25	67	41	54	23	24	28	45	42	54	41	46	39	51	32	53	24	49	33	17	60	66	49	42	15	51	70	17	49	70	45	45	28	66	44	59	49	40	59	45	64	30	50	36	65	73	
57	20	45	0	38	47	38	50	36	23	23	17	25	39	38	17	4	38	29	27	27	15	38	9	34	35	29	49	33	29	32	36	18	13	15	40	9	23	32	43	10	17	15	48	48	23	36	39	44	12	30	2	2	21	5	33	21	31	31	22	30	43	29	17	35	32	5	45	52	19	30	23	5	28	28	25	29	33	6	32	16	24	34	46	24	16	29	17	34	25	53	29	10	13	19	22	18	4	19	20	28	
69	28	57	38	0	58	43	23	16	48	57	39	17	77	6	51	40	76	67	66	58	23	51	28	63	3	47	59	26	34	65	16	55	26	50	32	44	15	51	24	39	55	46	23	16	40	21	48	55	42	25	38	39	17	38	31	48	15	7	44	58	33	66	54	73	15	43	25	22	51	8	38	42	61	46	63	24	8	33	42	23	44	58	17	43	22	12	42	17	15	18	9	46	41	57	56	47	39	53	50	48	
11	62	1	47	58	0	83	48	42	70	36	64	59	60	53	61	43	57	60	57	30	49	8	45	27	57	76	3	31	24	34	69	44	50	38	28	55	51	15	39	36	47	62	46	53	24	38	85	3	59	69	49	48	51	41	26	68	43	55	25	25	29	46	43	55	42	47	40	52	33	55	25	51	34	18	61	67	50	43	16	52	71	18	50	71	47	47	29	68	45	60	51	41	60	46	65	31	51	37	66	75	
94	21	82	38	43	83	0	65	54	23	60	21	28	67	48	35	43	67	54	55	66	34	74	37	72	40	14	85	59	60	70	27	53	32	53	67	34	35	69	63	48	50	28	65	59	59	57	5	80	28	18	35	37	34	43	61	25	49	38	59	69	69	63	52	65	50	40	65	65	57	37	58	37	66	65	48	19	46	40	67	31	17	73	59	16	37	45	55	26	43	61	41	47	26	53	36	56	34	56	29	17	
58	48	47	50	23	48	65	0	14	67	61	57	38	86	17	66	50	84	78	76	60	38	43	41	63	25	68	48	20	30	67	40	63	41	56	20	58	32	47	9	46	65	62	2	7	39	14	70	45	58	47	51	52	34	47	25	66	19	27	45	58	19	72	62	81	18	55	8	4	55	28	37	55	64	43	76	46	20	44	36	39	64	55	6	63	35	22	46	40	25	12	25	55	57	66	71	51	53	59	67	68	
53	35	41	36	16	42	54	14	0	53	48	44	25	72	10	52	36	70	64	62	48	24	36	26	52	16	55	43	11	20	55	31	50	27	43	16	44	19	37	9	32	51	48	12	13	27	4	58	39	44	36	37	38	21	33	16	52	5	16	33	47	17	59	48	67	4	40	11	16	43	17	26	41	51	32	61	35	9	30	28	26	51	45	10	50	21	9	33	31	12	20	13	41	43	52	57	38	39	46	53	55	
80	20	68	23	48	70	23	67	53	0	41	9	31	44	51	12	26	44	31	32	47	29	62	28	54	45	9	72	54	51	49	38	32	26	34	61	15	35	54	62	34	29	7	65	62	47	55	20	68	10	27	20	21	32	29	54	2	48	42	45	51	64	41	32	42	49	22	64	68	39	40	46	19	46	51	25	27	47	28	56	27	6	56	61	7	32	44	40	36	41	66	42	29	10	32	13	39	18	37	6	6	
43	43	35	23	57	36	60	61	48	41	0	39	47	26	55	29	19	23	24	21	6	36	30	30	12	54	49	39	41	32	9	59	9	35	8	44	26	42	21	52	17	13	33	59	61	22	46	60	35	32	53	25	23	41	20	37	39	45	50	17	11	47	11	9	21	45	20	54	64	5	49	24	23	5	21	26	52	50	25	29	38	45	18	59	45	35	46	15	57	42	68	47	13	34	10	32	10	26	4	36	47	
75	11	63	17	39	64	21	57	44	9	39	0	21	47	42	15	22	47	34	35	44	20	56	19	51	35	12	66	45	44	48	29	32	17	31	52	13	25	49	53	28	29	8	56	53	40	46	21	61	7	19	14	16	23	23	46	9	39	32	39	48	55	42	31	45	40	19	55	58	36	31	39	15	44	45	29	19	38	21	49	18	7	52	52	7	23	35	35	27	32	57	33	26	5	32	18	35	13	35	12	11	
70	10	57	25	17	59	28	38	25	31	47	21	0	63	21	35	28	62	52	51	50	11	50	17	56	13	30	60	31	34	56	12	43	12	39	39	28	7	47	35	30	42	29	37	32	36	29	32	56	25	10	23	25	7	27	34	31	21	11	38	51	41	54	42	60	22	29	37	38	42	10	34	27	52	42	48	9	18	22	42	9	27	53	32	25	12	16	35	10	15	35	13	34	24	44	39	39	24	43	33	31	
66	56	59	39	77	60	67	86	72	44	26	47	63	0	77	32	37	3	13	12	31	54	56	49	33	74	53	63	66	57	26	75	22	52	29	70	35	62	47	77	40	22	39	84	85	48	71	64	60	41	66	40	38	60	39	63	42	68	71	43	35	73	14	24	5	69	34	79	89	31	69	49	36	26	47	19	65	72	44	55	55	50	42	83	51	55	68	41	72	64	92	68	31	42	20	31	35	39	27	38	50	
64	31	52	38	6	53	48	17	10	51	55	42	21	77	0	53	40	75	67	66	55	24	46	29	60	8	51	54	21	30	62	22	55	27	48	26	45	17	47	18	38	55	48	17	11	36	15	53	50	44	30	39	40	19	37	26	51	11	10	41	55	27	65	53	73	11	43	19	17	49	11	34	43	59	42	64	29	5	33	38	25	48	54	11	47	22	9	40	23	13	15	9	45	43	57	58	45	40	52	53	52	
71	26	60	17	51	61	35	66	52	12	29	15	35	32	53	0	19	32	19	20	36	29	53	25	42	48	21	64	50	46	37	44	20	26	23	57	8	36	45	60	26	17	7	65	63	39	53	32	59	10	35	15	15	34	22	50	10	47	44	36	40	60	29	20	30	48	14	62	68	28	43	39	12	34	43	13	34	48	23	48	28	18	46	62	19	31	45	32	42	41	68	44	19	11	20	5	29	13	26	6	18	
53	24	42	4	40	43	43	50	36	26	19	22	28	37	40	19	0	35	27	26	23	18	35	12	30	37	33	46	32	27	28	40	15	16	11	38	11	25	28	42	7	15	19	48	48	20	36	43	41	16	34	7	5	23	3	31	25	32	34	18	26	41	26	13	32	32	5	45	53	14	32	20	7	24	24	25	33	35	7	29	19	29	30	47	29	18	31	13	38	26	55	31	6	17	17	24	13	8	15	23	32	
63	55	56	38	76	57	67	84	70	44	23	47	62	3	75	32	35	0	13	12	28	53	53	47	30	73	53	60	64	55	23	74	20	50	27	67	34	60	44	75	38	20	39	82	83	46	69	64	57	40	65	39	37	59	38	61	42	66	69	40	32	71	12	22	2	67	33	77	86	28	68	47	35	23	45	19	65	70	42	53	54	50	39	81	51	53	66	38	71	62	90	67	30	42	18	31	33	38	25	38	50	
67	44	59	29	67	60	54	78	64	31	24	34	52	13	67	19	27	13	0	3	30	44	54	38	34	64	40	63	59	52	28	63	16	41	23	64	23	51	45	70	32	13	26	76	76	43	63	51	59	28	54	29	27	49	30	57	29	59	60	38	35	67	16	17	12	60	24	72	80	27	59	44	25	26	44	6	53	62	34	51	44	37	42	74	38	45	58	35	60	54	82	58	23	30	14	18	30	28	23	25	37	
64	44	56	27	66	57	55	76	62	32	21	35	51	12	66	20	26	12	3	0	27	43	51	37	31	63	41	60	57	49	25	62	13	40	21	62	23	50	42	68	30	11	27	74	75	41	61	52	56	28	54	28	26	48	29	55	30	58	59	36	32	65	13	14	10	58	22	70	79	24	58	41	24	23	41	8	53	61	33	49	43	38	39	73	39	44	57	32	60	53	81	57	21	30	11	19	27	27	20	26	38	
37	47	29	27	58	30	66	60	48	47	6	44	50	31	55	36	23	28	30	27	0	39	25	33	6	55	55	33	39	29	7	62	16	38	13	41	32	45	16	50	20	19	39	58	61	20	45	66	29	38	57	30	28	44	23	35	45	45	52	15	5	44	16	15	25	45	25	52	63	8	51	22	29	4	17	32	56	51	28	25	41	51	12	58	51	38	46	15	60	43	68	49	18	39	17	39	11	31	9	42	53	
61	13	48	15	23	49	34	38	24	29	36	20	11	54	24	29	18	53	44	43	39	0	41	6	45	20	31	51	25	26	45	23	33	3	28	33	21	7	37	33	19	32	24	36	34	26	26	37	46	20	19	14	16	5	16	27	28	19	16	27	40	36	44	31	50	20	20	35	39	31	15	24	19	41	32	40	18	19	11	33	2	27	42	33	26	3	16	24	21	12	39	15	24	19	34	34	28	16	32	29	31	
20	53	7	38	51	8	74	43	36	62	30	56	50	56	46	53	35	53	54	51	25	41	0	37	24	50	68	10	25	16	30	61	38	42	31	22	47	43	9	33	28	41	54	41	47	15	32	76	5	51	60	41	40	43	33	20	60	35	47	17	20	24	41	37	50	35	39	35	47	27	47	16	42	29	10	55	59	42	35	8	44	63	14	44	63	38	39	21	59	37	54	43	34	52	40	58	24	43	31	58	66	
57	16	44	9	28	45	37	41	26	28	30	19	17	49	29	25	12	47	38	37	33	6	37	0	39	25	32	48	26	24	39	29	27	5	22	33	17	13	32	34	13	26	22	39	38	21	27	39	43	18	24	10	11	11	10	26	27	21	21	22	34	36	38	26	44	22	14	36	42	25	20	20	14	35	27	35	23	24	5	30	8	27	37	36	26	6	20	19	27	15	44	19	18	18	29	30	22	12	26	27	31	
33	54	27	34	63	27	72	63	52	54	12	51	56	33	60	42	30	30	34	31	6	45	24	39	0	61	62	30	42	33	7	68	22	44	19	44	38	51	16	53	26	25	46	61	65	24	49	72	27	44	63	37	35	50	30	38	51	50	58	19	5	46	19	21	28	50	32	55	67	15	57	26	35	8	20	38	62	56	34	27	47	57	10	62	57	44	51	21	66	48	72	54	25	46	23	45	17	38	16	48	60	
69	24	56	35	3	57	40	25	16	45	54	35	13	74	8	48	37	73	64	63	55	20	50	25	61	0	44	58	26	33	62	14	52	22	47	32	41	12	49	25	36	52	42	25	19	38	21	45	54	38	22	34	36	14	35	30	45	14	3	42	56	33	63	51	70	15	40	26	25	48	5	36	39	58	44	60	21	7	30	41	19	41	56	19	39	19	10	40	14	13	21	7	43	37	54	52	45	36	50	47	44	
87	20	75	29	47	76	14	68	55	9	49	12	30	53	51	21	33	53	40	41	55	31	68	32	62	44	0	79	57	56	58	34	41	28	42	65	23	36	61	64	40	38	16	67	62	53	57	11	74	17	23	27	28	34	35	58	11	50	41	52	59	67	50	41	51	51	30	66	68	47	40	51	26	55	58	34	24	48	33	61	29	5	64	62	5	34	46	47	32	43	65	43	37	16	41	22	47	25	46	15	3	
10	64	4	49	59	3	85	48	43	72	39	66	60	63	54	64	46	60	63	60	33	51	10	48	30	58	79	0	32	26	37	70	47	53	41	28	57	53	18	39	38	50	65	46	53	26	39	87	5	62	71	52	51	53	43	27	71	44	56	27	28	29	49	46	58	43	50	40	52	36	56	27	53	37	21	64	69	51	45	18	54	74	21	50	74	48	48	32	69	47	60	52	44	63	49	68	34	54	40	69	77	
43	38	30	33	26	31	59	20	11	54	41	45	31	66	21	50	32	64	59	57	39	25	25	26	42	26	57	32	0	9	46	39	44	28	36	7	42	23	27	11	26	45	48	18	22	18	7	62	28	44	42	35	35	25	29	5	53	11	25	24	37	10	52	42	61	11	37	13	24	35	24	17	38	43	22	57	41	18	27	17	28	52	34	19	52	22	16	25	38	16	30	20	35	44	46	55	31	37	39	53	56	
36	39	23	29	34	24	60	30	20	51	32	44	34	57	30	46	27	55	52	49	29	26	16	24	33	33	56	26	9	0	37	44	36	28	28	12	38	27	17	20	20	38	44	28	32	9	16	63	21	41	45	31	31	27	24	5	50	19	31	14	27	15	43	34	52	19	32	22	34	26	30	8	34	33	13	51	43	26	23	8	29	51	25	29	51	23	22	17	43	21	39	26	28	41	38	51	22	33	30	49	55	
40	52	33	32	65	34	70	67	55	49	9	48	56	26	62	37	28	23	28	25	7	45	30	39	7	62	58	37	46	37	0	68	17	44	17	48	35	51	22	57	26	20	42	65	68	28	53	69	34	41	62	34	32	50	29	42	47	52	59	22	10	51	12	17	21	52	29	59	70	14	58	29	32	4	24	31	61	58	34	32	47	54	16	65	54	44	53	22	66	50	75	55	22	43	17	40	17	35	13	44	56	
81	18	68	36	16	69	27	40	31	38	59	29	12	75	22	44	40	74	63	62	62	23	61	29	68	14	34	70	39	44	68	0	55	24	51	46	39	18	58	40	42	53	38	39	32	47	35	32	66	34	10	35	37	18	39	43	38	28	14	50	63	48	66	53	71	29	41	41	39	54	14	45	38	64	53	58	10	22	34	52	21	32	64	33	31	24	23	47	2	23	34	19	46	33	56	48	51	35	55	41	36	
52	38	43	18	55	44	53	63	50	32	9	32	43	22	55	20	15	20	16	13	16	33	38	27	22	52	41	47	44	36	17	55	0	31	7	48	18	40	29	55	17	3	25	61	62	27	49	52	43	25	48	20	18	39	17	41	30	46	49	22	21	51	11	1	17	46	14	57	66	11	47	28	17	14	28	17	47	50	22	35	34	37	27	60	37	33	45	19	52	41	69	46	9	26	2	23	14	20	7	27	38	
62	11	49	13	26	50	32	41	27	26	35	17	12	52	27	26	16	50	41	40	38	3	42	5	44	22	28	53	28	28	44	24	31	0	27	36	18	10	37	36	18	30	21	40	37	27	29	34	48	17	19	12	13	8	15	30	25	22	19	28	40	38	42	30	48	23	17	38	42	30	17	25	16	40	33	37	18	22	10	34	3	24	42	36	23	6	19	24	22	15	42	18	22	16	32	30	27	13	31	26	28	
47	35	37	15	50	38	53	56	43	34	8	31	39	29	48	23	11	27	23	21	13	28	31	22	19	47	42	41	36	28	17	51	7	27	0	41	19	35	22	47	10	10	26	54	56	19	41	53	36	25	45	17	15	33	12	34	32	39	43	15	16	44	16	6	24	39	12	50	59	5	42	20	16	13	21	24	44	43	17	28	30	38	22	53	38	28	39	11	49	35	62	40	5	26	9	27	7	18	4	29	40	
38	46	27	40	32	28	67	20	16	61	44	52	39	70	26	57	38	67	64	62	41	33	22	33	44	32	65	28	7	12	48	46	48	36	41	0	49	31	27	11	32	50	55	18	25	21	11	70	25	51	49	42	42	32	35	7	60	18	31	27	39	3	56	47	65	17	43	12	24	39	31	20	45	46	24	63	48	25	34	16	36	60	34	22	59	30	23	29	46	23	32	27	41	51	50	62	34	44	43	60	64	
65	20	53	9	44	55	34	58	44	15	26	13	28	35	45	8	11	34	23	23	32	21	47	17	38	41	23	57	42	38	35	39	18	18	19	49	0	29	39	51	18	16	7	57	55	32	44	34	52	6	30	7	7	26	14	42	13	39	37	29	36	52	29	18	32	40	7	54	60	24	36	31	4	31	36	19	30	41	15	41	21	18	41	54	19	23	37	25	37	33	61	36	14	8	19	13	24	5	22	11	21	
63	16	50	23	15	51	35	32	19	35	42	25	7	62	17	36	25	60	51	50	45	7	43	13	51	12	36	53	23	27	51	18	40	10	35	31	29	0	40	28	25	40	31	31	27	29	21	39	48	27	18	22	24	2	23	26	34	14	8	32	46	33	51	39	58	15	28	30	32	37	7	27	26	47	35	48	17	12	18	34	8	32	46	26	31	7	10	30	16	7	32	7	31	26	42	41	34	24	39	36	36	
25	48	14	32	51	15	69	47	37	54	21	49	47	47	47	45	28	44	45	42	16	37	9	32	16	49	61	18	27	17	22	58	29	37	22	27	39	40	0	37	21	32	47	45	50	11	34	70	14	44	56	34	33	40	26	22	53	36	46	9	12	30	32	28	41	36	32	39	51	18	45	13	35	20	5	46	55	43	29	10	39	56	7	47	56	34	39	14	57	36	57	42	26	45	31	49	15	36	22	51	60	
49	44	38	43	24	39	63	9	9	62	52	53	35	77	18	60	42	75	70	68	50	33	33	34	53	25	64	39	11	20	57	40	55	36	47	11	51	28	37	0	37	56	56	7	14	29	7	67	36	52	45	44	45	30	39	15	61	14	25	35	48	10	63	53	72	13	47	2	13	46	26	28	48	54	33	68	44	18	37	26	35	60	45	11	59	30	18	36	40	21	21	22	46	52	57	65	42	46	50	61	64	
47	28	34	10	39	36	48	46	32	34	17	28	30	40	38	26	7	38	32	30	20	19	28	13	26	36	40	38	26	20	26	42	17	18	10	32	18	25	21	37	0	18	26	44	45	13	31	49	34	23	37	13	12	24	5	25	32	28	33	11	21	35	27	16	35	29	12	39	48	12	32	13	14	22	17	31	36	33	8	22	21	35	24	43	35	18	28	7	40	24	52	30	8	24	19	31	9	15	14	30	38	
56	36	46	17	55	47	50	65	51	29	13	29	42	22	55	17	15	20	13	11	19	32	41	26	25	52	38	50	45	38	20	53	3	30	10	50	16	40	32	56	18	0	22	63	63	29	50	49	46	22	46	18	16	38	17	43	27	46	48	25	24	53	13	4	17	47	12	58	67	14	47	30	15	17	31	14	45	50	22	38	33	34	31	61	34	33	46	21	51	41	70	46	10	24	3	19	17	18	10	23	35	
72	19	61	15	46	62	28	62	48	7	33	8	29	39	48	7	19	39	26	27	39	24	54	22	46	42	16	65	48	44	42	38	25	21	26	55	7	31	47	56	26	22	0	61	58	39	49	26	60	4	28	13	13	29	21	48	5	43	39	37	43	58	35	25	37	44	15	58	63	31	37	38	11	39	43	20	27	43	21	48	23	11	48	57	12	26	40	33	35	36	63	38	21	5	25	10	32	11	30	5	13	
56	47	45	48	23	46	65	2	12	65	59	56	37	84	17	65	48	82	76	74	58	36	41	39	61	25	67	46	18	28	65	39	61	40	54	18	57	31	45	7	44	63	61	0	8	37	12	69	43	57	46	49	50	33	45	22	65	17	26	42	56	17	70	60	79	16	53	6	6	53	27	35	53	62	41	74	45	19	42	34	38	63	52	6	62	34	21	43	40	24	14	24	53	56	64	70	49	51	57	66	67	
63	42	52	48	16	53	59	7	13	62	61	53	32	85	11	63	48	83	76	75	61	34	47	38	65	19	62	53	22	32	68	32	62	37	56	25	55	27	50	14	45	63	58	8	0	40	15	64	50	54	41	48	49	29	46	27	62	16	21	46	60	24	72	61	80	16	52	13	6	56	22	38	52	65	45	73	40	14	42	39	35	59	57	3	58	32	18	46	33	22	7	19	53	53	65	68	51	50	59	63	63	
35	38	22	23	40	24	59	39	27	47	22	40	36	48	36	39	20	46	43	41	20	26	15	21	24	38	53	26	18	9	28	47	27	27	19	21	32	29	11	29	13	29	39	37	40	0	25	61	21	36	45	26	25	29	18	14	45	25	35	5	19	24	34	26	43	25	25	31	42	17	34	2	28	24	6	43	44	32	19	9	28	48	18	38	47	23	28	8	45	25	47	31	21	37	29	44	13	28	21	43	51	
49	37	37	36	21	38	57	14	4	55	46	46	29	71	15	53	36	69	63	61	45	26	32	27	49	21	57	39	7	16	53	35	49	29	41	11	44	21	34	7	31	50	49	12	15	25	0	61	35	45	39	37	38	23	33	12	54	7	20	30	44	12	58	47	66	6	40	9	17	41	20	23	41	49	29	61	38	13	30	24	28	53	41	13	52	23	12	31	35	14	23	16	40	45	51	58	36	39	44	54	57	
96	24	83	39	48	85	5	70	58	20	60	21	32	64	53	32	43	64	51	52	66	37	76	39	72	45	11	87	62	63	69	32	52	34	53	70	34	39	70	67	49	49	26	69	64	61	61	0	82	27	23	36	37	37	44	64	22	53	43	60	69	72	61	51	62	54	40	69	70	57	42	59	36	65	66	45	24	50	41	69	34	15	73	64	14	40	49	56	31	47	66	45	47	26	52	33	57	35	56	26	14	
14	59	2	44	55	3	80	45	39	68	35	61	56	60	50	59	41	57	59	56	29	46	5	43	27	54	74	5	28	21	34	66	43	48	36	25	52	48	14	36	34	46	60	43	50	21	35	82	0	57	66	47	46	48	38	23	66	39	52	22	24	26	45	42	54	39	45	37	49	32	51	22	48	33	16	60	64	47	40	13	49	69	17	47	69	44	44	27	65	42	57	47	39	58	45	63	29	49	36	64	72	
70	16	58	12	42	59	28	58	44	10	32	7	25	41	44	10	16	40	28	28	38	20	51	18	44	38	17	62	44	41	41	34	25	17	25	51	6	27	44	52	23	22	4	57	54	36	45	27	57	0	25	9	10	25	18	44	9	39	35	34	42	54	35	24	38	40	12	54	59	30	33	35	9	38	40	23	25	39	17	45	19	12	46	53	13	22	36	30	32	32	59	34	20	2	25	14	29	8	28	9	15	
80	10	67	30	25	69	18	47	36	27	53	19	10	66	30	35	34	65	54	54	57	19	60	24	63	22	23	71	42	45	62	10	48	19	45	49	30	18	56	45	37	46	28	46	41	45	39	23	66	25	0	28	30	17	33	45	28	32	20	47	59	51	59	47	63	33	34	47	47	48	19	44	31	58	51	48	1	27	29	52	17	22	61	41	20	22	27	44	8	26	43	23	40	23	49	38	46	28	49	31	25	
60	18	48	2	38	49	35	51	37	20	25	14	23	40	39	15	7	39	29	28	30	14	41	10	37	34	27	52	35	31	34	35	20	12	17	42	7	22	34	44	13	18	13	49	48	26	37	36	47	9	28	0	2	20	8	35	18	32	31	25	33	45	31	19	36	33	6	46	53	21	29	25	4	31	31	25	27	34	8	35	15	22	37	47	21	16	30	20	32	26	54	29	12	10	21	20	20	2	21	18	25	
59	20	47	2	39	48	37	52	38	21	23	16	25	38	40	15	5	37	27	26	28	16	40	11	35	36	28	51	35	31	32	37	18	13	15	42	7	24	33	45	12	16	13	50	49	25	38	37	46	10	30	2	0	22	7	35	19	33	32	23	31	45	29	17	34	34	4	47	54	20	31	25	3	29	30	24	29	35	8	34	17	23	36	48	23	17	31	19	34	27	55	31	10	12	19	20	19	2	19	18	26	
63	14	50	21	17	51	34	34	21	32	41	23	7	60	19	34	23	59	49	48	44	5	43	11	50	14	34	53	25	27	50	18	39	8	33	32	26	2	40	30	24	38	29	33	29	29	23	37	48	25	17	20	22	0	21	27	32	16	10	31	45	34	49	37	56	17	26	32	35	36	9	27	24	46	35	45	16	14	16	35	5	30	46	28	29	6	12	29	16	9	34	9	29	24	40	39	33	21	37	34	34	
52	24	39	5	38	41	43	47	33	29	20	23	27	39	37	22	3	38	30	29	23	16	33	10	30	35	35	43	29	24	29	39	17	15	12	35	14	23	26	39	5	17	21	45	46	18	33	44	38	18	33	8	7	21	0	28	27	29	31	16	26	38	28	16	35	29	8	42	50	15	30	17	10	25	22	28	32	32	5	27	18	30	29	44	30	16	28	12	37	24	52	29	8	19	19	27	13	10	16	25	33	
38	40	25	33	31	26	61	25	16	54	37	46	34	63	26	50	31	61	57	55	35	27	20	26	38	30	58	27	5	5	42	43	41	30	34	7	42	26	22	15	25	43	48	22	27	14	12	64	23	44	45	35	35	27	28	0	53	16	29	20	33	10	49	40	58	15	36	17	28	32	28	13	38	39	18	56	44	23	27	12	30	54	30	24	53	24	20	22	42	19	34	24	33	44	43	55	28	37	36	53	57	
78	20	67	21	48	68	25	66	52	2	39	9	31	42	51	10	25	42	29	30	45	28	60	27	51	45	11	71	53	50	47	38	30	25	32	60	13	34	53	61	32	27	5	65	62	45	54	22	66	9	28	18	19	32	27	53	0	47	42	43	49	63	39	30	40	48	20	63	67	37	40	44	17	44	49	23	28	47	26	54	26	8	54	61	9	31	44	38	36	40	66	42	27	9	30	11	37	17	35	4	8	
54	30	41	31	15	43	49	19	5	48	45	39	21	68	11	47	32	66	59	58	45	19	35	21	50	14	50	44	11	19	52	28	46	22	39	18	39	14	36	14	28	46	43	17	16	25	7	53	39	39	32	32	33	16	29	16	47	0	13	30	44	20	55	44	63	1	36	16	21	39	13	23	36	48	31	57	30	7	25	27	21	46	43	15	45	16	5	29	27	7	23	9	36	38	48	52	35	34	42	48	50	
67	21	54	31	7	55	38	27	16	42	50	32	11	71	10	44	34	69	60	59	52	16	47	21	58	3	41	56	25	31	59	14	49	19	43	31	37	8	46	25	33	48	39	26	21	35	20	43	52	35	20	31	32	10	31	29	42	13	0	39	53	33	60	47	66	14	36	27	27	45	1	33	35	55	41	56	19	7	26	39	16	38	53	21	37	15	8	37	14	10	24	4	39	34	51	49	41	32	47	43	42	
35	39	23	22	44	25	59	45	33	45	17	39	38	43	41	36	18	40	38	36	15	27	17	22	19	42	52	27	24	14	22	50	22	28	15	27	29	32	9	35	11	25	37	42	46	5	30	60	22	34	47	25	23	31	16	20	43	30	39	0	14	30	28	21	38	30	22	37	48	12	38	7	25	19	6	39	46	36	19	13	30	47	14	43	46	25	32	4	48	29	53	35	17	35	24	41	8	26	16	41	50	
32	50	24	30	58	25	69	58	47	51	11	48	51	35	55	40	26	32	35	32	5	40	20	34	5	56	59	28	37	27	10	63	21	40	16	39	36	46	12	48	21	24	43	56	60	19	44	69	24	42	59	33	31	45	26	33	49	44	53	14	0	41	21	20	30	44	29	50	61	12	52	21	32	9	15	37	58	50	30	22	42	54	7	57	55	39	46	16	61	43	67	49	22	43	22	44	13	34	14	46	57	
39	48	28	43	33	29	69	19	17	64	47	55	41	73	27	60	41	71	67	65	44	36	24	36	46	33	67	29	10	15	51	48	51	38	44	3	52	33	30	10	35	53	58	17	24	24	12	72	26	54	51	45	45	34	38	10	63	20	33	30	41	0	59	50	68	19	46	11	23	42	33	23	48	48	26	66	50	26	37	19	38	63	37	21	62	32	25	32	47	25	31	29	44	54	54	65	38	47	46	63	67	
52	49	45	29	66	46	63	72	59	41	11	42	54	14	65	29	26	12	16	13	16	44	41	38	19	63	50	49	52	43	12	66	11	42	16	56	29	51	32	63	27	13	35	70	72	34	58	61	45	35	59	31	29	49	28	49	39	55	60	28	21	59	0	12	9	56	25	65	75	17	58	35	28	12	33	20	58	60	33	41	45	46	28	70	47	44	56	26	64	51	79	57	20	37	10	30	21	31	13	35	48	
52	37	42	17	54	43	52	62	48	32	9	31	42	24	53	20	13	22	17	14	15	31	37	26	21	51	41	46	42	34	17	53	1	30	6	47	18	39	28	53	16	4	25	60	61	26	47	51	42	24	47	19	17	37	16	40	30	44	47	21	20	50	12	0	19	45	13	56	65	10	46	26	16	14	27	18	46	48	21	34	33	36	26	59	37	32	44	18	51	40	68	45	8	26	3	23	13	19	6	27	38	
61	53	54	35	73	55	65	81	67	42	21	45	60	5	73	30	32	2	12	10	25	50	50	44	28	70	51	58	61	52	21	71	17	48	24	65	32	58	41	72	35	17	37	79	80	43	66	62	54	38	63	36	34	56	35	58	40	63	66	38	30	68	9	19	0	64	30	74	84	26	65	44	32	21	42	18	62	68	39	50	51	48	37	78	49	51	63	35	69	59	87	64	27	40	15	29	30	35	22	36	48	
54	31	41	32	15	42	50	18	4	49	45	40	22	69	11	48	32	67	60	58	45	20	35	22	50	15	51	43	11	19	52	29	46	23	39	17	40	15	36	13	29	47	44	16	16	25	6	54	39	40	33	33	34	17	29	15	48	1	14	30	44	19	56	45	64	0	36	15	20	39	14	23	37	49	31	57	31	7	26	27	22	47	43	14	46	17	5	30	28	8	23	10	37	39	48	53	35	34	43	49	51	
57	24	46	5	43	47	40	55	40	22	20	19	29	34	43	14	5	33	24	22	25	20	39	14	32	40	30	50	37	32	29	41	14	17	12	43	7	28	32	47	12	12	15	53	52	25	40	40	45	12	34	6	4	26	8	36	20	36	36	22	29	46	25	13	30	36	0	49	57	17	35	25	3	25	29	21	33	38	10	34	21	25	33	51	25	21	34	18	39	30	58	34	7	14	15	19	17	6	16	18	28	
50	46	39	45	25	40	65	8	11	64	54	55	37	79	19	62	45	77	72	70	52	35	35	36	55	26	66	40	13	22	59	41	57	38	50	12	54	30	39	2	39	58	58	6	13	31	9	69	37	54	47	46	47	32	42	17	63	16	27	37	50	11	65	56	74	15	49	0	12	48	27	30	50	56	35	70	46	19	39	28	37	62	46	10	61	32	20	38	41	23	20	24	48	54	59	67	44	48	52	63	66	
62	48	51	52	22	52	65	4	16	68	64	58	38	89	17	68	53	86	80	79	63	39	47	42	67	25	68	52	24	34	70	39	66	42	59	24	60	32	51	13	48	67	63	6	6	42	17	70	49	59	47	53	54	35	50	28	67	21	27	48	61	23	75	65	84	20	57	12	0	58	28	41	57	67	46	78	46	20	46	40	40	64	58	6	63	37	23	49	39	27	8	25	57	59	68	73	54	55	62	68	68	
42	39	32	19	51	33	57	55	43	39	5	36	42	31	49	28	14	28	27	24	8	31	27	25	15	48	47	36	35	26	14	54	11	30	5	39	24	37	18	46	12	14	31	53	56	17	41	57	32	30	48	21	20	36	15	32	37	39	45	12	12	42	17	10	26	39	17	48	58	0	44	18	20	10	17	28	47	44	20	25	33	42	17	53	43	30	40	9	52	36	62	42	10	31	13	32	4	22	4	34	45	
66	20	53	30	8	55	37	28	17	40	49	31	10	69	11	43	32	68	59	58	51	15	47	20	57	5	40	56	24	30	58	14	47	17	42	31	36	7	45	26	32	47	37	27	22	34	20	42	51	33	19	29	31	9	30	28	40	13	1	38	52	33	58	46	65	14	35	27	28	44	0	32	34	54	40	55	18	8	25	38	14	37	52	22	35	14	8	36	14	9	26	4	38	32	49	48	40	31	46	42	41	
36	36	24	23	38	25	58	37	26	46	24	39	34	49	34	39	20	47	44	41	22	24	16	20	26	36	51	27	17	8	29	45	28	25	20	20	31	27	13	28	13	30	38	35	38	2	23	59	22	35	44	25	25	27	17	13	44	23	33	7	21	23	35	26	44	23	25	30	41	18	32	0	27	26	8	43	42	30	18	9	27	47	20	36	46	21	26	8	44	23	46	29	21	36	30	44	14	27	22	43	50	
61	21	49	5	42	51	37	55	41	19	23	15	27	36	43	12	7	35	25	24	29	19	42	14	35	39	26	53	38	34	32	38	17	16	16	45	4	26	35	48	14	15	11	53	52	28	41	36	48	9	31	4	3	24	10	38	17	36	35	25	32	48	28	16	32	37	3	50	57	20	34	27	0	29	32	21	30	38	11	37	19	22	37	51	22	20	34	21	36	30	58	33	10	10	18	17	20	3	19	15	24	
40	48	33	28	61	34	66	64	51	46	5	44	52	26	59	34	24	23	26	23	4	41	29	35	8	58	55	37	43	33	4	64	14	40	13	46	31	47	20	54	22	17	39	62	65	24	49	65	33	38	58	31	29	46	25	39	44	48	55	19	9	48	12	14	21	49	25	56	67	10	54	26	29	0	22	29	57	54	30	30	43	50	16	62	51	40	49	18	62	46	72	51	18	39	15	37	13	31	9	41	52	
29	44	17	28	46	18	65	43	32	51	21	45	42	47	42	43	24	45	44	41	17	32	10	27	20	44	58	21	22	13	24	53	28	33	21	24	36	35	5	33	17	31	43	41	45	6	29	66	16	40	51	31	30	35	22	18	49	31	41	6	15	26	33	27	42	31	29	35	46	17	40	8	32	22	0	45	50	38	24	8	34	53	12	42	52	29	34	10	52	31	52	37	23	41	30	47	14	32	21	47	56	
69	39	60	25	63	61	48	76	61	25	26	29	48	19	64	13	25	19	6	8	32	40	55	35	38	60	34	64	57	51	31	58	17	37	24	63	19	48	46	68	31	14	20	74	73	43	61	45	60	23	48	25	24	45	28	56	23	57	56	39	37	66	20	18	18	57	21	70	78	28	55	43	21	29	45	0	48	59	31	52	40	31	44	72	32	41	55	35	55	51	79	55	22	25	15	12	31	24	24	19	31	
79	9	66	29	24	67	19	46	35	27	52	19	9	65	29	34	33	65	53	53	56	18	59	23	62	21	24	69	41	43	61	10	47	18	44	48	30	17	55	44	36	45	27	45	40	44	38	24	64	25	1	27	29	16	32	44	28	30	19	46	58	50	58	46	62	31	33	46	46	47	18	42	30	57	50	48	0	26	27	51	15	22	60	40	20	20	26	42	8	24	42	22	39	23	48	38	45	27	48	31	25	
61	28	49	33	8	50	46	20	9	47	50	38	18	72	5	48	35	70	62	61	51	19	42	24	56	7	48	51	18	26	58	22	50	22	43	25	41	12	43	18	33	50	43	19	14	32	13	50	47	39	27	34	35	14	32	23	47	7	7	36	50	26	60	48	68	7	38	19	20	44	8	30	38	54	38	59	26	0	28	34	20	44	50	14	43	17	4	35	21	8	20	5	40	39	52	53	40	35	47	48	48	
54	20	42	6	33	43	40	44	30	28	25	21	22	44	33	23	7	42	34	33	28	11	35	5	34	30	33	45	27	23	34	34	22	10	17	34	15	18	29	37	8	22	21	42	42	19	30	41	40	17	29	8	8	16	5	27	26	25	26	19	30	37	33	21	39	26	10	39	46	20	25	18	11	30	24	31	27	28	0	28	13	28	33	40	28	11	24	15	32	19	48	24	13	18	24	28	17	10	21	26	32	
28	46	15	32	42	16	67	36	28	56	29	49	42	55	38	48	29	53	51	49	25	33	8	30	27	41	61	18	17	8	32	52	35	34	28	16	41	34	10	26	22	38	48	34	39	9	24	69	13	45	52	35	34	35	27	12	54	27	39	13	22	19	41	34	50	27	34	28	40	25	38	9	37	30	8	52	51	34	28	0	36	56	18	36	56	30	31	17	51	29	47	34	30	46	37	53	21	37	29	53	60	
64	10	51	16	23	52	31	39	26	27	38	18	9	55	25	28	19	54	44	43	41	2	44	8	47	19	29	54	28	29	47	21	34	3	30	36	21	8	39	35	21	33	23	38	35	28	28	34	49	19	17	15	17	5	18	30	26	21	16	30	42	38	45	33	51	22	21	37	40	33	14	27	19	43	34	40	15	20	13	36	0	25	44	34	24	5	17	27	19	14	40	15	25	18	36	33	30	16	34	28	29	
82	16	70	24	44	71	17	64	51	6	45	7	27	50	48	18	29	50	37	38	51	27	63	27	57	41	5	74	52	51	54	32	37	24	38	60	18	32	56	60	35	34	11	63	59	48	53	15	69	12	22	22	23	30	30	54	8	46	38	47	54	63	46	36	48	47	25	62	64	42	37	47	22	50	53	31	22	44	28	56	25	0	59	58	1	30	42	42	30	39	62	39	32	11	37	19	42	20	41	12	4	
25	53	17	34	58	18	73	55	45	56	18	52	53	42	54	46	30	39	42	39	12	42	14	37	10	56	64	21	34	25	16	64	27	42	22	34	41	46	7	45	24	31	48	52	57	18	41	73	17	46	61	37	36	46	29	30	54	43	53	14	7	37	28	26	37	43	33	46	58	17	52	20	37	16	12	44	60	50	33	18	44	59	0	54	59	40	46	17	63	43	64	49	27	48	29	50	16	38	20	52	62	
60	42	49	46	17	50	59	6	10	61	59	52	32	83	11	62	47	81	74	73	58	33	44	36	62	19	62	50	19	29	65	33	60	36	53	22	54	26	47	11	43	61	57	6	3	38	13	64	47	53	41	47	48	28	44	24	61	15	21	43	57	21	70	59	78	14	51	10	6	53	22	36	51	62	42	72	40	14	40	36	34	58	54	0	57	30	17	43	34	21	10	19	51	52	62	67	49	48	56	62	62	
82	15	70	24	43	71	16	63	50	7	45	7	25	51	47	19	29	51	38	39	51	26	63	26	57	39	5	74	52	51	54	31	37	23	38	59	19	31	56	59	35	34	12	62	58	47	52	14	69	13	20	21	23	29	30	53	9	45	37	46	55	62	47	37	49	46	25	61	63	43	35	46	22	51	52	32	20	43	28	56	24	1	59	57	0	29	41	42	29	38	61	38	33	11	37	20	42	20	41	13	5	
58	16	45	16	22	47	37	35	21	32	35	23	12	55	22	31	18	53	45	44	38	3	38	6	44	19	34	48	22	23	44	24	33	6	28	30	23	7	34	30	18	33	26	34	32	23	23	40	44	22	22	16	17	6	16	24	31	16	15	25	39	32	44	32	51	17	21	32	37	30	14	21	20	40	29	41	20	17	11	30	5	30	40	30	29	0	13	23	22	9	37	13	24	22	35	36	27	18	32	32	34	
58	26	45	29	12	47	45	22	9	44	46	35	16	68	9	45	31	66	58	57	46	16	39	20	51	10	46	48	16	22	53	23	45	19	39	23	37	10	39	18	28	46	40	21	18	28	12	49	44	36	27	30	31	12	28	20	44	5	8	32	46	25	56	44	63	5	34	20	23	40	8	26	34	49	34	55	26	4	24	31	17	42	46	17	41	13	0	31	22	4	24	4	36	35	47	50	36	31	42	45	46	
40	35	28	17	42	29	55	46	33	40	15	35	35	41	40	32	13	38	35	32	15	24	21	19	21	40	47	32	25	17	22	47	19	24	11	29	25	30	14	36	7	21	33	43	46	8	31	56	27	30	44	20	19	29	12	22	38	29	37	4	16	32	26	18	35	30	18	38	49	9	36	8	21	18	10	35	42	35	15	17	27	42	17	43	42	23	31	0	45	27	53	33	13	31	21	36	5	22	13	37	45	
79	16	66	34	17	68	26	40	31	36	57	27	10	72	23	42	38	71	60	60	60	21	59	27	66	14	32	69	38	43	66	2	52	22	49	46	37	16	57	40	40	51	35	40	33	45	35	31	65	32	8	32	34	16	37	42	36	27	14	48	61	47	64	51	69	28	39	41	39	52	14	44	36	62	52	55	8	21	32	51	19	30	63	34	29	22	22	45	0	22	35	18	44	31	54	46	49	33	53	39	34	
57	23	44	25	15	45	43	25	12	41	42	32	15	64	13	41	26	62	54	53	43	12	37	15	48	13	43	47	16	21	50	23	41	15	35	23	33	7	36	21	24	41	36	24	22	25	14	47	42	32	26	26	27	9	24	19	40	7	10	29	43	25	51	40	59	8	30	23	27	36	9	23	30	46	31	51	24	8	19	29	14	39	43	21	38	9	4	27	22	0	28	6	32	32	43	46	32	27	38	41	43	
70	46	59	53	18	60	61	12	20	66	68	57	35	92	15	68	55	90	82	81	68	39	54	44	72	21	65	60	30	39	75	34	69	42	62	32	61	32	57	21	52	70	63	14	7	47	23	66	57	59	43	54	55	34	52	34	66	23	24	53	67	31	79	68	87	23	58	20	8	62	26	46	58	72	52	79	42	20	48	47	40	62	64	10	61	37	24	53	35	28	0	24	60	58	71	73	58	55	66	68	66	
62	23	49	29	9	51	41	25	13	42	47	33	13	68	9	44	31	67	58	57	49	15	43	19	54	7	43	52	20	26	55	19	46	18	40	27	36	7	42	22	30	46	38	24	19	31	16	45	47	34	23	29	31	9	29	24	42	9	4	35	49	29	57	45	64	10	34	24	25	42	4	29	33	51	37	55	22	5	24	34	15	39	49	19	38	13	4	33	18	6	24	0	37	34	48	48	38	31	44	43	43	
51	30	40	10	46	41	47	55	41	29	13	26	34	31	45	19	6	30	23	21	18	24	34	18	25	43	37	44	35	28	22	46	9	22	5	41	14	31	26	46	8	10	21	53	53	21	40	47	39	20	40	12	10	29	8	33	27	36	39	17	22	44	20	8	27	37	7	48	57	10	38	21	10	18	23	22	39	40	13	30	25	32	27	51	33	24	36	13	44	32	60	37	0	21	11	24	10	13	9	25	35	
71	14	59	13	41	60	26	57	43	10	34	5	24	42	43	11	17	42	30	30	39	19	52	18	46	37	16	63	44	41	43	33	26	16	26	51	8	26	45	52	24	24	5	56	53	37	45	26	58	2	23	10	12	24	19	44	9	38	34	35	43	54	37	26	40	39	14	54	59	31	32	36	10	39	41	25	23	39	18	46	18	11	48	52	11	22	35	31	31	32	58	34	21	0	27	15	31	9	30	9	14	
54	39	45	19	57	46	53	66	52	32	10	32	44	20	57	20	17	18	14	11	17	34	40	29	23	54	41	49	46	38	17	56	2	32	9	50	19	42	31	57	19	3	25	64	65	29	51	52	45	25	49	21	19	40	19	43	30	48	51	24	22	54	10	3	15	48	15	59	68	13	49	30	18	15	30	15	48	52	24	37	36	37	29	62	37	35	47	21	54	43	71	48	11	27	0	22	16	21	9	26	38	
75	29	64	22	56	65	36	71	57	13	32	18	39	31	58	5	24	31	18	19	39	34	58	30	45	52	22	68	55	51	40	48	23	30	27	62	13	41	49	65	31	19	10	70	68	44	58	33	63	14	38	20	20	39	27	55	11	52	49	41	44	65	30	23	29	53	19	67	73	32	48	44	17	37	47	12	38	53	28	53	33	19	50	67	20	36	50	36	46	46	73	48	24	15	22	0	34	18	29	7	19	
41	37	30	18	47	31	56	51	38	39	10	35	39	35	45	29	13	33	30	27	11	28	24	22	17	45	47	34	31	22	17	51	14	27	7	34	24	34	15	42	9	17	32	49	51	13	36	57	29	29	46	20	19	33	13	28	37	35	41	8	13	38	21	13	30	35	17	44	54	4	40	14	20	13	14	31	45	40	17	21	30	42	16	49	42	27	36	5	49	32	58	38	10	31	16	34	0	22	8	35	45	
62	18	50	4	39	51	34	53	39	18	26	13	24	39	40	13	8	38	28	27	31	16	43	12	38	36	25	54	37	33	35	35	20	13	18	44	5	24	36	46	15	18	11	51	50	28	39	35	49	8	28	2	2	21	10	37	17	34	32	26	34	47	31	19	35	34	6	48	55	22	31	27	3	31	32	24	27	35	10	37	16	20	38	48	20	18	31	22	33	27	55	31	13	9	21	18	22	0	22	16	23	
45	39	36	19	53	37	56	59	46	37	4	35	43	27	52	26	15	25	23	20	9	32	31	26	16	50	46	40	39	30	13	55	7	31	4	43	22	39	22	50	14	10	30	57	59	21	44	56	36	28	49	21	19	37	16	36	35	42	47	16	14	46	13	6	22	43	16	52	62	4	46	22	19	9	21	24	48	47	21	29	34	41	20	56	41	32	42	13	53	38	66	44	9	30	9	29	8	22	0	32	43	
76	23	65	20	50	66	29	67	53	6	36	12	33	38	53	6	23	38	25	26	42	29	58	27	48	47	15	69	53	49	44	41	27	26	29	60	11	36	51	61	30	23	5	66	63	43	54	26	64	9	31	18	18	34	25	53	4	48	43	41	46	63	35	27	36	49	18	63	68	34	42	43	15	41	47	19	31	48	26	53	28	12	52	62	13	32	45	37	39	41	68	43	25	9	26	7	35	16	32	0	12	
85	20	73	28	48	75	17	68	55	6	47	11	31	50	52	18	32	50	37	38	53	31	66	31	60	44	3	77	56	55	56	36	38	28	40	64	21	36	60	64	38	35	13	67	63	51	57	14	72	15	25	25	26	34	33	57	8	50	42	50	57	67	48	38	48	51	28	66	68	45	41	50	24	52	56	31	25	48	32	60	29	4	62	62	5	34	46	45	34	43	66	43	35	14	38	19	45	23	43	12	0	

