5  100
36	30	23	27	93	20	36	47	38	38	30	6	75	49	20	74	15	18	79	92	11	11	88	29	45	47	36	14	14	53	35	83	26	92	93	89	52	15	10	16	41	31	36	20	49	35	61	74	87	71	70	10	38	92	42	44	54	87	12	91	77	37	89	32	87	67	43	61	39	57	52	61	88	80	26	39	47	37	94	79	98	44	83	28	88	44	52	81	34	14	37	90	75	16	54	40	86	82	15	39	
88	70	11	55	85	88	14	41	57	17	56	5	23	41	29	29	28	95	64	26	47	59	45	29	78	8	13	89	3	18	92	99	96	84	28	98	54	10	56	85	30	42	73	98	52	18	62	80	90	73	14	94	76	5	14	5	20	28	37	88	37	8	98	95	30	28	36	21	35	56	48	6	86	81	63	31	88	87	76	22	72	11	30	29	17	86	59	92	4	97	88	74	100	40	98	58	19	37	58	78	
82	90	29	16	9	7	33	6	52	10	6	77	36	44	30	100	81	94	39	43	97	41	19	14	19	53	96	97	59	48	7	56	64	25	76	9	48	94	81	52	82	4	28	42	11	12	22	7	96	69	51	88	31	85	75	99	40	40	39	2	12	2	86	68	67	33	6	53	20	22	97	26	27	39	58	95	92	56	6	78	6	8	33	37	4	60	90	53	21	47	13	36	4	41	91	56	92	34	80	98	
4	72	60	16	57	38	51	91	38	21	71	67	68	59	67	77	81	100	89	26	39	75	45	45	30	13	6	87	55	4	97	68	49	29	42	34	53	76	6	63	76	56	99	59	59	23	70	73	91	40	87	95	83	75	1	51	47	68	7	61	89	70	96	68	66	81	2	24	15	83	61	22	96	11	59	65	67	56	4	67	28	21	90	66	60	52	92	54	78	57	61	3	41	15	59	81	33	19	92	54	
57	40	93	58	56	42	15	25	98	65	71	82	55	85	97	74	92	67	65	33	15	37	25	66	75	72	8	67	94	39	55	25	8	83	22	37	77	6	18	6	73	12	11	17	96	77	93	82	18	30	9	44	12	68	47	33	70	30	4	65	58	36	24	61	15	1	9	6	49	63	11	5	31	10	7	50	45	48	58	79	90	6	56	21	90	11	64	14	22	29	50	90	100	11	21	17	38	34	53	89	
1194	3837	1398	2291	1128	1351	4155	1828	2931	2413	2998	4214	3833	710	3781	3898	1781	1599	296	2317	1956	3150	4508	1962	3003	3437	3046	3869	2720	3882	4707	4332	1093	782	4622	4017	820	4144	145	518	3016	1691	2919	2285	3196	1237	3962	315	66	4919	4553	4837	2440	3941	436	4190	2230	790	2446	2602	2810	3991	848	4000	1388	2390	1064	4479	4776	2625	3432	4130	1963	3119	191	1853	2565	3105	979	3644	213	4173	1602	3037	4601	3847	1428	3804	1262	3031	3973	3971	2584	2080	2053	1362	4585	2380	896	4100	
0	82	76	25	69	51	71	75	58	50	31	62	22	64	56	38	66	33	27	13	69	61	42	35	37	56	67	54	51	24	89	56	69	68	65	48	54	65	72	63	73	70	58	38	73	51	17	69	32	54	65	69	77	63	61	15	80	48	27	77	40	38	55	67	66	55	50	49	76	42	29	62	47	64	75	60	61	47	64	73	69	55	58	44	65	31	73	31	69	13	71	61	76	66	32	45	81	97	67	39	34	
82	0	8	60	14	33	53	19	32	38	56	63	63	25	33	44	18	49	56	70	14	21	43	51	44	38	32	29	44	63	22	66	55	24	60	56	43	36	56	56	10	40	70	46	43	35	65	21	69	31	49	30	43	66	42	68	31	34	56	31	50	44	33	57	55	31	65	45	34	45	62	39	56	17	22	67	40	48	38	15	55	63	32	52	30	65	19	69	53	69	37	26	15	25	50	37	3	27	48	45	55	
76	8	0	52	12	25	46	21	24	30	51	55	55	24	25	37	10	43	50	63	12	17	38	44	38	30	32	25	36	56	21	58	47	24	52	48	35	36	49	49	8	40	62	40	37	30	59	13	61	27	41	22	36	59	42	61	25	28	50	25	46	37	25	49	48	27	57	42	28	41	54	31	48	11	16	60	32	45	38	15	48	56	24	44	30	57	20	61	46	62	30	18	17	24	43	31	5	27	41	40	47	
25	60	52	0	48	27	48	56	33	25	23	42	3	46	31	18	43	12	16	11	48	40	25	10	17	31	51	35	27	5	64	37	47	51	44	26	29	51	50	41	51	57	40	22	49	34	13	44	17	36	41	44	52	43	49	16	55	27	16	52	30	18	30	45	44	38	31	37	51	29	9	38	25	42	50	41	36	37	50	52	47	35	33	21	49	14	54	17	46	11	46	37	56	48	10	24	58	72	44	24	11	
69	14	12	48	0	24	53	11	26	30	42	60	51	12	27	31	14	37	43	57	0	8	29	41	32	33	20	15	38	52	33	61	54	12	58	50	38	24	56	54	4	29	66	32	45	20	52	21	60	17	47	30	45	64	30	54	36	21	43	35	36	31	26	55	54	16	59	30	37	31	52	37	49	8	26	64	37	34	26	5	55	59	26	44	18	56	9	60	53	57	38	21	9	12	38	24	14	39	48	31	46	
51	33	25	27	24	0	36	34	9	7	32	39	30	27	8	15	15	19	29	38	24	18	22	18	16	12	36	17	15	30	37	39	36	31	38	26	16	38	39	34	26	44	43	22	31	21	35	17	36	20	29	20	34	42	40	38	31	11	29	28	32	15	6	36	35	22	36	32	29	27	28	19	26	16	24	42	19	35	38	29	37	36	9	20	33	32	32	36	35	38	26	10	33	29	19	12	31	46	30	23	22	
71	53	46	48	53	36	0	65	28	30	65	14	50	61	29	49	39	49	60	58	53	51	57	40	49	24	71	53	23	47	39	20	2	65	9	23	21	73	2	9	52	80	23	56	10	58	61	33	41	56	7	23	13	16	76	64	25	48	60	23	67	49	30	5	5	58	24	69	20	63	41	17	24	45	31	19	17	71	74	59	3	19	28	27	68	40	63	42	2	59	16	33	62	63	47	48	50	45	5	58	37	
75	19	21	56	11	34	65	0	38	41	45	72	59	11	38	38	25	44	48	64	11	16	33	50	39	44	13	21	49	61	41	72	66	7	69	60	49	18	68	65	13	21	77	37	56	23	57	32	69	20	59	41	56	75	25	59	46	29	48	46	38	38	37	67	65	19	70	30	48	33	61	48	60	20	36	75	48	33	20	5	66	70	38	55	13	65	2	69	64	63	49	32	4	9	46	32	21	46	59	35	55	
58	32	24	33	26	9	28	38	0	7	41	34	36	33	1	24	14	27	37	44	26	23	31	23	24	6	42	25	12	35	31	35	29	36	32	24	11	45	31	27	27	51	39	31	22	30	43	12	37	28	22	11	25	37	47	46	22	20	37	20	41	24	3	29	28	30	33	41	20	36	32	11	24	17	17	37	11	43	46	32	29	32	0	20	39	34	36	38	27	44	17	6	36	34	26	21	29	39	23	32	25	
50	38	30	25	30	7	30	41	7	0	36	32	28	34	6	19	20	20	31	36	30	25	27	15	19	7	43	24	8	27	38	31	30	38	31	19	9	45	33	27	32	51	36	26	27	28	35	19	30	27	23	18	30	35	47	38	30	18	31	27	36	19	5	30	28	29	29	38	26	32	24	15	18	22	25	35	14	40	45	36	30	29	7	14	40	27	39	31	29	37	22	12	40	36	19	17	35	47	25	27	17	
31	56	51	23	42	32	65	45	41	36	0	62	24	34	40	17	44	16	7	24	42	34	13	26	17	43	36	26	42	28	68	59	64	38	63	46	44	34	67	59	46	39	62	11	63	22	15	49	41	25	58	53	66	65	30	16	64	23	7	61	9	17	38	63	62	26	53	18	61	12	32	51	45	40	56	63	50	16	33	44	65	57	41	40	34	37	43	40	63	23	58	42	47	36	18	21	56	76	60	11	31	
62	63	55	42	60	39	14	72	34	32	62	0	43	66	33	48	47	46	56	51	60	57	57	36	47	28	75	57	24	40	52	7	12	70	4	16	23	77	13	7	60	84	8	55	23	60	55	42	30	60	15	33	26	3	79	58	38	50	56	36	66	48	35	8	9	62	12	70	33	63	34	24	17	51	42	5	23	71	78	66	11	7	34	22	73	31	70	31	12	52	28	39	70	68	44	49	60	58	16	57	31	
22	63	55	3	51	30	50	59	36	28	24	43	0	49	34	21	46	15	17	8	51	43	28	12	20	33	54	38	29	3	67	37	48	54	45	27	31	54	51	42	54	59	40	24	51	37	12	47	16	39	43	46	55	44	51	15	57	30	17	55	32	21	33	46	45	41	31	39	54	31	9	40	26	45	53	41	38	39	53	55	48	36	36	22	52	13	57	15	47	9	48	40	59	51	13	27	61	75	45	26	12	
64	25	24	46	12	27	61	11	33	34	34	66	49	0	33	28	23	34	37	53	12	10	22	40	29	38	9	11	43	51	45	66	62	5	65	53	43	12	64	60	16	18	71	25	54	12	46	31	60	10	55	39	55	69	18	48	47	19	37	45	27	28	31	62	61	8	63	20	47	22	51	44	53	17	37	69	44	23	14	10	63	64	33	47	6	56	9	60	60	52	47	28	13	2	36	22	26	51	56	24	46	
56	33	25	31	27	8	29	38	1	6	40	33	34	33	0	23	15	26	36	43	27	23	30	21	23	5	42	24	11	34	32	34	29	37	31	23	10	44	31	27	27	51	39	30	23	29	41	13	36	27	22	13	26	36	47	44	24	19	36	21	40	23	2	29	28	29	32	40	21	35	30	12	23	18	19	37	11	43	45	33	30	32	1	19	39	33	36	37	28	43	18	7	36	34	25	20	30	41	23	31	24	
38	44	37	18	31	15	49	38	24	19	17	48	21	28	23	0	29	6	13	26	31	23	9	14	1	26	33	17	25	23	53	45	48	33	48	32	27	34	51	44	34	40	49	7	46	16	21	33	33	18	41	36	49	50	33	24	47	9	13	44	18	0	21	47	46	20	41	22	44	15	24	34	31	26	40	49	33	23	34	35	49	43	24	25	31	29	36	32	47	26	41	25	39	30	8	6	42	61	43	9	20	
66	18	10	43	14	15	39	25	14	20	44	47	46	23	15	29	0	33	42	53	14	14	31	34	29	20	33	20	26	46	24	49	40	26	44	38	25	36	42	40	13	42	53	33	31	26	50	7	50	23	33	16	31	50	41	53	23	20	42	22	40	29	15	41	40	24	47	38	24	35	44	23	38	6	14	51	23	41	37	19	41	46	14	34	30	47	24	51	39	53	24	8	23	24	34	23	15	32	34	33	37	
33	49	43	12	37	19	49	44	27	20	16	46	15	34	26	6	33	0	11	20	37	29	14	10	5	27	39	23	26	17	57	43	48	39	47	29	28	39	51	43	40	45	46	10	47	22	16	37	28	24	42	39	50	48	38	19	50	15	11	47	20	6	24	47	45	26	38	26	47	18	19	35	29	31	44	47	34	26	39	41	48	41	27	23	37	24	42	27	47	20	43	29	45	36	2	12	48	65	44	13	16	
27	56	50	16	43	29	60	48	37	31	7	56	17	37	36	13	42	11	0	18	43	35	14	20	13	38	40	27	37	21	66	52	59	41	57	39	39	39	62	53	47	44	55	11	58	24	10	47	33	27	53	49	61	58	35	11	60	22	0	58	14	13	34	57	56	28	46	23	58	16	25	46	38	39	54	56	45	22	38	46	59	50	37	33	38	30	46	33	58	17	54	39	49	38	13	19	55	75	55	12	25	
13	70	63	11	57	38	58	64	44	36	24	51	8	53	43	26	53	20	18	0	57	49	32	21	25	42	58	43	38	11	75	45	57	58	53	35	40	57	60	50	61	62	47	28	60	41	8	55	21	43	52	55	63	52	53	9	66	36	18	63	32	26	41	54	53	45	39	41	62	34	17	49	34	52	62	49	47	40	56	61	57	44	44	31	56	20	62	20	56	1	57	48	65	55	19	33	68	84	54	30	21	
69	14	12	48	0	24	53	11	26	30	42	60	51	12	27	31	14	37	43	57	0	8	29	41	32	33	20	15	38	52	33	61	54	12	58	50	38	24	56	54	4	29	66	32	45	20	52	21	60	17	47	30	45	64	30	54	36	21	43	35	36	31	26	55	54	16	59	30	37	31	52	37	49	8	26	64	37	34	26	5	55	59	26	44	18	56	9	60	53	57	38	21	9	12	38	24	14	39	48	31	46	
61	21	17	40	8	18	51	16	23	25	34	57	43	10	23	23	14	29	35	49	8	0	21	34	24	29	19	7	33	45	37	57	52	13	55	44	33	22	54	51	12	28	61	24	44	13	44	21	53	9	45	29	45	60	26	46	37	13	35	36	29	23	22	53	51	10	54	24	38	23	45	34	44	8	28	60	34	28	23	12	53	55	23	39	16	49	14	53	50	49	37	18	16	11	30	16	21	44	46	23	39	
42	43	38	25	29	22	57	33	31	27	13	57	28	22	30	9	31	14	14	32	29	21	0	24	10	33	26	13	34	31	56	55	57	26	57	42	36	25	60	53	33	31	59	4	53	9	24	37	42	12	50	42	56	60	23	26	52	11	14	50	10	9	28	56	55	13	50	12	51	5	33	41	41	26	44	59	41	13	25	31	57	53	31	35	24	38	31	42	56	31	48	30	34	24	17	10	42	63	52	2	30	
35	51	44	10	41	18	40	50	23	15	26	36	12	40	21	14	34	10	20	21	41	34	24	0	13	21	47	29	17	12	54	32	39	45	36	19	19	48	42	33	43	54	36	21	39	30	21	35	19	31	33	34	43	38	47	24	45	21	20	42	31	14	20	37	36	33	27	36	41	29	11	28	18	33	41	36	26	37	48	46	39	30	23	13	45	15	48	19	38	21	36	27	50	42	8	18	49	62	35	23	5	
37	44	38	17	32	16	49	39	24	19	17	47	20	29	23	1	29	5	13	25	32	24	10	13	0	26	34	18	25	22	53	45	48	34	47	31	27	35	51	44	35	41	49	8	46	17	20	33	32	19	41	36	49	50	34	23	47	10	13	44	18	1	21	47	46	21	40	23	45	15	23	34	30	27	40	48	33	24	34	36	48	43	24	25	32	28	37	31	47	25	41	25	40	31	7	7	43	61	43	10	19	
56	38	30	31	33	12	24	44	6	7	43	28	33	38	5	26	20	27	38	42	33	29	33	21	26	0	48	30	6	32	34	28	24	42	26	18	5	50	26	21	33	56	33	33	20	34	42	17	33	33	17	13	23	31	52	45	24	24	38	21	43	26	7	24	22	35	27	45	20	39	28	8	18	24	21	31	7	47	51	38	24	26	6	14	45	30	42	33	22	42	15	12	42	40	25	24	35	43	18	34	21	
67	32	32	51	20	36	71	13	42	43	36	75	54	9	42	33	33	39	40	58	20	19	26	47	34	48	0	18	51	56	53	75	71	8	74	62	52	4	74	70	24	8	79	30	63	17	50	40	67	16	64	49	64	78	11	51	56	26	40	55	27	33	41	72	70	14	71	18	57	24	58	54	61	26	46	78	53	21	6	17	72	73	42	56	2	62	13	66	70	57	56	38	17	8	41	29	34	59	65	28	53	
54	29	25	35	15	17	53	21	25	24	26	57	38	11	24	17	20	23	27	43	15	7	13	29	18	30	18	0	33	40	44	56	54	16	55	43	33	20	56	51	19	26	60	16	47	6	37	27	49	3	46	33	49	60	22	39	43	8	27	41	21	17	23	54	52	5	53	18	42	16	40	36	42	14	34	59	36	21	21	18	54	54	25	37	16	44	19	48	52	42	41	21	22	13	25	11	29	51	48	15	35	
51	44	36	27	38	15	23	49	12	8	42	24	29	43	11	25	26	26	37	38	38	33	34	17	25	6	51	33	0	28	40	23	22	47	23	12	2	53	25	18	39	60	28	33	21	37	39	23	27	36	16	18	25	26	55	42	29	26	37	26	44	25	11	21	20	38	21	47	24	40	23	10	12	29	27	26	9	48	54	44	23	21	12	8	49	24	47	27	21	38	19	18	47	44	24	25	41	48	18	35	17	
24	63	56	5	52	30	47	61	35	27	28	40	3	51	34	23	46	17	21	11	52	45	31	12	22	32	56	40	28	0	66	34	46	56	42	24	30	56	49	39	55	62	37	27	49	39	16	47	12	41	41	45	53	41	54	18	56	32	21	53	35	23	33	43	42	43	28	42	52	34	6	38	23	46	53	38	37	42	56	57	45	33	35	20	54	9	59	12	45	12	47	39	61	53	15	29	61	75	43	29	10	
89	22	21	64	33	37	39	41	31	38	68	52	67	45	32	53	24	57	66	75	33	37	56	54	53	34	53	44	40	66	0	56	41	45	48	50	38	57	41	45	29	61	60	57	29	50	73	20	67	47	37	21	26	55	63	76	14	45	66	16	65	53	33	44	43	47	57	62	19	60	63	31	51	29	13	57	32	65	59	36	42	54	31	49	51	64	40	68	40	75	24	27	37	45	56	47	19	8	36	57	56	
56	66	58	37	61	39	20	72	35	31	59	7	37	66	34	45	49	43	52	45	61	57	55	32	45	28	75	56	23	34	56	0	18	70	11	13	23	76	20	12	62	83	4	53	28	59	50	44	24	59	19	37	32	7	77	52	42	48	52	40	63	45	35	15	15	61	6	68	37	60	28	27	14	52	46	4	26	69	77	67	17	2	35	19	72	25	71	25	18	46	32	41	71	68	40	47	62	63	21	55	27	
69	55	47	47	54	36	2	66	29	30	64	12	48	62	29	48	40	48	59	57	54	52	57	39	48	24	71	54	22	46	41	18	0	65	7	21	21	74	3	7	53	80	21	56	12	58	60	34	39	57	7	25	15	14	76	63	27	48	59	25	67	48	31	3	3	59	22	69	22	62	40	17	22	46	32	17	17	71	75	60	1	17	29	26	68	38	64	40	1	58	18	33	63	63	46	47	51	47	6	57	36	
68	24	24	51	12	31	65	7	36	38	38	70	54	5	37	33	26	39	41	58	12	13	26	45	34	42	8	16	47	56	45	70	65	0	68	58	47	12	67	64	16	16	75	30	57	17	51	33	65	15	58	42	57	73	18	53	48	24	41	47	31	33	35	66	65	13	67	23	50	26	56	48	57	20	39	73	48	26	14	9	66	68	36	52	6	61	5	64	64	57	50	31	10	3	41	27	26	51	59	29	51	
65	60	52	44	58	38	9	69	32	31	63	4	45	65	31	48	44	47	57	53	58	55	57	36	47	26	74	55	23	42	48	11	7	68	0	18	22	76	9	4	58	82	13	55	19	60	57	39	33	58	11	30	22	7	78	60	34	49	57	32	66	48	33	4	5	60	16	69	29	63	36	21	19	49	38	9	21	71	77	64	6	10	32	23	71	33	68	34	8	54	24	37	67	66	44	48	56	54	12	57	33	
48	56	48	26	50	26	23	60	24	19	46	16	27	53	23	32	38	29	39	35	50	44	42	19	31	18	62	43	12	24	50	13	21	58	18	0	13	63	24	15	50	70	17	39	26	46	39	35	18	45	18	29	31	18	64	42	38	35	39	35	50	32	23	19	18	48	9	54	33	47	18	19	1	41	38	17	18	55	64	55	21	11	24	6	59	17	58	19	21	36	27	30	59	55	27	33	53	58	20	41	15	
54	43	35	29	38	16	21	49	11	9	44	23	31	43	10	27	25	28	39	40	38	33	36	19	27	5	52	33	2	30	38	23	21	47	22	13	0	54	24	17	38	60	28	35	19	38	41	22	29	36	14	17	23	26	56	44	26	27	39	24	45	27	11	20	19	38	22	48	22	41	25	8	13	29	25	26	7	50	55	43	21	21	11	10	49	26	47	29	19	41	17	17	47	45	26	26	40	46	16	36	19	
65	36	36	51	24	38	73	18	45	45	34	77	54	12	44	34	36	39	39	57	24	22	25	48	35	50	4	20	53	56	57	76	74	12	76	63	54	0	76	72	28	6	81	29	66	17	49	44	67	17	67	52	67	80	7	50	59	28	39	58	25	34	43	74	73	15	73	16	60	23	58	56	63	30	50	80	56	19	2	21	74	74	45	57	6	63	17	67	72	56	59	40	21	12	42	30	38	63	68	27	54	
72	56	49	50	56	39	2	68	31	33	67	13	51	64	31	51	42	51	62	60	56	54	60	42	51	26	74	56	25	49	41	20	3	67	9	24	24	76	0	9	55	82	22	59	12	61	63	35	42	59	9	26	15	15	79	66	27	50	62	25	69	51	33	5	6	61	25	72	22	65	43	20	25	48	34	18	20	74	77	62	3	19	31	29	71	41	66	42	4	61	19	36	65	65	49	50	52	47	8	60	39	
63	56	49	41	54	34	9	65	27	27	59	7	42	60	27	44	40	43	53	50	54	51	53	33	44	21	70	51	18	39	45	12	7	64	4	15	17	72	9	0	54	78	15	52	16	55	54	35	32	54	8	26	20	10	74	57	31	45	53	29	62	44	29	4	3	56	15	65	26	59	33	17	16	45	35	12	17	67	73	60	6	10	27	20	67	31	64	33	7	51	21	33	63	62	41	44	53	51	9	53	30	
73	10	8	51	4	26	52	13	27	32	46	60	54	16	27	34	13	40	47	61	4	12	33	43	35	33	24	19	39	55	29	62	53	16	58	50	38	28	55	54	0	32	66	36	43	25	56	19	62	21	47	29	43	63	34	58	33	25	47	33	40	34	27	55	53	21	60	35	35	35	54	36	50	10	23	64	37	38	30	7	54	60	27	46	22	58	12	62	52	60	36	21	9	16	41	28	10	35	47	35	48	
70	40	40	57	29	44	80	21	51	51	39	84	59	18	51	40	42	45	44	62	29	28	31	54	41	56	8	26	60	62	61	83	80	16	82	70	60	6	82	78	32	0	87	35	72	24	54	49	73	24	73	58	73	87	9	55	65	34	44	64	30	40	49	80	79	22	79	21	66	28	64	62	69	35	55	86	62	23	6	25	81	81	51	63	11	69	21	73	79	61	65	46	25	17	48	36	42	67	74	32	60	
58	70	62	40	66	43	23	77	39	36	62	8	40	71	39	49	53	46	55	47	66	61	59	36	49	33	79	60	28	37	60	4	21	75	13	17	28	81	22	15	66	87	0	57	32	63	53	48	26	63	23	41	35	7	82	55	46	53	55	44	67	49	39	17	18	65	8	72	41	64	31	31	18	57	50	3	30	73	81	72	20	6	39	24	76	27	75	27	21	48	36	45	75	72	44	51	67	67	24	59	30	
38	46	40	22	32	22	56	37	31	26	11	55	24	25	30	7	33	10	11	28	32	24	4	21	8	33	30	16	33	27	57	53	56	30	55	39	35	29	59	52	36	35	57	0	53	13	20	38	38	16	49	42	56	58	27	22	53	12	11	50	10	7	28	55	54	17	48	15	51	7	30	41	38	29	45	56	40	16	28	34	56	51	31	33	28	34	35	38	55	27	48	31	38	27	13	10	45	65	51	2	26	
73	43	37	49	45	31	10	56	22	27	63	23	51	54	23	46	31	47	58	60	45	44	53	39	46	20	63	47	21	49	29	28	12	57	19	26	19	66	12	16	43	72	32	53	0	52	61	24	45	50	9	14	4	26	70	64	15	43	58	13	63	46	25	15	14	52	31	64	10	58	43	12	27	37	21	28	13	66	68	50	13	27	22	28	61	43	55	46	11	60	7	25	53	55	45	43	40	35	7	54	38	
51	35	30	34	20	21	58	23	30	28	22	60	37	12	29	16	26	22	24	41	20	13	9	30	17	34	17	6	37	39	50	59	58	17	60	46	38	17	61	55	25	24	63	13	52	0	34	33	49	3	51	39	54	63	18	36	49	10	24	47	15	16	27	58	57	4	55	12	48	10	40	41	45	20	40	62	41	15	18	22	59	57	30	39	15	45	21	49	57	40	46	27	25	14	24	12	34	57	52	11	36	
17	65	59	13	52	35	61	57	43	35	15	55	12	46	41	21	50	16	10	8	52	44	24	21	20	42	50	37	39	16	73	50	60	51	57	39	41	49	63	54	56	54	53	20	61	34	0	53	28	37	54	54	64	56	45	3	65	31	10	63	24	21	39	58	57	38	44	33	62	26	21	49	38	47	60	54	48	31	48	55	60	48	43	34	48	26	55	27	59	7	57	45	59	48	16	28	64	81	56	22	24	
69	21	13	44	21	17	33	32	12	19	49	42	47	31	13	33	7	37	47	55	21	21	37	35	33	17	40	27	23	47	20	44	34	33	39	35	22	44	35	35	19	49	48	38	24	33	53	0	49	30	27	9	24	45	48	56	16	25	47	14	46	33	14	35	34	31	44	45	16	41	44	17	35	13	7	46	18	48	45	26	34	42	12	32	38	46	31	50	32	55	16	7	29	32	36	27	18	28	27	38	37	
32	69	61	17	60	36	41	69	37	30	41	30	16	60	36	33	50	28	33	21	60	53	42	19	32	33	67	49	27	12	67	24	39	65	33	18	29	67	42	32	62	73	26	38	45	49	28	49	0	50	36	46	49	31	66	30	55	40	33	53	47	33	36	36	35	52	18	54	51	46	8	37	17	52	54	28	35	54	67	65	38	23	37	18	64	4	67	1	38	23	45	43	69	62	25	38	66	75	38	41	14	
54	31	27	36	17	20	56	20	28	27	25	60	39	10	27	18	23	24	27	43	17	9	12	31	19	33	16	3	36	41	47	59	57	15	58	45	36	17	59	54	21	24	63	16	50	3	37	30	50	0	49	37	52	62	19	39	46	10	27	44	19	18	26	57	55	2	55	15	45	14	41	39	45	17	37	62	39	18	18	18	57	56	28	39	13	46	18	50	55	42	44	25	22	12	26	12	31	54	51	14	37	
65	49	41	41	47	29	7	59	22	23	58	15	43	55	22	41	33	42	53	52	47	45	50	33	41	17	64	46	16	41	37	19	7	58	11	18	14	67	9	8	47	73	23	49	9	51	54	27	36	49	0	18	13	18	69	57	23	41	53	21	60	41	23	8	6	51	21	62	18	55	35	10	18	39	27	20	10	64	68	53	7	18	22	20	61	34	57	37	5	53	13	26	56	56	40	40	45	44	2	50	31	
69	30	22	44	30	20	23	41	11	18	53	33	46	39	13	36	16	39	49	55	30	29	42	34	36	13	49	33	18	45	21	37	25	42	30	29	17	52	26	26	29	58	41	42	14	39	54	9	46	37	18	0	15	36	56	57	11	31	49	8	52	36	14	26	25	38	37	51	9	47	41	10	29	22	9	38	11	54	53	36	25	35	11	27	46	43	40	46	23	55	7	12	38	40	38	32	26	29	18	43	35	
77	43	36	52	45	34	13	56	25	30	66	26	55	55	26	49	31	50	61	63	45	45	56	43	49	23	64	49	25	53	26	32	15	57	22	31	23	67	15	20	43	73	35	56	4	54	64	24	49	52	13	15	0	29	71	68	12	45	61	11	66	49	28	18	17	54	35	66	8	61	48	15	31	38	20	32	16	69	69	51	16	31	25	32	62	47	55	50	14	64	8	27	53	56	49	46	39	32	11	57	42	
63	66	59	43	64	42	16	75	37	35	65	3	44	69	36	50	50	48	58	52	64	60	60	38	50	31	78	60	26	41	55	7	14	73	7	18	26	80	15	10	63	87	7	58	26	63	56	45	31	62	18	36	29	0	82	59	41	53	58	39	68	50	38	11	12	65	13	73	36	65	35	27	19	55	45	3	26	74	81	69	13	8	37	25	75	32	73	32	15	53	31	42	73	71	46	51	63	61	19	60	33	
61	42	42	49	30	40	76	25	47	47	30	79	51	18	47	33	41	38	35	53	30	26	23	47	34	52	11	22	55	54	63	77	76	18	78	64	56	7	79	74	34	9	82	27	70	18	45	48	66	19	69	56	71	82	0	46	64	29	35	63	21	33	45	76	75	17	73	12	64	19	57	59	63	34	54	81	59	14	5	27	77	75	47	58	12	62	24	65	75	52	63	44	28	18	40	30	44	69	70	25	53	
15	68	61	16	54	38	64	59	46	38	16	58	15	48	44	24	53	19	11	9	54	46	26	24	23	45	51	39	42	18	76	52	63	53	60	42	44	50	66	57	58	55	55	22	64	36	3	56	30	39	57	57	68	59	46	0	68	33	11	66	25	24	43	61	60	40	47	34	65	27	24	52	41	50	63	57	51	32	49	57	63	51	46	37	50	28	57	29	62	8	61	48	61	50	19	30	66	84	59	24	27	
80	31	25	55	36	31	25	46	22	30	64	38	57	47	24	47	23	50	60	66	36	37	52	45	47	24	56	43	29	56	14	42	27	48	34	38	26	59	27	31	33	65	46	53	15	49	65	16	55	46	23	11	12	41	64	68	0	41	60	2	62	47	26	30	29	47	44	61	5	57	52	18	38	29	9	43	20	64	61	41	28	41	22	37	53	53	45	56	26	66	10	22	43	47	49	42	27	20	22	53	46	
48	34	28	27	21	11	48	29	20	18	23	50	30	19	19	9	20	15	22	36	21	13	11	21	10	24	26	8	26	32	45	48	48	24	49	35	27	28	50	45	25	34	53	12	43	10	31	25	40	10	41	31	45	53	29	33	41	0	22	39	21	9	17	48	46	12	45	21	40	16	32	31	35	16	33	52	31	23	28	25	48	46	20	29	24	36	27	40	46	35	37	19	29	21	17	3	33	53	42	12	26	
27	56	50	16	43	29	60	48	37	31	7	56	17	37	36	13	42	11	0	18	43	35	14	20	13	38	40	27	37	21	66	52	59	41	57	39	39	39	62	53	47	44	55	11	58	24	10	47	33	27	53	49	61	58	35	11	60	22	0	58	14	13	34	57	56	28	46	23	58	16	25	46	38	39	54	56	45	22	38	46	59	50	37	33	38	30	46	33	58	17	54	39	49	38	13	19	55	75	55	12	25	
77	31	25	52	35	28	23	46	20	27	61	36	55	45	21	44	22	47	58	63	35	36	50	42	44	21	55	41	26	53	16	40	25	47	32	35	24	58	25	29	33	64	44	50	13	47	63	14	53	44	21	8	11	39	63	66	2	39	58	0	60	44	23	28	27	45	42	59	3	55	49	15	35	28	9	41	17	62	60	40	26	38	20	34	52	50	44	53	24	64	8	20	42	46	46	40	27	23	20	51	43	
40	50	46	30	36	32	67	38	41	36	9	66	32	27	40	18	40	20	14	32	36	29	10	31	18	43	27	21	44	35	65	63	67	31	66	50	45	25	69	62	40	30	67	10	63	15	24	46	47	19	60	52	66	68	21	25	62	21	14	60	0	18	38	66	64	19	58	9	61	5	39	51	49	35	54	67	50	7	24	37	67	61	41	43	26	44	36	47	65	31	58	40	40	28	23	20	50	73	61	9	36	
38	44	37	18	31	15	49	38	24	19	17	48	21	28	23	0	29	6	13	26	31	23	9	14	1	26	33	17	25	23	53	45	48	33	48	32	27	34	51	44	34	40	49	7	46	16	21	33	33	18	41	36	49	50	33	24	47	9	13	44	18	0	21	47	46	20	41	22	44	15	24	34	31	26	40	49	33	23	34	35	49	43	24	25	31	29	36	32	47	26	41	25	39	30	8	6	42	61	43	9	20	
55	33	25	30	26	6	30	37	3	5	38	35	33	31	2	21	15	24	34	41	26	22	28	20	21	7	41	23	11	33	33	35	31	35	33	23	11	43	33	29	27	49	39	28	25	27	39	14	36	26	23	14	28	38	45	43	26	17	34	23	38	21	0	31	29	28	33	38	23	33	29	13	23	17	20	38	13	41	44	32	31	33	3	19	38	32	35	36	29	41	20	7	36	33	23	18	30	42	25	29	23	
67	57	49	45	55	36	5	67	29	30	63	8	46	62	29	47	41	47	57	54	55	53	56	37	47	24	72	54	21	43	44	15	3	66	4	19	20	74	5	4	55	80	17	55	15	58	58	35	36	57	8	26	18	11	76	61	30	48	57	28	66	47	31	0	1	59	19	68	25	62	37	18	20	47	35	13	18	70	75	61	2	14	29	24	69	35	65	37	4	55	20	34	64	64	44	47	53	50	8	57	34	
66	55	48	44	54	35	5	65	28	28	62	9	45	61	28	46	40	45	56	53	54	51	55	36	46	22	70	52	20	42	43	15	3	65	5	18	19	73	6	3	53	79	18	54	14	57	57	34	35	55	6	25	17	12	75	60	29	46	56	27	64	46	29	1	0	57	19	67	24	60	36	17	19	45	33	14	17	69	74	60	3	14	28	23	67	35	64	36	3	54	19	33	63	62	43	46	52	49	7	55	33	
55	31	27	38	16	22	58	19	30	29	26	62	41	8	29	20	24	26	28	45	16	10	13	33	21	35	14	5	38	43	47	61	59	13	60	48	38	15	61	56	21	22	65	17	52	4	38	31	52	2	51	38	54	65	17	40	47	12	28	45	19	20	28	59	57	0	57	14	47	14	44	41	47	18	38	64	41	18	16	17	59	59	30	41	11	48	17	52	57	44	45	26	21	10	28	14	31	54	53	16	39	
50	65	57	31	59	36	24	70	33	29	53	12	31	63	32	41	47	38	46	39	59	54	50	27	40	27	71	53	21	28	57	6	22	67	16	9	22	73	25	15	60	79	8	48	31	55	44	44	18	55	21	37	35	13	73	47	44	45	46	42	58	41	33	19	19	57	0	63	39	55	22	27	10	50	46	10	26	64	73	65	22	5	33	15	69	19	68	19	22	40	33	39	69	65	35	43	62	65	23	50	21	
49	45	42	37	30	32	69	30	41	38	18	70	39	20	40	22	38	26	23	41	30	24	12	36	23	45	18	18	47	42	62	68	69	23	69	54	48	16	72	65	35	21	72	15	64	12	33	45	54	15	62	51	66	73	12	34	61	21	23	59	9	22	38	68	67	14	63	0	60	8	45	52	53	32	52	71	52	3	15	30	69	66	41	48	18	50	29	54	68	40	58	39	33	21	29	21	45	69	63	13	42	
76	34	28	51	37	29	20	48	20	26	61	33	54	47	21	44	24	47	58	62	37	38	51	41	45	20	57	42	24	52	19	37	22	50	29	33	22	60	22	26	35	66	41	51	10	48	62	16	51	45	18	9	8	36	64	65	5	40	58	3	61	44	23	25	24	47	39	60	0	56	48	14	33	30	12	38	15	63	62	43	23	36	20	33	54	48	47	51	21	63	5	21	45	48	46	41	30	25	17	52	42	
42	45	41	29	31	27	63	33	36	32	12	63	31	22	35	15	35	18	16	34	31	23	5	29	15	39	24	16	40	34	60	60	62	26	63	47	41	23	65	59	35	28	64	7	58	10	26	41	46	14	55	47	61	65	19	27	57	16	16	55	5	15	33	62	60	14	55	8	56	0	37	47	46	30	48	64	46	8	22	32	63	58	36	40	22	42	31	46	61	33	53	35	35	24	21	15	45	67	57	5	34	
29	62	54	9	52	28	41	61	32	24	32	34	9	51	30	24	44	19	25	17	52	45	33	11	23	28	58	40	23	6	63	28	40	56	36	18	25	58	43	33	54	64	31	30	43	40	21	44	8	41	35	41	48	35	57	24	52	32	25	49	39	24	29	37	36	44	22	45	48	37	0	34	17	44	49	32	32	45	58	57	40	27	32	15	55	5	59	8	39	18	42	37	61	53	16	29	59	71	38	32	6	
62	39	31	38	37	19	17	48	11	15	51	24	40	44	12	34	23	35	46	49	37	34	41	28	34	8	54	36	10	38	31	27	17	48	21	19	8	56	20	17	36	62	31	41	12	41	49	17	37	39	10	10	15	27	59	52	18	31	46	15	51	34	13	18	17	41	27	52	14	47	34	0	20	28	19	28	1	55	57	43	18	25	11	19	51	34	47	37	16	49	8	16	46	46	33	31	35	38	11	42	28	
47	56	48	25	49	26	24	60	24	18	45	17	26	53	23	31	38	29	38	34	49	44	41	18	30	18	61	42	12	23	51	14	22	57	19	1	13	63	25	16	50	69	18	38	27	45	38	35	17	45	18	29	31	19	63	41	38	35	38	35	49	31	23	20	19	47	10	53	33	46	17	20	0	41	38	18	18	55	63	55	22	12	24	5	58	16	58	18	22	35	28	30	59	55	26	33	53	59	21	40	14	
64	17	11	42	8	16	45	20	17	22	40	51	45	17	18	26	6	31	39	52	8	8	26	33	27	24	26	14	29	46	29	52	46	20	49	41	29	30	48	45	10	35	57	29	37	20	47	13	52	17	39	22	38	55	34	50	29	16	39	28	35	26	17	47	45	18	50	32	30	30	44	28	41	0	20	55	28	35	31	14	46	50	17	36	24	48	18	52	44	51	30	12	18	18	32	19	16	37	39	28	38	
75	22	16	50	26	24	31	36	17	25	56	42	53	37	19	40	14	44	54	62	26	28	44	41	40	21	46	34	27	53	13	46	32	39	38	38	25	50	34	35	23	55	50	45	21	40	60	7	54	37	27	9	20	45	54	63	9	33	54	9	54	40	20	35	33	38	46	52	12	48	49	19	38	20	0	47	20	55	51	31	33	44	17	36	43	51	35	55	31	62	14	14	33	37	43	35	18	21	26	45	43	
60	67	60	41	64	42	19	75	37	35	63	5	41	69	37	49	51	47	56	49	64	60	59	36	48	31	78	59	26	38	57	4	17	73	9	17	26	80	18	12	64	86	3	56	28	62	54	46	28	62	20	38	32	3	81	57	43	52	56	41	67	49	38	13	14	64	10	71	38	64	32	28	18	55	47	0	27	73	80	70	16	5	37	23	75	29	73	29	18	50	33	43	73	71	44	50	64	63	21	58	31	
61	40	32	36	37	19	17	48	11	14	50	23	38	44	11	33	23	34	45	47	37	34	41	26	33	7	53	36	9	37	32	26	17	48	21	18	7	56	20	17	37	62	30	40	13	41	48	18	35	39	10	11	16	26	59	51	20	31	45	17	50	33	13	18	17	41	26	52	15	46	32	1	18	28	20	27	0	54	57	43	18	24	11	17	51	33	47	36	16	48	10	16	46	45	32	31	36	40	11	41	26	
47	48	45	37	34	35	71	33	43	40	16	71	39	23	43	23	41	26	22	40	34	28	13	37	24	47	21	21	48	42	65	69	71	26	71	55	50	19	74	67	38	23	73	16	66	15	31	48	54	18	64	54	69	74	14	32	64	23	22	62	7	23	41	70	69	18	64	3	63	8	45	55	55	35	55	73	54	0	17	34	71	67	43	49	21	50	32	54	70	39	60	42	36	24	29	23	49	72	65	14	43	
64	38	38	50	26	38	74	20	46	45	33	78	53	14	45	34	37	39	38	56	26	23	25	48	34	51	6	21	54	56	59	77	75	14	77	64	55	2	77	73	30	6	81	28	68	18	48	45	67	18	68	53	69	81	5	49	61	28	38	60	24	34	44	75	74	16	73	15	62	22	58	57	63	31	51	80	57	17	0	23	75	75	46	57	8	63	19	66	73	55	61	42	24	14	41	30	40	65	69	26	54	
73	15	15	52	5	29	59	5	32	36	44	66	55	10	33	35	19	41	46	61	5	12	31	46	36	38	17	18	44	57	36	67	60	9	64	55	43	21	62	60	7	25	72	34	50	22	55	26	65	18	53	36	51	69	27	57	41	25	46	40	37	35	32	61	60	17	65	30	43	32	57	43	55	14	31	70	43	34	23	0	61	65	32	50	15	61	4	65	59	61	43	26	4	9	42	28	17	42	54	33	51	
69	55	48	47	55	37	3	66	29	30	65	11	48	63	30	49	41	48	59	57	55	53	57	39	48	24	72	54	23	45	42	17	1	66	6	21	21	74	3	6	54	81	20	56	13	59	60	34	38	57	7	25	16	13	77	63	28	48	59	26	67	49	31	2	3	59	22	69	23	63	40	18	22	46	33	16	18	71	75	61	0	16	29	26	69	38	65	39	2	57	18	34	64	64	46	48	52	48	7	58	36	
55	63	56	35	59	36	19	70	32	29	57	7	36	64	32	43	46	41	50	44	59	55	53	30	43	26	73	54	21	33	54	2	17	68	10	11	21	74	19	10	60	81	6	51	27	57	48	42	23	56	18	35	31	8	75	51	41	46	50	38	61	43	33	14	14	59	5	66	36	58	27	25	12	50	44	5	24	67	75	65	16	0	32	17	70	24	68	24	17	45	30	38	69	66	38	45	60	62	19	53	25	
58	32	24	33	26	9	28	38	0	7	41	34	36	33	1	24	14	27	37	44	26	23	31	23	24	6	42	25	12	35	31	35	29	36	32	24	11	45	31	27	27	51	39	31	22	30	43	12	37	28	22	11	25	37	47	46	22	20	37	20	41	24	3	29	28	30	33	41	20	36	32	11	24	17	17	37	11	43	46	32	29	32	0	20	39	34	36	38	27	44	17	6	36	34	26	21	29	39	23	32	25	
44	52	44	21	44	20	27	55	20	14	40	22	22	47	19	25	34	23	33	31	44	39	35	13	25	14	56	37	8	20	49	19	26	52	23	6	10	57	29	20	46	63	24	33	28	39	34	32	18	39	20	27	32	25	58	37	37	29	33	34	43	25	19	24	23	41	15	48	33	40	15	19	5	36	36	23	17	49	57	50	26	17	20	0	53	15	53	18	25	32	27	26	54	49	21	27	49	57	23	35	10	
65	30	30	49	18	33	68	13	39	40	34	73	52	6	39	31	30	37	38	56	18	16	24	45	32	45	2	16	49	54	51	72	68	6	71	59	49	6	71	67	22	11	76	28	61	15	48	38	64	13	61	46	62	75	12	50	53	24	38	52	26	31	38	69	67	11	69	18	54	22	55	51	58	24	43	75	51	21	8	15	69	70	39	53	0	60	12	64	67	55	54	35	16	6	39	26	32	57	62	26	50	
31	65	57	14	56	32	40	65	34	27	37	31	13	56	33	29	47	24	30	20	56	49	38	15	28	30	62	44	24	9	64	25	38	61	33	17	26	63	41	31	58	69	27	34	43	45	26	46	4	46	34	43	47	32	62	28	53	36	30	50	44	29	32	35	35	48	19	50	48	42	5	34	16	48	51	29	33	50	63	61	38	24	34	15	60	0	63	4	38	21	43	39	65	58	21	33	62	72	37	37	10	
73	19	20	54	9	32	63	2	36	39	43	70	57	9	36	36	24	42	46	62	9	14	31	48	37	42	13	19	47	59	40	71	64	5	68	58	47	17	66	64	12	21	75	35	55	21	55	31	67	18	57	40	55	73	24	57	45	27	46	44	36	36	35	65	64	17	68	29	47	31	59	47	58	18	35	73	47	32	19	4	65	68	36	53	12	63	0	67	63	61	48	30	4	7	44	30	21	46	58	33	53	
31	69	61	17	60	36	42	69	38	31	40	31	15	60	37	32	51	27	33	20	60	53	42	19	31	33	66	48	27	12	68	25	40	64	34	19	29	67	42	33	62	73	27	38	46	49	27	50	1	50	37	46	50	32	65	29	56	40	33	53	47	32	36	37	36	52	19	54	51	46	8	37	18	52	55	29	36	54	66	65	39	24	38	18	64	4	67	0	39	22	46	43	69	61	25	37	66	76	39	40	14	
69	53	46	46	53	35	2	64	27	29	63	12	47	60	28	47	39	47	58	56	53	50	56	38	47	22	70	52	21	45	40	18	1	64	8	21	19	72	4	7	52	79	21	55	11	57	59	32	38	55	5	23	14	15	75	62	26	46	58	24	65	47	29	4	3	57	22	68	21	61	39	16	22	44	31	18	16	70	73	59	2	17	27	25	67	38	63	39	0	57	16	32	62	62	45	46	50	46	5	56	35	
13	69	62	11	57	38	59	63	44	37	23	52	9	52	43	26	53	20	17	1	57	49	31	21	25	42	57	42	38	12	75	46	58	57	54	36	41	56	61	51	60	61	48	27	60	40	7	55	23	42	53	55	64	53	52	8	66	35	17	64	31	26	41	55	54	44	40	40	63	33	18	49	35	51	62	50	48	39	55	61	57	45	44	32	55	21	61	22	57	0	58	48	64	54	19	32	68	84	55	29	22	
71	37	30	46	38	26	16	49	17	22	58	28	48	47	18	41	24	43	54	57	38	37	48	36	41	15	56	41	19	47	24	32	18	50	24	27	17	59	19	21	36	65	36	48	7	46	57	16	45	44	13	7	8	31	63	61	10	37	54	8	58	41	20	20	19	45	33	58	5	53	42	8	28	30	14	33	10	60	61	43	18	30	17	27	54	43	48	46	16	58	0	19	46	48	41	38	33	31	12	49	36	
61	26	18	37	21	10	33	32	6	12	42	39	40	28	7	25	8	29	39	48	21	18	30	27	25	12	38	21	18	39	27	41	33	31	37	30	17	40	36	33	21	46	45	31	25	27	45	7	43	25	26	12	27	42	44	48	22	19	39	20	40	25	7	34	33	26	39	39	21	35	37	16	30	12	14	43	16	42	42	26	34	38	6	26	35	39	30	43	32	48	19	0	30	29	29	20	23	36	27	31	30	
76	15	17	56	9	33	62	4	36	40	47	70	59	13	36	39	23	45	49	65	9	16	34	50	40	42	17	22	47	61	37	71	63	10	67	59	47	21	65	63	9	25	75	38	53	25	59	29	69	22	56	38	53	73	28	61	43	29	49	42	40	39	36	64	63	21	69	33	45	35	61	46	59	18	33	73	46	36	24	4	64	69	36	54	16	65	4	69	62	64	46	30	0	12	46	32	17	42	57	37	55	
66	25	24	48	12	29	63	9	34	36	36	68	51	2	34	30	24	36	38	55	12	11	24	42	31	40	8	13	44	53	45	68	63	3	66	55	45	12	65	62	16	17	72	27	55	14	48	32	62	12	56	40	56	71	18	50	47	21	38	46	28	30	33	64	62	10	65	21	48	24	53	46	55	18	37	71	45	24	14	9	64	66	34	49	6	58	7	61	62	54	48	29	12	0	38	24	26	51	57	26	48	
32	50	43	10	38	19	47	46	26	19	18	44	13	36	25	8	34	2	13	19	38	30	17	8	7	25	41	25	24	15	56	40	46	41	44	27	26	42	49	41	41	48	44	13	45	24	16	36	25	26	40	38	49	46	40	19	49	17	13	46	23	8	23	44	43	28	35	29	46	21	16	33	26	32	43	44	32	29	41	42	46	38	26	21	39	21	44	25	45	19	41	29	46	38	0	14	48	65	42	15	13	
45	37	31	24	24	12	48	32	21	17	21	49	27	22	20	6	23	12	19	33	24	16	10	18	7	24	29	11	25	29	47	47	47	27	48	33	26	30	50	44	28	36	51	10	43	12	28	27	38	12	40	32	46	51	30	30	42	3	19	40	20	6	18	47	46	14	43	21	41	15	29	31	33	19	35	50	31	23	30	28	48	45	21	27	26	33	30	37	46	32	38	20	32	24	14	0	36	55	42	11	24	
81	3	5	58	14	31	50	21	29	35	56	60	61	26	30	42	15	48	55	68	14	21	42	49	43	35	34	29	41	61	19	62	51	26	56	53	40	38	52	53	10	42	67	45	40	34	64	18	66	31	45	26	39	63	44	66	27	33	55	27	50	42	30	53	52	31	62	45	30	45	59	35	53	16	18	64	36	49	40	17	52	60	29	49	32	62	21	66	50	68	33	23	17	26	48	36	0	25	45	44	53	
97	27	27	72	39	46	45	46	39	47	76	58	75	51	41	61	32	65	75	84	39	44	63	62	61	43	59	51	48	75	8	63	47	51	54	58	46	63	47	51	35	67	67	65	35	57	81	28	75	54	44	29	32	61	69	84	20	53	75	23	73	61	42	50	49	54	65	69	25	67	71	38	59	37	21	63	40	72	65	42	48	62	39	57	57	72	46	76	46	84	31	36	42	51	65	55	25	0	42	65	64	
67	48	41	44	48	30	5	59	23	25	60	16	45	56	23	43	34	44	55	54	48	46	52	35	43	18	65	48	18	43	36	21	6	59	12	20	16	68	8	9	47	74	24	51	7	52	56	27	38	51	2	18	11	19	70	59	22	42	55	20	61	43	25	8	7	53	23	63	17	57	38	11	21	39	26	21	11	65	69	54	7	19	23	23	62	37	58	39	5	55	12	27	57	57	42	42	45	42	0	52	33	
39	45	40	24	31	23	58	35	32	27	11	57	26	24	31	9	33	13	12	30	31	23	2	23	10	34	28	15	35	29	57	55	57	29	57	41	36	27	60	53	35	32	59	2	54	11	22	38	41	14	50	43	57	60	25	24	53	12	12	51	9	9	29	57	55	16	50	13	52	5	32	42	40	28	45	58	41	14	26	33	58	53	32	35	26	37	33	40	56	29	49	31	37	26	15	11	44	65	52	0	29	
34	55	47	11	46	22	37	55	25	17	31	31	12	46	24	20	37	16	25	21	46	39	30	5	19	21	53	35	17	10	56	27	36	51	33	15	19	54	39	30	48	60	30	26	38	36	24	37	14	37	31	35	42	33	53	27	46	26	25	43	36	20	23	34	33	39	21	42	42	34	6	28	14	38	43	31	26	43	54	51	36	25	25	10	50	10	53	14	35	22	36	30	55	48	13	24	53	64	33	29	0	

