5  150
57	59	93	49	15	28	70	10	37	44	20	61	83	69	48	63	21	19	24	14	76	100	22	54	90	60	37	25	97	60	40	29	14	27	59	78	55	22	61	73	58	67	26	100	51	61	58	93	34	42	56	44	10	26	84	9	28	58	44	92	92	33	10	59	83	10	25	62	55	67	13	18	48	42	4	35	83	93	39	26	84	19	39	91	78	87	15	31	40	5	93	55	14	73	37	47	87	65	47	63	51	76	9	17	14	71	76	31	15	86	55	97	89	18	86	44	40	36	82	45	79	66	15	56	68	88	17	30	39	78	95	97	21	41	99	46	55	82	78	3	22	39	34	45	57	41	24	46	92	3	
18	78	88	36	52	86	1	68	13	48	42	61	52	34	84	33	99	84	60	34	60	21	20	30	72	13	88	14	96	91	74	99	20	60	2	36	66	92	98	77	51	46	92	57	22	94	98	98	89	12	9	13	91	9	66	12	28	46	72	92	61	29	65	10	53	24	46	16	29	74	86	60	25	69	74	33	20	53	64	64	16	15	71	32	54	41	57	20	27	90	89	60	93	61	84	100	47	6	36	53	35	83	33	38	91	67	63	88	78	40	22	34	93	81	8	34	47	48	31	64	61	98	10	28	83	41	94	14	95	48	77	56	88	26	47	14	75	93	25	48	44	36	52	90	98	2	72	89	85	10	
67	34	86	25	97	37	36	79	93	73	60	90	68	56	12	60	77	64	67	3	19	66	83	74	75	94	73	71	4	95	98	64	83	97	26	27	3	54	73	34	26	75	68	79	94	18	43	99	13	45	21	56	91	25	72	44	55	84	29	85	38	79	30	98	40	99	68	66	69	75	32	22	73	100	10	63	35	31	36	7	85	92	58	15	80	34	7	85	94	76	40	47	96	95	44	53	37	63	66	5	31	25	65	9	58	2	44	96	59	15	59	2	63	18	65	44	14	31	99	91	35	66	47	58	94	26	16	24	17	92	39	11	12	56	40	15	45	16	93	31	25	15	96	55	58	14	95	13	14	84	
72	10	63	26	55	26	36	83	38	58	60	66	73	54	28	48	41	16	38	53	47	28	84	8	49	90	23	49	64	92	90	86	69	42	1	7	37	61	16	5	19	58	89	42	18	7	82	9	67	36	81	5	60	48	77	95	32	86	51	69	57	57	42	60	47	39	15	39	30	76	22	60	82	76	67	58	89	47	73	77	34	56	62	38	52	56	33	9	78	72	74	2	22	86	61	57	79	9	12	29	36	87	29	41	66	20	97	26	70	53	86	16	72	9	5	100	8	18	77	8	33	32	66	48	74	59	31	55	53	10	37	62	24	12	5	73	26	50	24	40	8	7	99	20	27	80	77	15	81	6	
19	80	61	4	42	92	94	60	23	62	74	56	77	3	29	75	8	8	34	79	32	71	15	96	79	8	62	10	87	85	87	95	63	40	38	77	57	91	27	77	100	13	61	12	62	92	51	2	86	24	74	75	47	67	70	8	86	30	54	90	81	92	9	60	4	33	60	94	7	84	84	100	18	70	50	96	57	50	54	20	78	29	49	56	34	55	18	35	69	64	96	66	49	94	94	82	24	29	37	51	28	87	44	23	19	26	91	82	74	75	69	61	15	60	76	96	1	40	69	71	67	15	97	36	21	29	58	45	100	29	92	99	96	94	49	42	40	99	51	94	61	42	95	61	15	81	89	20	95	5	
7345	1225	833	1203	6056	3946	4854	861	5933	2599	7195	4603	5041	2871	2306	5708	507	4252	502	2785	1008	734	699	506	6862	4232	6782	6175	2642	613	253	921	3531	5273	1679	2185	6641	1500	6935	2585	261	3068	5250	6117	1470	1936	6640	6396	6854	5269	2591	1237	5580	4581	3642	7479	6640	6728	3246	6443	5960	6813	4089	7446	1685	2905	952	3301	5673	7161	4156	5223	3039	4223	5101	5574	1525	5217	5213	3718	3288	6640	2351	3022	3660	2480	3837	2513	5924	411	4855	2992	194	4134	1393	6397	7209	2132	6280	5884	1015	6848	3359	5015	5056	5754	2094	3899	4290	2418	965	5614	5108	1593	7062	3070	4870	4686	2188	7112	1677	3716	2879	1521	7361	2890	346	4899	591	3749	2238	5914	6597	5346	6962	4021	1992	131	5777	4115	2563	2105	7317	3493	2694	5941	948	5858	5092	3058	
0	30	51	30	55	74	24	69	67	54	40	67	48	54	54	19	72	59	66	41	25	46	48	80	60	54	19	72	64	67	56	41	16	75	43	22	31	65	40	56	82	84	57	27	60	60	9	86	41	75	75	61	86	8	47	86	74	34	46	31	72	31	49	69	86	45	33	41	68	57	5	19	62	41	71	27	47	15	64	41	67	33	75	85	40	42	71	55	57	21	63	65	74	38	40	84	57	48	28	14	56	90	61	58	92	68	56	61	58	65	34	55	77	62	85	71	50	33	68	71	39	63	44	50	70	49	79	78	26	70	81	92	61	56	56	50	6	38	94	55	28	82	51	54	69	99	65	72	51	83	28	
30	0	21	14	27	51	11	38	45	23	26	38	31	31	36	23	45	28	44	20	6	21	18	51	40	26	17	41	34	37	30	24	17	47	12	17	5	45	29	26	52	53	35	9	33	30	25	56	31	46	45	38	57	22	20	55	49	18	16	20	49	14	21	40	58	16	24	10	37	28	25	12	35	32	44	4	19	23	35	11	40	10	45	54	14	31	46	25	26	12	34	42	43	11	15	54	26	17	2	24	29	61	43	30	62	38	26	33	32	37	5	27	48	35	55	53	28	24	51	44	30	36	25	20	50	27	48	47	17	53	51	62	37	35	25	31	24	13	65	27	2	53	22	24	43	68	34	44	22	52	8	
51	21	0	32	21	34	32	19	30	9	28	17	26	18	28	38	26	17	28	19	27	12	4	30	29	8	38	22	19	15	14	24	36	25	11	38	20	33	32	18	31	32	38	25	14	12	45	35	33	35	32	22	35	43	9	36	31	24	14	28	32	24	5	30	36	5	31	10	18	6	46	32	29	35	36	24	20	40	14	10	20	20	34	35	12	33	28	17	7	30	13	42	23	13	13	33	15	10	23	42	26	39	32	23	41	25	17	26	30	29	19	8	26	16	34	42	19	31	41	25	34	30	21	2	36	34	27	28	30	42	33	41	36	24	11	25	45	24	43	8	23	31	5	6	37	47	13	23	17	34	27	
30	14	32	0	27	65	7	45	59	30	40	50	46	45	51	31	58	32	58	35	10	35	28	62	55	39	11	47	38	47	44	38	24	58	21	8	19	60	43	29	61	62	27	22	46	37	29	67	45	47	47	52	68	22	34	61	63	32	21	33	63	28	34	40	69	29	37	23	44	38	25	19	32	46	41	15	19	30	47	25	52	25	46	60	28	46	60	29	35	21	46	35	51	25	29	64	31	24	14	30	26	71	57	30	71	40	29	32	28	36	14	40	57	48	64	68	43	37	66	57	44	34	40	31	64	19	57	54	29	68	55	71	31	50	31	46	25	10	74	40	14	64	35	32	39	76	44	55	24	57	6	
55	27	21	27	0	55	31	21	51	13	47	34	47	40	50	50	44	8	49	38	30	33	19	44	50	29	37	23	12	29	36	43	44	41	17	35	30	54	51	4	39	39	17	36	34	16	52	47	52	20	20	44	48	46	30	35	51	40	11	44	52	38	26	13	50	23	47	22	21	23	50	39	8	54	17	31	8	50	32	24	38	33	19	34	29	52	48	5	18	39	31	20	28	27	30	43	8	12	29	51	4	50	54	3	47	13	5	6	8	10	22	30	37	36	42	64	41	47	63	43	52	9	42	19	57	16	34	29	43	64	28	47	15	46	12	46	49	17	51	30	29	45	26	16	16	52	25	38	5	30	26	
74	51	34	65	55	0	62	40	7	42	34	21	26	20	20	55	12	48	7	33	57	30	38	22	14	26	67	41	47	27	21	33	58	18	44	68	47	10	36	51	32	34	72	48	20	39	65	27	36	60	56	13	26	67	31	46	5	39	49	42	2	43	31	58	24	36	41	42	39	31	70	56	61	37	65	52	54	59	23	40	17	42	60	47	37	35	6	49	36	53	23	75	36	40	36	29	47	45	52	60	59	30	15	55	38	53	50	57	63	59	51	25	28	18	32	15	24	41	16	12	38	61	29	36	7	68	34	42	47	16	50	38	69	17	42	24	68	57	37	25	52	23	30	38	67	44	31	20	51	50	59	
24	11	32	7	31	62	0	47	56	32	34	49	41	42	46	24	56	35	55	30	5	32	28	62	51	37	6	50	41	47	41	33	16	57	21	6	15	56	37	32	62	63	34	16	44	38	22	67	38	52	51	49	67	15	31	64	60	26	23	26	60	22	32	45	68	27	31	21	46	38	18	12	38	39	47	10	23	22	46	22	51	20	51	63	25	39	57	32	36	14	45	42	53	22	26	65	34	26	10	23	32	71	53	34	72	44	33	37	34	41	13	38	58	46	65	63	39	31	62	55	37	39	35	30	61	26	58	56	22	64	58	72	38	46	33	41	18	14	75	38	10	63	33	33	45	78	44	55	28	60	5	
69	38	19	45	21	40	47	0	39	14	47	18	43	32	43	58	28	13	37	38	43	31	21	24	41	23	53	3	9	12	27	43	55	23	26	52	38	43	51	17	18	18	38	44	23	8	63	26	52	20	16	33	27	60	28	17	35	43	24	48	38	43	24	19	29	25	50	28	1	15	64	50	24	54	25	42	26	59	18	29	23	39	19	16	32	52	33	17	12	49	17	38	7	32	32	22	14	21	40	61	25	29	45	20	26	13	16	21	28	20	34	22	16	24	21	52	36	50	52	27	53	23	40	19	45	37	13	9	49	53	14	26	33	38	13	41	63	34	30	23	40	24	23	14	28	31	9	20	21	15	42	
67	45	30	59	51	7	56	39	0	38	27	21	18	14	13	48	14	45	2	26	51	24	34	26	7	22	61	41	45	26	16	26	51	21	39	62	41	5	29	48	35	37	68	41	17	37	58	31	29	60	56	7	30	60	25	48	9	32	44	35	6	36	26	57	28	31	34	36	38	28	63	50	59	30	63	46	50	52	21	34	16	36	59	49	31	28	8	46	33	47	22	72	37	34	30	33	44	41	46	53	56	34	8	52	42	51	47	55	60	57	45	21	30	15	36	13	17	34	13	14	31	58	22	32	5	64	36	43	40	13	51	42	66	10	40	17	61	52	41	21	46	27	26	35	65	48	30	21	47	51	53	
54	23	9	30	13	42	32	14	38	0	36	22	35	27	38	44	32	7	36	27	29	21	8	33	38	16	38	17	11	18	23	32	40	30	11	37	24	41	41	9	30	31	30	30	21	6	49	37	42	26	24	31	37	45	18	32	38	32	9	36	39	31	14	21	39	13	39	14	14	10	49	36	20	44	26	27	14	45	19	16	25	26	25	30	20	42	35	7	6	34	18	33	20	19	21	33	5	6	26	47	17	40	41	14	40	17	8	17	21	19	19	17	27	23	34	51	29	39	50	31	42	20	31	7	44	27	26	24	36	51	27	40	28	34	2	34	48	20	43	17	26	34	14	3	28	46	14	27	9	29	27	
40	26	28	40	47	34	34	47	27	36	0	35	8	18	14	21	36	44	28	9	30	16	28	47	21	24	38	50	47	38	21	4	25	41	29	40	21	25	4	44	52	54	60	18	27	40	31	53	5	63	60	24	52	35	19	62	36	8	36	9	33	12	23	57	52	23	6	25	46	32	37	25	55	7	63	25	41	25	32	22	33	15	62	61	17	5	33	43	35	22	32	66	48	19	16	52	42	34	26	26	50	57	21	49	62	53	44	52	54	55	29	25	47	28	55	31	13	6	29	35	6	56	7	29	31	53	51	54	14	31	61	62	60	17	38	10	35	38	63	24	26	48	24	34	63	68	38	39	41	62	34	
67	38	17	50	34	21	49	18	21	22	35	0	29	18	28	52	10	26	19	28	45	22	21	13	24	13	55	20	25	5	13	32	51	8	28	55	36	26	39	30	17	18	52	40	8	18	60	18	39	38	34	16	18	59	20	28	17	35	31	40	19	37	18	37	19	22	41	28	17	12	63	48	40	41	43	41	36	55	3	27	5	34	38	28	27	39	15	29	16	46	4	54	15	28	26	17	26	27	40	56	38	22	27	34	26	31	29	36	42	37	37	12	11	8	19	34	23	41	34	9	41	39	28	19	26	49	16	21	43	35	30	26	48	23	22	27	61	41	27	12	40	14	16	19	46	33	9	5	31	30	45	
48	31	26	46	47	26	41	43	18	35	8	29	0	11	6	30	28	43	19	11	36	14	28	39	12	20	45	46	45	33	16	8	33	34	31	46	26	16	10	44	46	48	62	25	21	37	39	45	10	61	58	15	45	43	17	57	27	15	37	17	25	19	21	56	44	23	15	26	42	28	45	33	55	12	62	31	43	33	27	24	26	20	60	57	19	10	24	43	32	30	27	67	44	22	17	45	41	35	31	35	51	49	13	49	55	52	43	52	55	55	33	21	41	21	48	23	7	15	21	27	12	56	5	28	22	56	45	50	22	23	57	55	61	8	37	2	43	42	55	20	31	41	21	32	63	62	34	32	42	58	39	
54	31	18	45	40	20	42	32	14	27	18	18	11	0	10	37	18	35	13	13	37	10	21	29	10	10	47	35	36	22	5	14	38	23	26	48	27	15	21	36	35	37	56	28	10	28	46	34	21	51	48	7	34	47	11	46	19	20	31	24	18	23	13	48	34	17	24	23	32	18	50	36	48	23	54	32	37	40	16	20	15	22	50	46	17	21	16	35	23	33	16	60	33	20	16	34	33	28	32	41	44	39	14	41	44	42	36	44	48	47	31	11	30	10	37	24	5	24	23	17	23	48	10	20	19	51	34	39	28	24	46	44	55	6	29	9	48	39	45	10	32	30	13	24	55	51	23	21	35	47	39	
54	36	28	51	50	20	46	43	13	38	14	28	6	10	0	36	24	45	14	16	41	17	31	36	6	21	51	46	46	32	15	14	39	31	35	52	32	10	15	47	44	46	65	31	20	38	45	42	15	62	59	12	41	49	20	56	22	21	41	23	19	25	23	58	40	26	21	31	42	29	51	39	58	16	64	36	46	39	26	28	24	26	61	56	23	14	20	45	34	36	26	70	43	26	22	43	43	38	37	41	54	46	7	52	52	53	46	55	58	57	38	21	39	20	45	17	9	21	15	24	17	58	11	30	16	60	44	49	28	17	57	52	65	5	39	5	49	47	52	21	37	37	23	34	66	59	33	30	45	57	44	
19	23	38	31	50	55	24	58	48	44	21	52	30	37	36	0	55	50	48	24	22	30	37	65	42	39	24	61	55	53	39	22	7	59	33	26	20	46	21	49	68	70	57	14	44	49	10	70	22	69	68	44	70	16	32	75	56	17	39	13	54	15	35	63	70	33	14	30	57	44	17	12	58	22	67	19	42	4	49	28	51	18	68	74	26	23	53	48	45	11	48	64	62	26	26	69	48	39	21	5	52	75	43	53	78	60	49	56	55	60	28	40	63	45	71	51	32	14	49	54	20	59	26	39	52	49	66	67	9	51	71	78	60	38	46	31	15	35	80	39	21	66	36	43	66	85	51	57	45	73	26	
72	45	26	58	44	12	56	28	14	32	36	10	28	18	24	55	0	37	12	31	51	25	30	12	19	19	62	29	35	15	16	33	56	7	37	62	42	19	38	40	21	23	62	45	12	28	64	17	39	48	44	12	17	64	25	34	7	38	40	42	10	41	24	47	16	29	42	35	27	21	68	53	50	40	53	47	45	58	12	33	6	39	48	35	32	38	6	39	25	51	13	64	24	34	31	19	36	36	47	60	49	21	22	44	28	41	39	46	52	48	44	18	16	10	22	26	23	42	26	1	41	50	29	28	18	59	22	30	46	27	38	28	59	20	32	26	66	50	28	18	47	13	23	28	56	34	19	8	41	38	52	
59	28	17	32	8	48	35	13	45	7	44	26	43	35	45	50	37	0	43	35	33	29	15	36	45	24	42	15	5	21	30	40	46	33	17	40	30	48	48	4	31	32	25	36	28	8	54	39	49	19	17	38	40	50	26	29	43	39	12	43	45	38	22	13	42	20	46	21	13	17	53	41	13	51	19	32	13	51	25	23	31	33	18	27	27	50	41	3	12	40	24	27	20	26	28	35	2	11	31	52	12	42	48	7	40	10	3	10	15	12	24	24	29	30	34	58	36	46	57	36	50	13	38	15	51	24	26	21	43	58	22	40	21	41	5	42	52	21	43	24	31	37	21	10	20	45	17	31	7	24	30	
66	44	28	58	49	7	55	37	2	36	28	19	19	13	14	48	12	43	0	25	50	23	32	24	8	20	60	39	43	24	14	25	50	19	38	61	40	7	29	46	33	35	67	41	15	35	58	29	29	57	53	6	28	60	24	46	8	32	43	35	5	35	25	55	27	29	34	35	36	26	63	49	57	31	61	45	48	52	19	33	14	35	57	46	30	29	6	44	31	46	19	70	34	33	29	31	42	39	45	53	54	32	10	50	40	49	45	53	58	55	44	20	28	13	34	15	16	34	15	12	31	56	21	30	7	62	33	40	40	16	49	40	64	10	38	17	61	51	39	19	45	25	24	33	63	46	27	19	45	49	52	
41	20	19	35	38	33	30	38	26	27	9	28	11	13	16	24	31	35	25	0	25	7	19	41	21	16	35	41	38	30	15	5	25	35	20	36	15	26	13	35	45	47	51	15	20	31	32	46	14	53	51	20	46	34	10	53	33	7	27	11	31	9	14	48	46	14	12	16	37	23	37	23	46	16	54	20	32	27	25	13	27	10	52	53	8	14	29	34	26	20	25	57	40	11	7	46	33	25	20	28	41	51	23	40	55	44	35	43	45	46	22	17	40	21	48	33	9	12	31	30	15	47	5	20	31	45	43	46	15	33	52	55	51	16	29	11	35	31	56	16	20	42	15	25	54	61	30	33	32	53	28	
25	6	27	10	30	57	5	43	51	29	30	45	36	37	41	22	51	33	50	25	0	27	24	58	46	32	10	46	38	43	36	28	15	53	17	11	10	51	33	30	58	59	35	12	39	35	22	63	34	50	49	44	63	17	26	61	55	22	20	22	55	18	27	43	64	22	27	17	43	34	20	10	37	35	46	5	21	21	41	18	46	15	49	59	20	35	52	29	32	11	40	42	49	17	21	60	31	22	5	22	31	67	48	33	68	42	30	35	34	40	9	33	54	41	61	59	34	27	57	50	33	38	30	26	56	27	54	53	19	59	55	68	38	41	30	36	19	14	71	33	5	59	28	29	45	74	40	50	26	57	4	
46	21	12	35	33	30	32	31	24	21	16	22	14	10	17	30	25	29	23	7	27	0	13	34	20	8	37	34	31	23	9	12	30	29	17	38	17	25	20	30	38	40	48	19	14	24	38	40	21	47	44	17	40	38	3	46	28	13	23	18	28	15	7	42	40	9	19	13	30	16	42	27	41	23	48	22	29	33	18	10	21	13	46	46	7	21	25	28	19	25	18	53	33	10	6	39	27	20	22	34	37	44	23	34	48	38	29	38	41	41	21	10	33	15	41	33	8	19	32	25	22	41	9	13	29	42	36	38	21	34	45	48	47	15	23	13	40	29	49	9	22	36	8	18	49	54	22	26	27	46	29	
48	18	4	28	19	38	28	21	34	8	28	21	28	21	31	37	30	15	32	19	24	13	0	34	32	11	34	24	19	19	17	25	34	29	7	34	18	36	32	16	34	35	35	23	18	12	42	38	34	34	32	26	39	40	10	38	35	24	10	28	36	23	7	29	40	5	31	7	20	9	43	30	27	36	34	21	16	38	18	8	24	18	33	37	12	34	32	14	8	28	17	39	25	11	13	36	13	7	20	40	23	42	35	21	44	25	15	24	27	27	15	12	29	20	37	45	22	31	44	29	34	27	23	2	39	30	30	30	28	46	34	44	33	27	10	27	42	20	46	12	20	35	8	6	35	50	16	26	14	36	24	
80	51	30	62	44	22	62	24	26	33	47	13	39	29	36	65	12	36	24	41	58	34	34	0	31	26	68	24	32	15	25	43	64	5	41	68	49	31	50	40	10	12	61	53	20	28	73	5	50	43	38	24	5	72	33	24	17	48	42	52	21	50	31	43	6	35	53	41	23	24	76	61	48	52	49	54	47	67	16	40	13	47	42	25	40	50	18	39	27	59	17	62	17	41	39	7	36	38	53	69	48	10	34	43	16	37	39	44	51	44	49	25	8	19	10	37	34	53	38	12	52	47	39	31	29	60	13	22	55	38	30	16	57	31	33	37	74	53	16	25	53	1	29	30	52	22	19	7	42	29	58	
60	40	29	55	50	14	51	41	7	38	21	24	12	10	6	42	19	45	8	21	46	20	32	31	0	21	56	44	46	29	14	19	45	26	37	57	36	5	22	47	40	42	67	36	17	38	51	37	22	61	57	8	36	54	22	52	16	26	42	29	13	30	24	58	35	28	27	33	40	28	57	44	58	23	64	41	48	45	23	31	20	31	60	52	26	21	14	45	33	41	23	71	40	30	25	38	43	39	41	47	55	40	3	52	47	52	46	55	59	57	41	21	35	17	41	13	12	27	12	19	24	58	16	31	10	62	40	46	34	13	54	47	65	5	39	10	55	49	47	20	41	32	24	34	65	54	31	26	46	54	48	
54	26	8	39	29	26	37	23	22	16	24	13	20	10	21	39	19	24	20	16	32	8	11	26	21	0	43	26	25	14	6	20	38	21	18	43	23	25	28	26	29	31	46	27	7	17	46	31	29	41	37	14	32	46	7	37	24	22	22	27	24	24	5	37	32	10	28	16	22	8	49	35	37	31	43	28	28	41	9	14	13	21	40	37	13	29	21	24	12	32	9	50	24	15	13	30	22	18	27	43	34	36	24	31	39	32	25	33	38	36	25	1	24	9	32	34	13	28	33	18	30	37	17	10	28	42	27	30	30	34	37	39	44	17	18	18	48	31	41	1	27	27	4	13	44	46	14	18	25	38	33	
19	17	38	11	37	67	6	53	61	38	38	55	45	47	51	24	62	42	60	35	10	37	34	68	56	43	0	56	47	54	47	37	16	64	28	3	20	61	40	38	69	70	38	20	50	45	19	73	41	57	57	54	74	11	37	70	66	30	29	29	65	26	38	50	75	33	33	27	53	44	14	13	43	42	52	15	29	21	52	28	57	25	56	69	30	42	63	38	43	16	51	46	59	27	31	71	40	32	15	21	37	77	58	40	78	50	39	42	39	47	19	44	64	52	72	68	44	33	66	61	40	44	40	37	66	30	65	62	25	68	64	78	42	51	40	46	14	20	81	44	15	70	39	40	50	84	51	61	34	66	11	
72	41	22	47	23	41	50	3	41	17	50	20	46	35	46	61	29	15	39	41	46	34	24	24	44	26	56	0	10	14	30	46	58	24	29	55	42	46	54	19	17	17	39	47	26	11	66	25	55	19	14	35	26	63	31	14	36	47	26	51	39	47	27	18	29	28	53	31	4	18	67	53	25	57	25	45	29	63	20	32	25	42	18	13	35	55	35	19	15	52	20	38	6	35	36	21	16	24	43	64	26	28	47	21	24	13	18	22	29	21	37	25	16	26	20	54	39	53	54	29	56	24	43	22	46	39	12	6	52	55	11	24	34	41	16	44	66	37	28	26	43	24	26	17	28	29	12	21	23	12	45	
64	34	19	38	12	47	41	9	45	11	47	25	45	36	46	55	35	5	43	38	38	31	19	32	46	25	47	10	0	19	31	43	51	31	22	46	35	49	51	9	27	27	29	41	28	8	59	35	52	15	13	38	36	55	28	23	42	43	18	47	44	42	24	12	38	24	50	25	9	17	59	46	15	54	18	38	19	56	24	27	30	37	14	22	31	52	40	9	13	45	23	29	16	30	32	31	7	16	36	57	16	38	49	11	35	6	8	12	19	12	29	25	25	29	30	58	38	50	57	34	53	14	41	18	50	28	22	16	47	58	17	35	24	42	9	44	58	27	38	25	36	33	24	13	20	39	15	28	13	19	36	
67	37	15	47	29	27	47	12	26	18	38	5	33	22	32	53	15	21	24	30	43	23	19	15	29	14	54	14	19	0	17	34	51	12	26	53	36	31	41	25	15	17	47	40	12	13	60	19	42	33	29	21	20	58	21	24	22	37	27	41	25	38	17	31	21	21	43	26	12	9	62	48	34	44	37	40	32	55	6	26	10	34	32	24	27	42	21	24	12	45	6	48	11	28	27	17	21	23	39	57	33	23	32	29	25	25	24	31	37	32	34	13	10	12	18	39	26	43	39	15	44	34	30	17	32	45	13	17	44	40	25	25	43	27	18	31	60	38	27	13	39	16	16	15	40	32	4	9	27	25	43	
56	30	14	44	36	21	41	27	16	23	21	13	16	5	15	39	16	30	14	15	36	9	17	25	14	6	47	30	31	17	0	18	39	19	23	47	26	18	25	32	31	32	53	29	5	23	48	31	25	46	43	8	31	48	10	41	19	22	28	26	19	25	10	43	31	15	27	21	26	13	51	37	43	27	49	32	34	42	11	19	12	23	46	41	16	25	16	31	18	34	11	56	28	19	15	30	29	25	31	44	40	35	18	37	40	38	31	40	44	42	30	6	25	6	33	27	9	27	26	15	27	43	14	16	21	48	29	34	30	28	41	40	51	11	24	14	50	36	41	5	31	27	9	19	51	46	18	18	31	42	38	
41	24	24	38	43	33	33	43	26	32	4	32	8	14	14	22	33	40	25	5	28	12	25	43	19	20	37	46	43	34	18	0	25	38	26	39	19	24	8	40	49	51	56	17	23	36	32	49	9	59	56	21	49	35	15	58	33	7	32	9	31	11	19	54	49	19	9	21	42	28	37	25	51	11	59	23	38	26	29	18	30	13	58	57	13	9	30	39	31	22	28	62	44	16	12	49	38	30	24	27	47	53	21	45	58	50	40	48	51	52	27	21	43	24	51	31	9	9	29	32	10	52	4	25	29	50	47	50	14	31	57	58	57	15	34	9	35	36	59	20	24	45	20	30	60	65	34	36	38	58	32	
16	17	36	24	44	58	16	55	51	40	25	51	33	38	39	7	56	46	50	25	15	30	34	64	45	38	16	58	51	51	39	25	0	59	29	19	16	50	26	44	67	68	50	11	44	46	8	70	27	64	63	45	70	10	31	72	58	18	33	16	56	15	33	57	70	30	19	26	54	42	12	5	52	27	61	13	36	6	48	25	51	17	63	71	24	28	55	43	42	5	47	57	59	23	24	68	44	35	15	7	46	74	46	47	77	56	44	50	49	54	22	39	62	46	70	56	34	19	54	55	25	53	29	36	55	42	64	64	11	56	68	77	53	40	42	34	10	29	79	39	15	66	35	40	60	83	49	56	39	69	19	
75	47	25	58	41	18	57	23	21	30	41	8	34	23	31	59	7	33	19	35	53	29	29	5	26	21	64	24	31	12	19	38	59	0	37	63	44	26	44	37	14	16	59	48	14	25	67	11	44	43	39	18	11	67	28	27	13	42	39	46	17	44	25	42	11	30	47	36	22	20	70	56	46	46	48	49	44	62	11	35	7	42	42	28	34	44	13	36	24	53	12	60	18	36	34	12	33	35	48	63	46	15	29	41	21	36	36	43	49	43	45	19	9	13	15	33	28	47	33	7	46	46	33	27	25	57	15	23	50	34	32	21	55	26	30	31	69	49	21	20	48	7	24	27	51	28	16	3	39	31	53	
43	12	11	21	17	44	21	26	39	11	29	28	31	26	35	33	37	17	38	20	17	17	7	41	37	18	28	29	22	26	23	26	29	37	0	27	13	41	33	16	41	42	31	19	25	17	37	46	34	36	34	32	46	34	14	43	42	23	6	26	42	21	13	30	47	8	30	4	25	17	37	24	26	36	34	16	12	34	25	7	31	16	35	42	12	35	39	15	15	23	24	36	31	9	13	43	15	6	14	35	21	50	40	20	50	27	16	23	25	27	8	19	36	27	44	50	25	30	49	36	34	26	25	9	45	25	37	35	26	51	38	50	31	32	13	30	36	13	53	19	14	42	14	12	34	56	23	34	12	40	17	
22	17	38	8	35	68	6	52	62	37	40	55	46	48	52	26	62	40	61	36	11	38	34	68	57	43	3	55	46	53	47	39	19	63	27	0	21	62	42	37	68	69	35	21	50	44	22	73	43	55	55	55	73	14	37	69	66	32	28	31	66	28	38	48	74	33	35	27	51	44	17	15	41	44	50	16	27	24	52	28	57	26	54	67	31	44	63	36	42	18	51	43	58	28	32	70	38	31	16	24	35	77	59	38	77	48	37	40	37	44	18	44	64	52	71	69	45	35	67	61	42	42	41	36	67	27	64	61	27	69	63	77	39	52	39	47	17	18	80	44	16	69	39	39	48	83	50	61	32	65	10	
31	5	20	19	30	47	15	38	41	24	21	36	26	27	32	20	42	30	40	15	10	17	18	49	36	23	20	42	35	36	26	19	16	44	13	21	0	41	24	29	51	53	39	6	30	30	24	55	26	49	47	34	55	22	17	56	46	13	19	15	45	10	18	43	56	14	19	10	38	26	26	12	38	27	47	5	22	21	33	9	37	5	48	55	10	26	42	28	26	10	32	46	43	8	11	53	28	19	5	22	32	59	38	33	61	40	29	36	36	40	8	25	46	32	54	49	24	19	47	41	25	39	20	20	46	32	48	48	13	49	52	61	41	31	26	26	24	18	63	24	5	51	20	24	46	67	33	42	25	53	13	
65	45	33	60	54	10	56	43	5	41	25	26	16	15	10	46	19	48	7	26	51	25	36	31	5	25	61	46	49	31	18	24	50	26	41	62	41	0	26	51	40	42	71	41	20	41	56	36	26	64	60	10	35	59	26	53	14	31	47	34	10	35	28	61	33	33	32	38	43	31	62	49	62	27	67	46	52	50	25	35	21	36	63	53	31	25	13	49	36	46	26	75	41	34	30	38	47	43	46	51	59	39	4	55	47	55	50	58	63	60	46	24	35	19	41	9	17	32	8	19	28	62	21	35	5	66	41	47	39	9	56	47	69	10	43	15	60	54	46	24	46	32	28	38	69	53	34	26	50	56	53	
40	29	32	43	51	36	37	51	29	41	4	39	10	21	15	21	38	48	29	13	33	20	32	50	22	28	40	54	51	41	25	8	26	44	33	42	24	26	0	48	56	58	63	21	30	44	31	55	1	67	64	26	55	36	23	65	38	11	40	10	35	15	27	62	54	27	7	29	50	36	38	27	59	3	67	28	45	25	36	26	36	19	66	65	21	2	35	47	39	24	36	69	52	23	20	55	46	38	29	26	54	60	22	53	65	58	48	56	58	60	33	29	50	31	58	30	16	7	28	38	2	60	11	33	31	56	54	58	15	30	65	65	64	19	42	12	36	42	66	28	29	51	28	38	67	72	42	42	45	66	37	
56	26	18	29	4	51	32	17	48	9	44	30	44	36	47	49	40	4	46	35	30	30	16	40	47	26	38	19	9	25	32	40	44	37	16	37	29	51	48	0	35	36	21	35	31	12	52	43	49	20	19	40	44	47	26	33	47	38	10	42	48	37	23	14	46	21	45	20	17	19	50	39	11	51	18	30	9	49	28	22	34	32	19	31	27	50	44	1	14	38	27	24	24	25	28	39	4	10	28	50	8	46	50	5	44	12	1	8	12	11	21	26	33	32	38	60	38	45	59	39	50	11	39	16	53	20	30	25	42	60	26	44	18	43	8	43	50	18	47	26	28	41	23	12	19	49	21	34	4	28	27	
82	52	31	61	39	32	62	18	35	30	52	17	46	35	44	68	21	31	33	45	58	38	34	10	40	29	69	17	27	15	31	49	67	14	41	68	51	40	56	35	0	2	56	55	25	24	75	8	56	34	30	32	10	74	36	14	27	52	40	56	31	53	33	35	13	36	58	41	18	24	77	63	42	58	41	55	44	71	20	41	20	50	34	15	42	56	27	34	26	61	20	55	11	43	42	4	32	37	54	72	43	11	43	38	9	30	34	39	46	38	49	28	5	25	3	47	40	58	47	21	58	41	45	32	39	55	5	13	59	48	20	9	51	39	30	44	76	51	12	29	54	10	32	29	45	16	17	14	38	19	57	
84	53	32	62	39	34	63	18	37	31	54	18	48	37	46	70	23	32	35	47	59	40	35	12	42	31	70	17	27	17	32	51	68	16	42	69	53	42	58	36	2	0	56	57	27	25	77	10	58	33	29	34	11	75	38	12	29	54	41	58	32	55	35	35	14	38	59	43	18	26	79	65	42	60	41	57	44	72	21	43	22	52	33	14	44	58	29	35	27	63	22	55	11	45	44	5	32	38	55	74	43	11	45	38	8	30	35	39	46	38	50	30	7	26	3	49	42	59	49	23	60	41	47	33	41	56	5	12	61	50	19	8	51	41	30	46	77	52	11	30	55	11	33	30	44	14	19	16	39	18	59	
57	35	38	27	17	72	34	38	68	30	60	52	62	56	65	57	62	25	67	51	35	48	35	61	67	46	38	39	29	47	53	56	50	59	31	35	39	71	63	21	56	56	0	45	52	33	56	64	65	27	30	61	65	49	45	49	68	52	24	55	70	49	43	22	67	39	59	35	38	41	52	45	14	66	20	38	19	56	49	38	56	44	27	47	43	65	66	23	36	46	49	8	45	40	44	60	25	28	36	57	13	67	70	18	63	26	22	17	10	18	30	47	54	54	59	80	56	59	79	61	64	15	56	36	74	8	51	44	52	81	41	63	6	62	29	61	52	21	67	47	36	62	43	34	16	67	43	56	21	43	30	
27	9	25	22	36	48	16	44	41	30	18	40	25	28	31	14	45	36	41	15	12	19	23	53	36	27	20	47	41	40	29	17	11	48	19	21	6	41	21	35	55	57	45	0	33	35	19	58	22	55	53	35	59	19	20	61	47	10	25	10	46	6	22	49	59	19	14	15	43	31	22	8	44	23	53	7	28	15	36	14	40	5	54	60	13	23	44	34	31	5	36	52	48	12	13	57	34	25	8	17	38	63	38	39	65	46	35	42	41	46	14	28	50	34	58	48	24	14	46	44	21	45	20	25	46	37	52	53	7	48	57	65	47	31	32	26	21	23	67	27	8	54	24	29	52	72	38	45	31	59	16	
60	33	14	46	34	20	44	23	17	21	27	8	21	10	20	44	12	28	15	20	39	14	18	20	17	7	50	26	28	12	5	23	44	14	25	50	30	20	30	31	25	27	52	33	0	20	52	26	31	43	39	10	26	52	13	36	17	27	28	32	18	29	12	40	26	17	32	23	22	11	56	41	42	33	46	35	34	47	6	21	7	27	42	36	20	31	14	29	16	39	6	55	23	22	19	25	27	25	34	48	39	30	21	35	34	35	30	38	43	40	32	6	20	2	27	29	14	32	29	11	32	41	19	16	22	48	24	29	35	30	36	34	49	15	23	19	54	38	36	6	34	21	11	18	48	41	13	12	30	37	40	
60	30	12	37	16	39	38	8	37	6	40	18	37	28	38	49	28	8	35	31	35	24	12	28	38	17	45	11	8	13	23	36	46	25	17	44	30	41	44	12	24	25	33	35	20	0	55	31	45	23	20	30	32	52	21	25	35	36	16	40	37	35	17	20	34	17	43	20	7	9	55	42	21	47	26	33	19	51	16	21	22	31	22	24	24	45	33	11	5	40	15	35	14	24	25	27	8	12	32	52	20	34	41	16	34	14	11	18	24	19	26	17	21	21	27	50	30	43	49	27	46	21	33	11	43	32	20	17	41	50	21	34	30	34	5	36	54	26	37	17	32	29	16	6	28	39	9	22	14	23	34	
9	25	45	29	52	65	22	63	58	49	31	60	39	46	45	10	64	54	58	32	22	38	42	73	51	46	19	66	59	60	48	32	8	67	37	22	24	56	31	52	75	77	56	19	52	55	0	78	32	72	71	53	78	8	39	80	65	25	42	22	63	23	42	65	78	39	24	34	62	51	8	13	59	32	68	21	43	6	56	34	59	25	71	79	33	33	62	51	51	14	55	64	68	32	33	77	52	43	23	5	53	82	52	55	85	64	52	58	56	62	30	48	70	54	78	61	41	24	59	63	30	60	36	44	61	48	72	72	17	61	76	85	60	47	50	41	6	36	87	47	23	74	43	48	67	92	58	65	47	78	26	
86	56	35	67	47	27	67	26	31	37	53	18	45	34	42	70	17	39	29	46	63	40	38	5	37	31	73	25	35	19	31	49	70	11	46	73	55	36	55	43	8	10	64	58	26	31	78	0	56	43	39	30	1	78	38	22	22	53	46	58	26	55	36	44	4	40	58	46	26	29	81	67	50	58	50	59	50	73	22	45	19	53	43	24	45	55	23	42	31	64	22	63	19	47	45	4	39	43	58	74	51	4	39	46	11	38	42	47	54	46	54	30	10	25	7	42	39	58	43	18	58	49	45	36	34	63	13	21	61	43	29	11	59	37	36	43	79	57	10	31	58	4	35	34	53	17	23	13	45	28	63	
41	31	33	45	52	36	38	52	29	42	5	39	10	21	15	22	39	49	29	14	34	21	34	50	22	29	41	55	52	42	25	9	27	44	34	43	26	26	1	49	56	58	65	22	31	45	32	56	0	68	65	26	55	37	24	66	38	12	41	12	35	16	28	63	55	29	8	30	51	37	39	28	60	2	68	29	46	26	37	27	37	20	67	66	22	1	35	48	40	25	36	71	53	25	21	56	47	39	30	27	55	60	21	54	65	59	49	57	59	61	34	30	51	31	58	30	16	8	27	38	2	61	12	34	31	58	55	59	16	29	66	65	65	19	44	13	37	43	66	29	30	51	29	39	69	72	43	43	47	67	38	
75	46	35	47	20	60	52	20	60	26	63	38	61	51	62	69	48	19	57	53	50	47	34	43	61	41	57	19	15	33	46	59	64	43	36	55	49	64	67	20	34	33	27	55	43	23	72	43	68	0	4	53	44	67	44	24	55	58	30	62	58	57	40	6	47	39	65	40	21	33	70	59	14	70	8	50	28	70	38	42	43	52	1	22	46	68	54	21	28	58	38	23	25	45	47	39	21	30	49	71	20	45	65	17	39	9	20	14	19	10	41	40	34	44	37	73	54	65	72	48	69	13	57	33	65	31	29	21	62	73	15	39	21	58	24	59	69	37	43	41	49	43	39	28	12	42	30	41	24	17	47	
75	45	32	47	20	56	51	16	56	24	60	34	58	48	59	68	44	17	53	51	49	44	32	38	57	37	57	14	13	29	43	56	63	39	34	55	47	60	64	19	30	29	30	53	39	20	71	39	65	4	0	49	40	66	41	20	51	56	29	60	54	55	37	8	42	37	63	38	17	29	70	58	16	67	12	50	28	68	34	40	39	50	4	18	44	65	50	19	25	57	34	27	20	43	45	34	19	28	48	70	21	40	61	17	35	7	18	15	21	12	41	37	30	40	32	69	51	63	68	43	66	15	54	31	61	33	25	17	60	69	11	35	24	54	22	56	69	37	39	38	48	38	36	26	16	38	26	36	23	13	46	
61	38	22	52	44	13	49	33	7	31	24	16	15	7	12	44	12	38	6	20	44	17	26	24	8	14	54	35	38	21	8	21	45	18	32	55	34	10	26	40	32	34	61	35	10	30	53	30	26	53	49	0	29	55	18	44	12	27	37	31	11	30	18	50	28	23	30	29	32	21	57	43	51	28	56	39	42	47	15	27	12	29	52	44	24	26	9	39	26	41	15	65	32	27	23	30	36	33	39	48	48	34	11	45	40	45	39	48	53	50	38	14	27	8	33	19	11	30	19	12	28	51	17	25	13	56	32	38	35	20	46	40	59	7	32	13	56	45	40	13	39	25	18	27	58	46	23	18	39	46	46	
86	57	35	68	48	26	67	27	30	37	52	18	45	34	41	70	17	40	28	46	63	40	39	5	36	32	74	26	36	20	31	49	70	11	46	73	55	35	55	44	10	11	65	59	26	32	78	1	55	44	40	29	0	78	39	24	21	53	47	58	25	55	36	45	2	40	58	46	27	29	81	67	51	57	51	60	51	73	22	45	19	53	44	25	45	55	22	43	32	64	23	65	20	47	45	5	40	43	59	74	52	4	38	47	12	40	43	48	55	47	55	30	11	24	8	41	39	58	42	17	57	50	45	37	33	64	14	23	61	42	31	12	60	37	37	42	80	58	11	31	59	4	35	35	55	18	23	13	46	30	63	
8	22	43	22	46	67	15	60	60	45	35	59	43	47	49	16	64	50	60	34	17	38	40	72	54	46	11	63	55	58	48	35	10	67	34	14	22	59	36	47	74	75	49	19	52	52	8	78	37	67	66	55	78	0	39	77	67	28	37	26	66	24	41	60	78	37	29	32	59	49	3	11	53	37	62	18	38	12	56	32	60	25	66	76	32	38	64	46	48	13	55	57	65	30	33	76	48	39	19	12	47	82	56	49	84	59	47	52	49	56	26	47	69	54	77	66	43	29	64	63	35	54	38	42	65	41	70	69	21	66	72	84	53	50	47	44	3	30	86	47	19	74	43	46	61	90	56	64	42	74	19	
47	20	9	34	30	31	31	28	25	18	19	20	17	11	20	32	25	26	24	10	26	3	10	33	22	7	37	31	28	21	10	15	31	28	14	37	17	26	23	26	36	38	45	20	13	21	39	38	24	44	41	18	39	39	0	43	29	16	20	20	29	17	4	39	39	6	22	11	27	13	42	28	38	26	45	22	26	34	16	9	20	14	43	43	6	24	26	25	16	25	16	50	30	9	6	37	24	17	21	36	34	43	25	31	46	35	26	34	38	38	20	8	31	15	39	35	11	22	34	24	25	38	12	10	31	39	34	36	23	36	42	46	44	17	20	16	41	27	48	7	21	34	5	15	46	53	20	25	24	43	28	
86	55	36	61	35	46	64	17	48	32	62	28	57	46	56	75	34	29	46	53	61	46	38	24	52	37	70	14	23	24	41	58	72	27	43	69	56	53	65	33	14	12	49	61	36	25	80	22	66	24	20	44	24	77	43	0	41	60	41	64	44	60	40	27	26	42	66	45	18	30	81	67	35	68	32	59	42	76	30	46	32	56	24	2	48	66	41	32	29	66	30	47	13	49	49	18	30	38	58	78	38	23	55	33	15	23	32	33	40	31	51	36	18	36	15	61	50	66	61	34	68	34	54	36	52	51	12	8	66	61	9	15	43	51	30	55	80	51	19	37	58	24	38	31	36	18	23	26	37	7	59	
74	49	31	63	51	5	60	35	9	38	36	17	27	19	22	56	7	43	8	33	55	28	35	17	16	24	66	36	42	22	19	33	58	13	42	66	46	14	38	47	27	29	68	47	17	35	65	22	38	55	51	12	21	67	29	41	0	39	45	43	4	42	29	54	19	34	42	40	34	27	70	56	57	39	60	51	51	60	18	38	12	42	55	42	35	37	3	45	32	53	19	71	31	38	34	24	42	41	50	61	55	25	18	51	33	48	46	53	59	54	49	23	23	15	27	20	24	42	21	7	40	56	29	33	12	65	29	36	47	21	45	33	65	19	39	25	68	55	32	23	50	18	28	34	63	39	26	15	47	45	57	
34	18	24	32	40	39	26	43	32	32	8	35	15	20	21	17	38	39	32	7	22	13	24	48	26	22	30	47	43	37	22	7	18	42	23	32	13	31	11	38	52	54	52	10	27	36	25	53	12	58	56	27	53	28	16	60	39	0	29	4	38	4	19	52	53	19	7	18	42	29	31	18	49	14	57	17	34	20	32	16	34	7	57	59	12	13	36	37	31	15	31	59	46	13	11	53	37	28	18	21	44	58	28	43	62	49	38	46	47	50	22	24	47	29	54	38	15	7	36	37	12	50	10	25	36	45	50	52	8	38	57	62	53	21	34	16	29	31	63	23	18	49	21	30	57	68	36	40	35	59	26	
46	16	14	21	11	49	23	24	44	9	36	31	37	31	41	39	40	12	43	27	20	23	10	42	42	22	29	26	18	27	28	32	33	39	6	28	19	47	40	10	40	41	24	25	28	16	42	46	41	30	29	37	47	37	20	41	45	29	0	32	46	27	18	24	49	14	36	11	23	19	41	29	19	43	28	20	5	39	28	13	34	22	29	39	18	42	43	9	15	28	27	30	30	16	20	43	10	4	18	40	14	50	46	14	50	22	10	17	18	21	11	23	37	30	43	56	31	36	54	39	41	20	32	12	50	19	36	33	32	56	35	50	24	38	10	36	40	10	53	23	18	43	18	12	27	55	23	36	6	37	18	
31	20	28	33	44	42	26	48	35	36	9	40	17	24	23	13	42	43	35	11	22	18	28	52	29	27	29	51	47	41	26	9	16	46	26	31	15	34	10	42	56	58	55	10	32	40	22	58	12	62	60	31	58	26	20	64	43	4	32	0	41	5	24	56	58	23	4	22	47	33	28	16	52	13	61	17	37	16	36	20	38	10	61	63	16	13	40	41	35	13	36	61	51	17	15	57	41	32	19	17	47	62	30	46	66	53	42	50	50	53	24	28	51	33	59	40	19	4	38	41	10	53	13	29	39	47	54	56	5	40	62	66	56	25	38	18	26	33	68	27	19	53	25	34	60	73	40	44	38	63	26	
72	49	32	63	52	2	60	38	6	39	33	19	25	18	19	54	10	45	5	31	55	28	36	21	13	24	65	39	44	25	19	31	56	17	42	66	45	10	35	48	31	32	70	46	18	37	63	26	35	58	54	11	25	66	29	44	4	38	46	41	0	41	29	56	23	34	40	40	37	29	68	55	59	36	63	50	52	58	20	38	14	41	58	45	35	34	4	47	34	52	21	73	34	38	34	28	44	43	50	59	57	29	14	53	37	50	47	55	61	57	49	23	26	16	31	16	22	40	17	10	37	59	27	34	8	66	32	40	46	17	48	37	67	16	40	23	67	55	36	23	50	22	28	36	65	43	29	18	48	48	57	
31	14	24	28	38	43	22	43	36	31	12	37	19	23	25	15	41	38	35	9	18	15	23	50	30	24	26	47	42	38	25	11	15	44	21	28	10	35	15	37	53	55	49	6	29	35	23	55	16	57	55	30	55	24	17	60	42	4	27	5	41	0	20	51	55	18	9	17	43	29	27	14	47	17	55	13	31	17	34	15	36	5	56	59	11	17	39	36	31	11	33	56	47	12	11	54	36	27	14	19	41	60	32	41	63	48	37	44	45	48	18	25	48	31	56	42	18	9	40	40	15	48	14	24	40	42	51	52	5	42	57	63	51	25	33	20	25	28	65	24	14	51	21	29	55	70	37	42	33	59	22	
49	21	5	34	26	31	32	24	26	14	23	18	21	13	23	35	24	22	25	14	27	7	7	31	24	5	38	27	24	17	10	19	33	25	13	38	18	28	27	23	33	35	43	22	12	17	42	36	28	40	37	18	36	41	4	40	29	19	18	24	29	20	0	35	37	5	26	11	23	9	45	30	35	30	41	23	24	37	14	9	18	17	39	39	9	28	26	22	12	28	13	47	26	10	9	34	20	15	22	39	31	40	27	28	43	31	23	31	35	34	20	6	28	14	36	37	14	26	36	23	29	35	16	7	32	38	30	32	26	38	38	43	41	19	16	19	43	26	45	6	22	32	1	11	42	49	16	23	21	39	28	
69	40	30	40	13	58	45	19	57	21	57	37	56	48	58	63	47	13	55	48	43	42	29	43	58	37	50	18	12	31	43	54	57	42	30	48	43	61	62	14	35	35	22	49	40	20	65	44	63	6	8	50	45	60	39	27	54	52	24	56	56	51	35	0	48	34	59	34	19	29	63	52	8	65	6	44	22	63	36	36	41	46	5	25	40	63	52	15	24	52	35	20	25	39	41	40	15	24	42	64	13	46	61	10	42	5	14	8	13	4	35	36	35	41	38	70	50	59	69	46	63	7	52	28	62	25	30	23	56	70	18	42	16	54	19	55	63	30	46	37	42	43	35	24	9	45	27	39	18	20	40	
86	58	36	69	50	24	68	29	28	39	52	19	44	34	40	70	16	42	27	46	64	40	40	6	35	32	75	29	38	21	31	49	70	11	47	74	56	33	54	46	13	14	67	59	26	34	78	4	55	47	42	28	2	78	39	26	19	53	49	58	23	55	37	48	0	41	58	47	29	30	82	67	53	56	54	60	53	73	22	46	19	53	47	28	46	54	20	45	33	65	23	67	22	48	45	8	42	45	59	75	54	6	37	49	14	42	45	50	57	50	56	31	13	24	11	39	39	58	40	16	57	52	44	38	31	66	17	25	61	40	33	14	62	36	39	42	80	59	13	31	59	5	35	36	57	20	25	13	48	32	64	
45	16	5	29	23	36	27	25	31	13	23	22	23	17	26	33	29	20	29	14	22	9	5	35	28	10	33	28	24	21	15	19	30	30	8	33	14	33	27	21	36	38	39	19	17	17	39	40	29	39	37	23	40	37	6	42	34	19	14	23	34	18	5	34	41	0	26	6	24	12	41	26	32	31	39	19	20	34	18	5	23	14	38	41	7	29	31	19	12	24	17	43	29	7	8	38	18	11	18	36	27	44	31	25	46	30	20	29	32	32	15	11	31	19	39	42	17	26	40	28	29	32	18	6	37	33	33	34	24	42	39	46	38	23	15	22	39	21	48	11	18	36	6	11	40	53	19	27	18	40	23	
33	24	31	37	47	41	31	50	34	39	6	41	15	24	21	14	42	46	34	12	27	19	31	53	27	28	33	53	50	43	27	9	19	47	30	35	19	32	7	45	58	59	59	14	32	43	24	58	8	65	63	30	58	29	22	66	42	7	36	4	40	9	26	59	58	26	0	25	49	35	31	20	56	8	64	21	41	18	38	23	39	14	64	65	19	9	39	44	38	17	37	65	53	20	18	58	44	35	23	19	50	63	28	50	67	56	45	53	54	57	28	30	52	33	60	37	19	0	35	41	6	57	13	32	37	51	56	58	8	37	64	67	60	23	41	17	29	37	68	29	23	54	27	37	64	74	42	45	42	65	31	
41	10	10	23	22	42	21	28	36	14	25	28	26	23	31	30	35	21	35	16	17	13	7	41	33	16	27	31	25	26	21	21	26	36	4	27	10	38	29	20	41	43	35	15	23	20	34	46	30	40	38	29	46	32	11	45	40	18	11	22	40	17	11	34	47	6	25	0	27	17	36	22	30	32	38	14	16	31	24	2	29	12	39	44	7	30	37	19	16	20	23	41	33	5	9	43	19	10	12	32	25	50	36	24	51	31	20	27	29	31	9	17	37	25	44	47	21	25	45	34	30	31	21	9	42	29	38	37	22	47	41	51	35	28	16	26	34	16	54	17	12	42	12	13	38	58	24	33	16	43	17	
68	37	18	44	21	39	46	1	38	14	46	17	42	32	42	57	27	13	36	37	43	30	20	23	40	22	53	4	9	12	26	42	54	22	25	51	38	43	50	17	18	18	38	43	22	7	62	26	51	21	17	32	27	59	27	18	34	42	23	47	37	43	23	19	29	24	49	27	0	14	63	49	24	53	26	41	26	59	17	28	22	38	20	17	31	51	33	16	11	48	17	38	7	31	32	22	13	20	40	60	25	29	44	20	26	13	16	21	28	21	33	21	16	23	21	51	35	49	51	26	52	23	39	18	44	37	13	10	48	52	15	26	33	37	12	40	62	34	30	22	40	24	22	13	29	32	8	20	20	16	41	
57	28	6	38	23	31	38	15	28	10	32	12	28	18	29	44	21	17	26	23	34	16	9	24	28	8	44	18	17	9	13	28	42	20	17	44	26	31	36	19	24	26	41	31	11	9	51	29	37	33	29	21	29	49	13	30	27	29	19	33	29	29	9	29	30	12	35	17	14	0	53	38	30	39	35	31	24	46	9	16	15	26	32	30	18	37	25	18	5	36	8	44	17	19	18	26	15	15	30	48	28	33	32	24	34	24	18	27	32	29	25	7	20	13	27	41	21	35	40	20	38	30	25	7	34	37	21	22	35	41	29	34	38	25	11	26	51	29	37	8	30	25	8	7	37	41	7	17	19	30	34	
5	25	46	25	50	70	18	64	63	49	37	63	45	50	51	17	68	53	63	37	20	42	43	76	57	49	14	67	59	62	51	37	12	70	37	17	26	62	38	50	77	79	52	22	56	55	8	81	39	70	70	57	81	3	42	81	70	31	41	28	68	27	45	63	82	41	31	36	63	53	0	14	57	39	66	21	41	13	59	36	63	28	69	80	36	40	67	50	52	17	58	60	69	34	36	79	51	43	23	12	50	85	58	53	87	63	51	55	53	60	29	51	73	57	80	68	46	31	66	67	37	58	41	45	67	44	74	73	23	68	76	87	56	52	51	47	2	33	90	50	23	77	46	49	64	94	60	68	46	78	23	
19	12	32	19	39	56	12	50	50	36	25	48	33	36	39	12	53	41	49	23	10	27	30	61	44	35	13	53	46	48	37	25	5	56	24	15	12	49	27	39	63	65	45	8	41	42	13	67	28	59	58	43	67	11	28	67	56	18	29	16	55	14	30	52	67	26	20	22	49	38	14	0	47	29	56	8	31	11	45	21	48	14	58	66	21	29	53	38	38	3	44	52	55	19	21	65	39	30	10	12	41	71	46	42	73	51	39	45	44	49	17	36	58	43	66	56	32	20	54	52	26	48	28	32	54	37	60	59	11	56	63	73	48	39	38	34	12	24	75	36	10	63	32	36	55	79	46	53	34	65	14	
62	35	29	32	8	61	38	24	59	20	55	40	55	48	58	58	50	13	57	46	37	41	27	48	58	37	43	25	15	34	43	51	52	46	26	41	38	62	59	11	42	42	14	44	42	21	59	50	60	14	16	51	51	53	38	35	57	49	19	52	59	47	35	8	53	32	56	30	24	30	57	47	0	62	9	39	16	58	38	33	44	42	14	33	38	61	55	12	25	47	37	13	31	36	39	46	14	21	37	59	6	53	62	6	49	12	12	3	5	4	30	37	40	43	45	71	49	56	70	49	61	1	50	27	64	17	37	30	51	72	26	49	9	54	19	54	56	23	53	38	37	49	34	24	8	53	30	44	13	29	33	
41	32	35	46	54	37	39	54	30	44	7	41	12	23	16	22	40	51	31	16	35	23	36	52	23	31	42	57	54	44	27	11	27	46	36	44	27	27	3	51	58	60	66	23	33	47	32	58	2	70	67	28	57	37	26	68	39	14	43	13	36	17	30	65	56	31	8	32	53	39	39	29	62	0	70	30	48	26	39	29	39	22	69	68	24	2	37	50	42	26	38	73	55	26	23	58	49	41	31	27	57	62	23	56	67	61	51	59	61	63	36	32	53	33	60	30	18	8	28	40	2	63	14	36	32	59	57	61	17	30	68	67	67	20	46	14	37	45	68	31	31	53	31	41	70	74	45	45	48	69	39	
71	44	36	41	17	65	47	25	63	26	63	43	62	54	64	67	53	19	61	54	46	48	34	49	64	43	52	25	18	37	49	59	61	48	34	50	47	67	67	18	41	41	20	53	46	26	68	50	68	8	12	56	51	62	45	32	60	57	28	61	63	55	41	6	54	39	64	38	26	35	66	56	9	70	0	48	25	67	42	41	48	50	8	30	45	68	58	19	30	56	41	15	31	44	47	45	21	28	46	68	15	52	67	14	47	12	18	11	13	7	39	43	41	48	44	76	55	64	75	52	68	8	57	34	69	25	36	28	60	77	23	47	13	60	25	61	65	32	51	43	46	49	41	30	4	50	34	46	22	25	42	
27	4	24	15	31	52	10	42	46	27	25	41	31	32	36	19	47	32	45	20	5	22	21	54	41	28	15	45	38	40	32	23	13	49	16	16	5	46	28	30	55	57	38	7	35	33	21	59	29	50	50	39	60	18	22	59	51	17	20	17	50	13	23	44	60	19	21	14	41	31	21	8	39	30	48	0	23	19	38	14	42	10	50	58	15	30	48	30	30	8	37	45	47	13	16	57	31	21	2	20	33	64	43	34	65	42	31	37	36	41	9	29	51	37	58	53	29	21	51	46	28	40	25	24	51	30	52	51	14	53	55	65	41	36	29	31	20	16	68	29	2	56	25	27	47	72	38	47	26	56	9	
47	19	20	19	8	54	23	26	50	14	41	36	43	37	46	42	45	13	48	32	21	29	16	47	48	28	29	29	19	32	34	38	36	44	12	27	22	52	45	9	44	44	19	28	34	19	43	50	46	28	28	42	51	38	26	42	51	34	5	37	52	31	24	22	53	20	41	16	26	24	41	31	16	48	25	23	0	42	33	19	39	26	27	41	24	47	48	10	20	31	32	24	33	21	25	47	12	9	21	43	10	54	51	11	53	21	10	14	13	18	14	28	41	36	47	61	37	41	60	44	46	17	37	18	56	13	39	35	35	62	36	53	19	43	14	42	41	8	56	29	21	48	24	17	24	58	28	41	5	38	18	
15	23	40	30	50	59	22	59	52	45	25	55	33	40	39	4	58	51	52	27	21	33	38	67	45	41	21	63	56	55	42	26	6	62	34	24	21	50	25	49	71	72	56	15	47	51	6	73	26	70	68	47	73	12	34	76	60	20	39	16	58	17	37	63	73	34	18	31	59	46	13	11	58	26	67	19	42	0	51	30	54	20	69	76	28	27	56	49	47	11	50	63	64	27	28	72	49	40	21	1	52	77	46	53	81	61	50	56	55	60	28	43	66	48	73	55	35	18	53	57	24	59	30	40	55	48	68	68	12	55	73	81	59	41	47	35	11	35	82	42	21	69	39	45	66	87	54	60	45	74	25	
64	35	14	47	32	23	46	18	21	19	32	3	27	16	26	49	12	25	19	25	41	18	18	16	23	9	52	20	24	6	11	29	48	11	25	52	33	25	36	28	20	21	49	36	6	16	56	22	37	38	34	15	22	56	16	30	18	32	28	36	20	34	14	36	22	18	38	24	17	9	59	45	38	39	42	38	33	51	0	23	6	31	37	30	23	36	16	26	13	42	1	52	17	25	23	20	24	24	37	53	36	26	26	32	29	30	27	34	40	36	33	8	14	6	22	34	20	38	34	11	38	38	25	16	26	46	18	23	39	35	31	29	46	21	20	25	57	38	31	9	37	18	13	16	44	36	8	8	28	31	42	
41	11	10	25	24	40	22	29	34	16	22	27	24	20	28	28	33	23	33	13	18	10	8	40	31	14	28	32	27	26	19	18	25	35	7	28	9	35	26	22	41	43	38	14	21	21	34	45	27	42	40	27	45	32	9	46	38	16	13	20	38	15	9	36	46	5	23	2	28	16	36	21	33	29	41	14	19	30	23	0	28	10	41	45	5	28	35	21	17	20	22	43	33	3	6	43	21	12	13	31	28	49	34	27	51	33	22	30	32	33	11	15	36	23	44	44	19	23	42	32	27	33	18	10	40	32	38	38	20	44	43	51	38	26	18	23	34	18	53	15	13	41	10	14	41	58	24	32	19	44	19	
67	40	20	52	38	17	51	23	16	25	33	5	26	15	24	51	6	31	14	27	46	21	24	13	20	13	57	25	30	10	12	30	51	7	31	57	37	21	36	34	20	22	56	40	7	22	59	19	37	43	39	12	19	60	20	32	12	34	34	38	14	36	18	41	19	23	39	29	22	15	63	48	44	39	48	42	39	54	6	28	0	34	43	32	27	36	10	33	19	46	7	58	20	29	26	19	30	30	41	55	43	23	23	38	28	36	33	41	47	42	38	12	15	5	21	29	20	39	29	5	38	44	26	22	21	53	20	26	42	30	34	28	53	19	26	24	61	44	29	13	41	15	17	22	50	35	14	6	35	35	47	
33	10	20	25	33	42	20	39	36	26	15	34	20	22	26	18	39	33	35	10	15	13	18	47	31	21	25	42	37	34	23	13	17	42	16	26	5	36	19	32	50	52	44	5	27	31	25	53	20	52	50	29	53	25	14	56	42	7	22	10	41	5	17	46	53	14	14	12	38	26	28	14	42	22	50	10	26	20	31	10	34	0	51	55	7	21	38	31	26	11	30	51	43	7	7	51	31	22	10	22	36	57	33	36	60	43	32	39	40	43	14	22	45	29	53	43	19	14	41	38	20	42	15	20	41	37	47	48	10	43	53	60	46	26	28	21	26	23	62	22	10	49	18	25	50	66	33	39	28	54	18	
75	45	34	46	19	60	51	19	59	25	62	38	60	50	61	68	48	18	57	52	49	46	33	42	60	40	56	18	14	32	46	58	63	42	35	54	48	63	66	19	34	33	27	54	42	22	71	43	67	1	4	52	44	66	43	24	55	57	29	61	58	56	39	5	47	38	64	39	20	32	69	58	14	69	8	50	27	69	37	41	43	51	0	22	45	67	53	20	27	57	37	23	24	44	46	38	20	29	48	70	19	44	64	16	39	8	19	13	19	10	41	39	34	43	36	72	53	64	71	47	68	12	56	32	64	31	29	21	61	73	15	39	21	57	23	58	68	36	43	40	48	42	38	27	12	42	29	40	23	17	46	
85	54	35	60	34	47	63	16	49	30	61	28	57	46	56	74	35	27	46	53	59	46	37	25	52	37	69	13	22	24	41	57	71	28	42	67	55	53	65	31	15	14	47	60	36	24	79	24	66	22	18	44	25	76	43	2	42	59	39	63	45	59	39	25	28	41	65	44	17	30	80	66	33	68	30	58	41	76	30	45	32	55	22	0	48	66	41	31	28	65	30	45	13	48	48	19	29	37	56	77	36	24	56	31	17	21	30	31	38	29	50	36	18	36	17	61	50	65	61	35	67	32	54	35	53	49	13	7	65	62	7	17	41	51	29	55	79	49	21	37	56	25	38	30	34	20	23	27	35	5	58	
40	14	12	28	29	37	25	32	31	20	17	27	19	17	23	26	32	27	30	8	20	7	12	40	26	13	30	35	31	27	16	13	24	34	12	31	10	31	21	27	42	44	43	13	20	24	33	45	22	46	44	24	45	32	6	48	35	12	18	16	35	11	9	40	46	7	19	7	31	18	36	21	38	24	45	15	24	28	23	5	27	7	45	48	0	23	32	25	19	19	22	48	35	3	1	43	25	17	15	30	33	49	29	31	52	37	26	35	37	38	14	15	37	21	45	40	14	19	38	31	23	38	13	13	36	36	39	40	17	40	46	52	43	21	22	18	34	23	54	14	15	41	10	18	46	59	25	32	24	47	22	
42	31	33	46	52	35	39	52	28	42	5	39	10	21	14	23	38	50	29	14	35	21	34	50	21	29	42	55	52	42	25	9	28	44	35	44	26	25	2	50	56	58	65	23	31	45	33	55	1	68	65	26	55	38	24	66	37	13	42	13	34	17	28	63	54	29	9	30	51	37	40	29	61	2	68	30	47	27	36	28	36	21	67	66	23	0	34	49	40	26	36	71	53	25	21	56	48	40	31	28	56	59	21	55	65	59	49	58	60	61	35	30	51	31	58	29	16	9	26	38	3	61	12	34	30	58	55	59	17	28	66	65	66	18	44	12	38	44	66	29	31	51	29	39	69	72	43	43	47	67	39	
71	46	28	60	48	6	57	33	8	35	33	15	24	16	20	53	6	41	6	29	52	25	32	18	14	21	63	35	40	21	16	30	55	13	39	63	42	13	35	44	27	29	66	44	14	33	62	23	35	54	50	9	22	64	26	41	3	36	43	40	4	39	26	52	20	31	39	37	33	25	67	53	55	37	58	48	48	56	16	35	10	38	53	41	32	34	0	43	29	50	17	68	30	35	31	25	40	39	47	58	53	26	16	49	34	46	43	51	57	53	46	20	23	12	28	19	21	39	20	6	37	54	26	30	11	62	28	36	44	20	44	34	63	16	36	22	65	52	33	20	47	19	25	32	61	40	24	14	44	44	54	
55	25	17	29	5	49	32	17	46	7	43	29	43	35	45	48	39	3	44	34	29	28	14	39	45	24	38	19	9	24	31	39	43	36	15	36	28	49	47	1	34	35	23	34	29	11	51	42	48	21	19	39	43	46	25	32	45	37	9	41	47	36	22	15	45	19	44	19	16	18	50	38	12	50	19	30	10	49	26	21	33	31	20	31	25	49	43	0	13	37	26	25	24	24	27	38	3	9	28	50	9	45	49	6	43	12	1	9	13	12	21	24	32	31	38	58	36	44	58	38	49	13	38	15	52	21	30	25	41	59	26	43	20	41	6	41	49	18	47	25	28	40	22	11	20	48	20	33	4	28	27	
57	26	7	35	18	36	36	12	33	6	35	16	32	23	34	45	25	12	31	26	32	19	8	27	33	12	43	15	13	12	18	31	42	24	15	42	26	36	39	14	26	27	36	31	16	5	51	31	40	28	25	26	32	48	16	29	32	31	15	35	34	31	12	24	33	12	38	16	11	5	52	38	25	42	30	30	20	47	13	17	19	26	27	28	19	40	29	13	0	36	12	39	17	19	20	28	10	11	29	48	23	35	37	19	35	19	13	22	27	24	23	12	21	18	29	45	25	38	45	25	41	25	28	6	39	33	22	21	37	46	26	35	33	29	6	31	51	25	38	13	29	28	11	3	32	41	8	21	15	27	31	
21	12	30	21	39	53	14	49	47	34	22	46	30	33	36	11	51	40	46	20	11	25	28	59	41	32	16	52	45	45	34	22	5	53	23	18	10	46	24	38	61	63	46	5	39	40	14	64	25	58	57	41	64	13	25	66	53	15	28	13	52	11	28	52	65	24	17	20	48	36	17	3	47	26	56	8	31	11	42	20	46	11	57	65	19	26	50	37	36	0	41	53	53	17	19	62	38	29	10	12	41	68	43	42	71	50	38	45	44	49	17	34	56	40	64	53	29	17	51	50	24	48	25	30	51	38	58	58	8	53	62	71	48	36	36	31	15	24	73	33	10	60	29	34	55	77	44	51	34	63	15	
63	34	13	46	31	23	45	17	22	18	32	4	27	16	26	48	13	24	19	25	40	18	17	17	23	9	51	20	23	6	11	28	47	12	24	51	32	26	36	27	20	22	49	36	6	15	55	22	36	38	34	15	23	55	16	30	19	31	27	36	21	33	13	35	23	17	37	23	17	8	58	44	37	38	41	37	32	50	1	22	7	30	37	30	22	36	17	26	12	41	0	51	17	24	22	21	23	23	36	52	35	27	27	31	30	29	26	34	39	35	32	7	15	6	23	35	20	37	34	12	38	37	25	15	27	45	18	23	39	35	30	30	46	21	19	25	57	37	31	8	36	18	12	15	44	36	8	9	27	31	41	
65	42	42	35	20	75	42	38	72	33	66	54	67	60	70	64	64	27	70	57	42	53	39	62	71	50	46	38	29	48	56	62	57	60	36	43	46	75	69	24	55	55	8	52	55	35	64	63	71	23	27	65	65	57	50	47	71	59	30	61	73	56	47	20	67	43	65	41	38	44	60	52	13	73	15	45	24	63	52	43	58	51	23	45	48	71	68	25	39	53	51	0	44	46	50	59	28	32	43	64	16	66	75	19	62	25	25	17	12	17	37	50	54	57	58	84	61	65	83	63	71	14	62	40	78	16	50	43	59	85	38	62	5	67	32	66	60	29	66	51	43	62	47	37	11	65	44	57	25	40	38	
74	43	23	51	28	36	53	7	37	20	48	15	44	33	43	62	24	20	34	40	49	33	25	17	40	24	59	6	16	11	28	44	59	18	31	58	43	41	52	24	11	11	45	48	23	14	68	19	53	25	20	32	20	65	30	13	31	46	30	51	34	47	26	25	22	29	53	33	7	17	69	55	31	55	31	47	33	64	17	33	20	43	24	13	35	53	30	24	17	53	17	44	0	36	36	15	21	27	46	65	32	22	43	27	19	19	23	28	35	27	40	23	9	23	14	50	37	53	50	23	54	30	41	23	42	44	6	6	53	50	14	19	40	38	19	42	68	41	23	24	46	18	25	19	34	25	10	16	27	14	48	
38	11	13	25	27	40	22	32	34	19	19	28	22	20	26	26	34	26	33	11	17	10	11	41	30	15	27	35	30	28	19	16	23	36	9	28	8	34	23	25	43	45	40	12	22	24	32	47	25	45	43	27	47	30	9	49	38	13	16	17	38	12	10	39	48	7	20	5	31	19	34	19	36	26	44	13	21	27	25	3	29	7	44	48	3	25	35	24	19	17	24	46	36	0	4	45	24	15	12	29	30	51	32	30	53	36	25	33	34	36	11	17	38	24	46	43	18	20	41	33	25	36	16	13	39	33	40	41	17	43	45	53	40	25	21	21	32	20	55	16	12	43	12	17	44	60	26	34	22	47	19	
40	15	13	29	30	36	26	32	30	21	16	26	17	16	22	26	31	28	29	7	21	6	13	39	25	13	31	36	32	27	15	12	24	34	13	32	11	30	20	28	42	44	44	13	19	25	33	45	21	47	45	23	45	33	6	49	34	11	20	15	34	11	9	41	45	8	18	9	32	18	36	21	39	23	47	16	25	28	23	6	26	7	46	48	1	21	31	27	20	19	22	50	36	4	0	43	26	18	16	29	34	49	28	33	52	38	28	36	38	39	16	14	37	21	45	38	13	18	37	30	21	39	12	14	35	38	39	41	17	39	46	52	44	20	23	17	34	24	54	14	16	41	10	19	47	59	25	32	25	48	23	
84	54	33	64	43	29	65	22	33	33	52	17	45	34	43	69	19	35	31	46	60	39	36	7	38	30	71	21	31	17	30	49	68	12	43	70	53	38	55	39	4	5	60	57	25	27	77	4	56	39	34	30	5	76	37	18	24	53	43	57	28	54	34	40	8	38	58	43	22	26	79	65	46	58	45	57	47	72	20	43	19	51	38	19	43	56	25	38	28	62	21	59	15	45	43	0	35	39	56	73	47	7	41	42	9	34	38	43	50	42	51	29	6	24	3	44	39	58	45	19	58	45	45	34	36	59	9	17	60	45	25	9	55	38	33	43	77	54	10	29	56	6	33	31	49	16	20	13	41	24	60	
57	26	15	31	8	47	34	14	44	5	42	26	41	33	43	48	36	2	42	33	31	27	13	36	43	22	40	16	7	21	29	38	44	33	15	38	28	47	46	4	32	32	25	34	27	8	52	39	47	21	19	36	40	48	24	30	42	37	10	41	44	36	20	15	42	18	44	19	13	15	51	39	14	49	21	31	12	49	24	21	30	31	20	29	25	48	40	3	10	38	23	28	21	24	26	35	0	9	29	50	12	42	47	8	40	12	3	11	16	13	22	22	29	28	35	56	34	44	55	35	48	14	36	13	50	24	27	23	41	57	24	40	22	39	4	40	51	20	44	23	29	37	20	9	22	46	17	30	6	26	29	
48	17	10	24	12	45	26	21	41	6	34	27	35	28	38	39	36	11	39	25	22	20	7	38	39	18	32	24	16	23	25	30	35	35	6	31	19	43	38	10	37	38	28	25	25	12	43	43	39	30	28	33	43	39	17	38	41	28	4	32	43	27	15	24	45	11	35	10	20	15	43	30	21	41	28	21	9	40	24	12	30	22	29	37	17	40	39	9	11	29	23	32	27	15	18	39	9	0	20	41	16	46	42	14	46	21	10	18	20	21	13	19	33	26	40	52	29	35	51	35	40	21	29	8	46	23	32	30	32	53	33	46	26	34	7	34	42	14	49	19	20	40	15	8	29	52	19	32	7	34	21	
28	2	23	14	29	52	10	40	46	26	26	40	31	32	37	21	47	31	45	20	5	22	20	53	41	27	15	43	36	39	31	24	15	48	14	16	5	46	29	28	54	55	36	8	34	32	23	58	30	49	48	39	59	19	21	58	50	18	18	19	50	14	22	42	59	18	23	12	40	30	23	10	37	31	46	2	21	21	37	13	41	10	48	56	15	31	47	28	29	10	36	43	46	12	16	56	29	20	0	22	31	62	43	32	64	40	29	35	34	39	7	29	50	36	57	54	29	23	52	46	29	38	25	22	51	29	50	50	16	54	53	64	39	36	27	32	22	14	67	28	0	55	24	26	45	70	36	46	24	55	8	
14	24	42	30	51	60	23	61	53	47	26	56	35	41	41	5	60	52	53	28	22	34	40	69	47	43	21	64	57	57	44	27	7	63	35	24	22	51	26	50	72	74	57	17	48	52	5	74	27	71	70	48	74	12	36	78	61	21	40	17	59	19	39	64	75	36	19	32	60	48	12	12	59	27	68	20	43	1	53	31	55	22	70	77	30	28	58	50	48	12	52	64	65	29	29	73	50	41	22	0	53	79	48	54	82	62	51	57	56	61	29	44	67	50	75	57	37	19	54	59	25	60	31	42	57	49	69	70	13	56	74	82	60	42	49	36	10	36	84	43	22	70	40	46	67	89	55	61	46	76	26	
56	29	26	26	4	59	32	25	56	17	50	38	51	44	54	52	49	12	54	41	31	37	23	48	55	34	37	26	16	33	40	47	46	46	21	35	32	59	54	8	43	43	13	38	39	20	53	51	55	20	21	48	52	47	34	38	55	44	14	47	57	41	31	13	54	27	50	25	25	28	50	41	6	57	15	33	10	52	36	28	43	36	19	36	33	56	53	9	23	41	35	16	32	30	34	47	12	16	31	53	0	54	58	5	51	15	9	5	4	9	24	34	41	41	46	68	45	50	67	48	55	7	46	24	62	13	38	32	45	69	30	51	10	50	16	50	50	17	54	35	31	49	31	21	14	55	29	43	9	32	27	
90	61	39	71	50	30	71	29	34	40	57	22	49	39	46	75	21	42	32	51	67	44	42	10	40	36	77	28	38	23	35	53	74	15	50	77	59	39	60	46	11	11	67	63	30	34	82	4	60	45	40	34	4	82	43	23	25	58	50	62	29	60	40	46	6	44	63	50	29	33	85	71	53	62	52	64	54	77	26	49	23	57	44	24	49	59	26	45	35	68	27	66	22	51	49	7	42	46	62	79	54	0	43	49	8	41	45	50	57	49	58	34	13	29	8	45	44	63	46	21	62	52	49	40	37	66	16	23	65	46	30	8	62	41	40	47	84	61	7	35	62	8	39	38	56	14	26	17	49	29	67	
61	43	32	57	54	15	53	45	8	41	21	27	13	14	7	43	22	48	10	23	48	23	35	34	3	24	58	47	49	32	18	21	46	29	40	59	38	4	22	50	43	45	70	38	21	41	52	39	21	65	61	11	38	56	25	55	18	28	46	30	14	32	27	61	37	31	28	36	44	32	58	46	62	23	67	43	51	46	26	34	23	33	64	56	29	21	16	49	37	43	27	75	43	32	28	41	47	42	43	48	58	43	0	55	50	56	50	58	63	61	44	24	38	20	44	10	14	28	8	22	24	62	18	34	9	65	43	49	35	10	57	50	69	8	43	12	56	52	50	24	43	35	27	38	69	56	35	29	49	58	51	
58	30	23	30	3	55	34	20	52	14	49	34	49	41	52	53	44	7	50	40	33	34	21	43	52	31	40	21	11	29	37	45	47	41	20	38	33	55	53	5	38	38	18	39	35	16	55	46	54	17	17	45	47	49	31	33	51	43	14	46	53	41	28	10	49	25	50	24	20	24	53	42	6	56	14	34	11	53	32	27	38	36	16	31	31	55	49	6	19	42	31	19	27	30	33	42	8	14	32	54	5	49	55	0	46	10	5	3	8	7	25	31	36	37	41	65	43	50	64	43	55	6	44	21	58	18	33	27	46	65	25	46	14	48	12	48	52	20	49	31	32	44	28	17	14	50	25	38	8	28	30	
92	62	41	71	47	38	72	26	42	40	62	26	55	44	52	78	28	40	40	55	68	48	44	16	47	39	78	24	35	25	40	58	77	21	50	77	61	47	65	44	9	8	63	65	34	34	85	11	65	39	35	40	12	84	46	15	33	62	50	66	37	63	43	42	14	46	67	51	26	34	87	73	49	67	47	65	53	81	29	51	28	60	39	17	52	65	34	43	35	71	30	62	19	53	52	9	40	46	64	82	51	8	50	46	0	37	43	46	53	45	59	38	15	34	7	53	49	67	54	28	67	48	54	41	45	64	13	19	69	54	24	0	58	47	39	53	86	60	4	38	64	15	41	38	51	6	27	22	47	22	67	
68	38	25	40	13	53	44	13	51	17	53	31	52	42	53	60	41	10	49	44	42	38	25	37	52	32	50	13	6	25	38	50	56	36	27	48	40	55	58	12	30	30	26	46	35	14	64	38	59	9	7	45	40	59	35	23	48	49	22	53	50	48	31	5	42	30	56	31	13	24	63	51	12	61	12	42	21	61	30	33	36	43	8	21	37	59	46	12	19	50	29	25	19	36	38	34	12	21	40	62	15	41	56	10	37	0	11	9	16	8	33	31	29	36	33	64	45	56	64	40	59	11	47	24	57	28	25	18	53	65	15	37	21	49	15	50	62	30	41	32	40	37	30	19	15	41	21	34	16	17	39	
56	26	17	29	5	50	33	16	47	8	44	29	43	36	46	49	39	3	45	35	30	29	15	39	46	25	39	18	8	24	31	40	44	36	16	37	29	50	48	1	34	35	22	35	30	11	52	42	49	20	18	39	43	47	26	32	46	38	10	42	47	37	23	14	45	20	45	20	16	18	51	39	12	51	18	31	10	50	27	22	33	32	19	30	26	49	43	1	13	38	26	25	23	25	28	38	3	10	29	51	9	45	50	5	43	11	0	8	13	11	22	25	32	31	37	59	37	45	58	38	50	12	38	15	53	21	29	25	42	60	25	43	19	42	7	42	50	19	46	26	29	40	22	12	19	48	20	33	5	27	28	
61	33	26	32	6	57	37	21	55	17	52	36	52	44	55	56	46	10	53	43	35	38	24	44	55	33	42	22	12	31	40	48	50	43	23	40	36	58	56	8	39	39	17	42	38	18	58	47	57	14	15	48	48	52	34	33	53	46	17	50	55	44	31	8	50	29	53	27	21	27	55	45	3	59	11	37	14	56	34	30	41	39	13	31	35	58	51	9	22	45	34	17	28	33	36	43	11	18	35	57	5	50	58	3	46	9	8	0	7	4	28	33	37	40	42	67	46	53	67	46	58	3	47	24	61	18	34	27	49	68	25	46	12	51	15	51	55	22	50	34	35	45	31	20	11	50	27	40	11	27	32	
58	32	30	28	8	63	34	28	60	21	54	42	55	48	58	55	52	15	58	45	34	41	27	51	59	38	39	29	19	37	44	51	49	49	25	37	36	63	58	12	46	46	10	41	43	24	56	54	59	19	21	53	55	49	38	40	59	47	18	50	61	45	35	13	57	32	54	29	28	32	53	44	5	61	13	36	13	55	40	32	47	40	19	38	37	60	57	13	27	44	39	12	35	34	38	50	16	20	34	56	4	57	63	8	53	16	13	7	0	9	27	38	44	45	49	72	49	54	71	52	59	6	50	28	66	12	41	34	49	73	31	53	6	55	20	54	52	20	57	39	34	52	35	25	11	57	33	46	13	34	30	
65	37	29	36	10	59	41	20	57	19	55	37	55	47	57	60	48	12	55	46	40	41	27	44	57	36	47	21	12	32	42	52	54	43	27	44	40	60	60	11	38	38	18	46	40	19	62	46	61	10	12	50	47	56	38	31	54	50	21	53	57	48	34	4	50	32	57	31	21	29	60	49	4	63	7	41	18	60	36	33	42	43	10	29	38	61	53	12	24	49	35	17	27	36	39	42	13	21	39	61	9	49	61	7	45	8	11	4	9	0	32	36	37	41	41	70	48	57	69	47	61	3	50	27	63	21	33	26	53	70	22	45	13	53	18	54	59	26	49	37	39	45	34	23	8	48	28	41	15	24	36	
34	5	19	14	22	51	13	34	45	19	29	37	33	31	38	28	44	24	44	22	9	21	15	49	41	25	19	37	29	34	30	27	22	45	8	18	8	46	33	21	49	50	30	14	32	26	30	54	34	41	41	38	55	26	20	51	49	22	11	24	49	18	20	35	56	15	28	9	33	25	29	17	30	36	39	9	14	28	33	11	38	14	41	50	14	35	46	21	23	17	32	37	40	11	16	51	22	13	7	29	24	58	44	25	59	33	22	28	27	32	0	26	45	34	52	55	29	28	53	43	34	31	27	17	50	23	45	43	22	55	46	59	32	36	21	33	28	9	62	26	7	51	21	20	38	65	31	42	17	48	8	
55	27	8	40	30	25	38	22	21	17	25	12	21	11	21	40	18	24	20	17	33	10	12	25	21	1	44	25	25	13	6	21	39	19	19	44	25	24	29	26	28	30	47	28	6	17	48	30	30	40	37	14	30	47	8	36	23	24	23	28	23	25	6	36	31	11	30	17	21	7	51	36	37	32	43	29	28	43	8	15	12	22	39	36	15	30	20	24	12	34	7	50	23	17	14	29	22	19	29	44	34	34	24	31	38	31	25	33	38	36	26	0	23	8	30	34	14	30	33	17	31	37	18	10	27	42	26	29	31	34	36	38	45	17	18	19	49	32	39	1	29	26	5	13	44	44	13	17	25	37	34	
77	48	26	57	37	28	58	16	30	27	47	11	41	30	39	63	16	29	28	40	54	33	29	8	35	24	64	16	25	10	25	43	62	9	36	64	46	35	50	33	5	7	54	50	20	21	70	10	51	34	30	27	11	69	31	18	23	47	37	51	26	48	28	35	13	31	52	37	16	20	73	58	40	53	41	51	41	66	14	36	15	45	34	18	37	51	23	32	21	56	15	54	9	38	37	6	29	33	50	67	41	13	38	36	15	29	32	37	44	37	45	23	0	19	7	43	34	52	43	16	53	39	39	27	34	53	5	14	54	43	22	15	49	34	26	39	71	47	17	23	50	8	26	25	44	21	13	9	35	22	53	
62	35	16	48	36	18	46	24	15	23	28	8	21	10	20	45	10	30	13	21	41	15	20	19	17	9	52	26	29	12	6	24	46	13	27	52	32	19	31	32	25	26	54	34	2	21	54	25	31	44	40	8	24	54	15	36	15	29	30	33	16	31	14	41	24	19	33	25	23	13	57	43	43	33	48	37	36	48	6	23	5	29	43	36	21	31	12	31	18	40	6	57	23	24	21	24	28	26	36	50	41	29	20	37	34	36	31	40	45	41	34	8	19	0	26	28	15	33	28	9	33	43	20	18	21	50	24	29	36	29	37	34	51	15	24	19	56	40	34	8	36	20	13	20	50	40	14	11	32	37	42	
85	55	34	64	42	32	65	21	36	34	55	19	48	37	45	71	22	34	34	48	61	41	37	10	41	32	72	20	30	18	33	51	70	15	44	71	54	41	58	38	3	3	59	58	27	27	78	7	58	37	32	33	8	77	39	15	27	54	43	59	31	56	36	38	11	39	60	44	21	27	80	66	45	60	44	58	47	73	22	44	21	53	36	17	45	58	28	38	29	64	23	58	14	46	45	3	35	40	57	75	46	8	44	41	7	33	37	42	49	41	52	30	7	26	0	47	42	60	48	22	60	44	47	35	39	58	8	15	62	48	22	7	54	41	33	46	79	54	9	31	57	9	34	32	47	13	20	15	41	21	61	
71	53	42	68	64	15	63	52	13	51	31	34	23	24	17	51	26	58	15	33	59	33	45	37	13	34	68	54	58	39	27	31	56	33	50	69	49	9	30	60	47	49	80	48	29	50	61	42	30	73	69	19	41	66	35	61	20	38	56	40	16	42	37	70	39	42	37	47	51	41	68	56	71	30	76	53	61	55	34	44	29	43	72	61	40	29	19	58	45	53	35	84	50	43	38	44	56	52	54	57	68	45	10	65	53	64	59	67	72	70	55	34	43	28	47	0	25	37	2	26	32	71	28	44	8	75	48	55	45	1	64	53	79	18	52	22	66	63	52	33	54	38	37	47	78	59	43	34	59	64	61	
50	28	19	43	41	24	39	36	17	29	13	23	7	5	9	32	23	36	16	9	34	8	22	34	12	13	44	39	38	26	9	9	34	28	25	45	24	17	16	38	40	42	56	24	14	30	41	39	16	54	51	11	39	43	11	50	24	15	31	19	22	18	14	50	39	17	19	21	35	21	46	32	49	18	55	29	37	35	20	19	20	19	53	50	14	16	21	36	25	29	20	61	37	18	13	39	34	29	29	37	45	44	14	43	49	45	37	46	49	48	29	14	34	15	42	25	0	19	23	22	18	49	5	21	22	51	38	43	23	25	50	49	55	7	30	5	44	38	50	13	29	35	14	25	57	55	27	26	36	51	36	
33	24	31	37	47	41	31	50	34	39	6	41	15	24	21	14	42	46	34	12	27	19	31	53	27	28	33	53	50	43	27	9	19	47	30	35	19	32	7	45	58	59	59	14	32	43	24	58	8	65	63	30	58	29	22	66	42	7	36	4	40	9	26	59	58	26	0	25	49	35	31	20	56	8	64	21	41	18	38	23	39	14	64	65	19	9	39	44	38	17	37	65	53	20	18	58	44	35	23	19	50	63	28	50	67	56	45	53	54	57	28	30	52	33	60	37	19	0	35	41	6	57	13	32	37	51	56	58	8	37	64	67	60	23	41	17	29	37	68	29	23	54	27	37	64	74	42	45	42	65	31	
68	51	41	66	63	16	62	52	13	50	29	34	21	23	15	49	26	57	15	31	57	32	44	38	12	33	66	54	57	39	26	29	54	33	49	67	47	8	28	59	47	49	79	46	29	49	59	43	27	72	68	19	42	64	34	61	21	36	54	38	17	40	36	69	40	40	35	45	51	40	66	54	70	28	75	51	60	53	34	42	29	41	71	61	38	26	20	58	45	51	34	83	50	41	37	45	55	51	52	54	67	46	8	64	54	64	58	67	71	69	53	33	43	28	48	2	23	35	0	26	30	70	26	43	9	74	49	56	43	2	64	54	78	17	51	20	64	61	53	32	52	39	36	46	77	60	42	34	58	64	60	
71	44	25	57	43	12	55	27	14	31	35	9	27	17	24	54	1	36	12	30	50	25	29	12	19	18	61	29	34	15	15	32	55	7	36	61	41	19	38	39	21	23	61	44	11	27	63	18	38	48	43	12	17	63	24	34	7	37	39	41	10	40	23	46	16	28	41	34	26	20	67	52	49	40	52	46	44	57	11	32	5	38	47	35	31	38	6	38	25	50	12	63	23	33	30	19	35	35	46	59	48	21	22	43	28	40	38	46	52	47	43	17	16	9	22	26	22	41	26	0	40	49	28	27	18	58	22	29	45	27	38	28	58	19	31	25	65	49	28	17	46	13	22	27	55	34	18	7	40	38	51	
39	30	34	44	52	38	37	53	31	42	6	41	12	23	17	20	41	50	31	15	33	22	34	52	24	30	40	56	53	44	27	10	25	46	34	42	25	28	2	50	58	60	64	21	32	46	30	58	2	69	66	28	57	35	25	68	40	12	41	10	37	15	29	63	57	29	6	30	52	38	37	26	61	2	68	28	46	24	38	27	38	20	68	67	23	3	37	49	41	24	38	71	54	25	21	58	48	40	29	25	55	62	24	55	67	59	50	58	59	61	34	31	53	33	60	32	18	6	30	40	0	61	13	35	33	57	57	60	15	32	67	67	65	21	44	15	35	43	68	30	29	53	30	40	69	74	44	45	47	68	37	
63	36	30	34	9	61	39	23	58	20	56	39	56	48	58	59	50	13	56	47	38	41	27	47	58	37	44	24	14	34	43	52	53	46	26	42	39	62	60	11	41	41	15	45	41	21	60	49	61	13	15	51	50	54	38	34	56	50	20	53	59	48	35	7	52	32	57	31	23	30	58	48	1	63	8	40	17	59	38	33	44	42	12	32	38	61	54	13	25	48	37	14	30	36	39	45	14	21	38	60	7	52	62	6	48	11	12	3	6	3	31	37	39	43	44	71	49	57	70	49	61	0	51	28	64	18	36	29	52	72	25	48	10	54	19	54	57	24	52	38	38	48	35	24	7	51	30	43	14	27	34	
44	25	21	40	42	29	35	40	22	31	7	28	5	10	11	26	29	38	21	5	30	9	23	39	16	17	40	43	41	30	14	4	29	33	25	41	20	21	11	39	45	47	56	20	19	33	36	45	12	57	54	17	45	38	12	54	29	10	32	13	27	14	16	52	44	18	13	21	39	25	41	28	50	14	57	25	37	30	25	18	26	15	56	54	13	12	26	38	28	25	25	62	41	16	12	45	36	29	25	31	46	49	18	44	54	47	38	47	50	50	27	18	39	20	47	28	5	13	26	28	13	51	0	23	26	50	43	47	18	28	54	54	56	11	32	6	39	36	55	17	25	41	17	28	58	61	31	32	36	55	33	
50	20	2	31	19	36	30	19	32	7	29	19	28	20	30	39	28	15	30	20	26	13	2	31	31	10	37	22	18	17	16	25	36	27	9	36	20	35	33	16	32	33	36	25	16	11	44	36	34	33	31	25	37	42	10	36	33	25	12	29	34	24	7	28	38	6	32	9	18	7	45	32	27	36	34	24	18	40	16	10	22	20	32	35	13	34	30	15	6	30	15	40	23	13	14	34	13	8	22	42	24	40	34	21	41	24	15	24	28	27	17	10	27	18	35	44	21	32	43	27	35	28	23	0	38	31	28	28	30	45	32	41	34	26	9	26	44	22	44	11	22	33	7	5	35	48	14	24	15	34	26	
70	50	36	64	57	7	61	45	5	44	31	26	22	19	16	52	18	51	7	31	56	29	39	29	10	28	66	46	50	32	21	29	55	25	45	67	46	5	31	53	39	41	74	46	22	43	61	34	31	65	61	13	33	65	31	52	12	36	50	39	8	40	32	62	31	37	37	42	44	34	67	54	64	32	69	51	56	55	26	40	21	41	64	53	36	30	11	52	39	51	27	78	42	39	35	36	50	46	51	57	62	37	9	58	45	57	53	61	66	63	50	27	34	21	39	8	22	37	9	18	33	64	26	38	0	70	40	47	44	9	56	45	72	15	45	20	65	58	44	27	51	30	31	41	71	51	35	26	53	56	58	
49	27	34	19	16	68	26	37	64	27	53	49	56	51	60	49	59	24	62	45	27	42	30	60	62	42	30	39	28	45	48	50	42	57	25	27	32	66	56	20	55	56	8	37	48	32	48	63	58	31	33	56	64	41	39	51	65	45	19	47	66	42	38	25	66	33	51	29	37	37	44	37	17	59	25	30	13	48	46	32	53	37	31	49	36	58	62	21	33	38	45	16	44	33	38	59	24	23	29	49	13	66	65	18	64	28	21	18	12	21	23	42	53	50	58	75	51	51	74	58	57	18	50	31	70	0	50	45	45	76	43	64	12	57	27	55	44	14	67	43	29	61	38	30	21	68	41	54	18	45	22	
79	48	27	57	34	34	58	13	36	26	51	16	45	34	44	66	22	26	33	43	54	36	30	13	40	27	65	12	22	13	29	47	64	15	37	64	48	41	54	30	5	5	51	52	24	20	72	13	55	29	25	32	14	70	34	12	29	50	36	54	32	51	30	30	17	33	56	38	13	21	74	60	37	57	36	52	39	68	18	38	20	47	29	13	39	55	28	30	22	58	18	50	6	40	39	9	27	32	50	69	38	16	43	33	13	25	29	34	41	33	45	26	5	24	8	48	38	56	49	22	57	36	43	28	40	50	0	8	56	49	16	13	46	39	25	43	72	46	17	26	50	13	29	25	40	19	14	14	33	16	53	
78	47	28	54	29	42	56	9	43	24	54	21	50	39	49	67	30	21	40	46	53	38	30	22	46	30	62	6	16	17	34	50	64	23	35	61	48	47	58	25	13	12	44	53	29	17	72	21	59	21	17	38	23	69	36	8	36	52	33	56	40	52	32	23	25	34	58	37	10	22	73	59	30	61	28	51	35	68	23	38	26	48	21	7	40	59	36	25	21	58	23	43	6	41	41	17	23	30	50	70	32	23	49	27	19	18	25	27	34	26	43	29	14	29	15	55	43	58	56	29	60	29	47	28	47	45	8	0	58	56	8	19	39	44	22	48	72	43	23	30	50	22	31	23	32	23	16	21	29	8	51	
26	17	30	29	43	47	22	49	40	36	14	43	22	28	28	9	46	43	40	15	19	21	28	55	34	30	25	52	47	44	30	14	11	50	26	27	13	39	15	42	59	61	52	7	35	41	17	61	16	62	60	35	61	21	23	66	47	8	32	5	46	5	26	56	61	24	8	22	48	35	23	11	51	17	60	14	35	12	39	20	42	10	61	65	17	17	44	41	37	8	39	59	53	17	17	60	41	32	16	13	45	65	35	46	69	53	42	49	49	53	22	31	54	36	62	45	23	8	43	45	15	52	18	30	44	45	56	58	0	45	63	69	54	29	38	23	21	30	71	30	16	57	27	35	59	76	42	48	38	64	23	
70	53	42	68	64	16	64	53	13	51	31	35	23	24	17	51	27	58	16	33	59	34	46	38	13	34	68	55	58	40	28	31	56	34	51	69	49	9	30	60	48	50	81	48	30	50	61	43	29	73	69	20	42	66	36	61	21	38	56	40	17	42	38	70	40	42	37	47	52	41	68	56	72	30	77	53	62	55	35	44	30	43	73	62	40	28	20	59	46	53	35	85	50	43	39	45	57	53	54	56	69	46	10	65	54	65	60	68	73	70	55	34	43	29	48	1	25	37	2	27	32	72	28	45	9	76	49	56	45	0	65	54	79	18	53	22	66	63	53	34	54	39	38	48	79	60	43	35	60	65	62	
81	51	33	55	28	50	58	14	51	27	61	30	57	46	57	71	38	22	49	52	55	45	34	30	54	37	64	11	17	25	41	57	68	32	38	63	52	56	65	26	20	19	41	57	36	21	76	29	66	15	11	46	31	72	42	9	45	57	35	62	48	57	38	18	33	39	64	41	15	29	76	63	26	68	23	55	36	73	31	43	34	53	15	7	46	66	44	26	26	62	30	38	14	45	46	25	24	33	53	74	30	30	57	25	24	15	25	25	31	22	46	36	22	37	22	64	50	64	64	38	67	25	54	32	56	43	16	8	63	65	0	24	35	52	25	55	75	44	28	37	53	30	37	28	27	27	23	30	30	2	53	
92	62	41	71	47	38	72	26	42	40	62	26	55	44	52	78	28	40	40	55	68	48	44	16	47	39	78	24	35	25	40	58	77	21	50	77	61	47	65	44	9	8	63	65	34	34	85	11	65	39	35	40	12	84	46	15	33	62	50	66	37	63	43	42	14	46	67	51	26	34	87	73	49	67	47	65	53	81	29	51	28	60	39	17	52	65	34	43	35	71	30	62	19	53	52	9	40	46	64	82	51	8	50	46	0	37	43	46	53	45	59	38	15	34	7	53	49	67	54	28	67	48	54	41	45	64	13	19	69	54	24	0	58	47	39	53	86	60	4	38	64	15	41	38	51	6	27	22	47	22	67	
61	37	36	31	15	69	38	33	66	28	60	48	61	55	65	60	59	21	64	51	38	47	33	57	65	44	42	34	24	43	51	57	53	55	31	39	41	69	64	18	51	51	6	47	49	30	60	59	65	21	24	59	60	53	44	43	65	53	24	56	67	51	41	16	62	38	60	35	33	38	56	48	9	67	13	41	19	59	46	38	53	46	21	41	43	66	63	20	33	48	46	5	40	40	44	55	22	26	39	60	10	62	69	14	58	21	19	12	6	13	32	45	49	51	54	79	55	60	78	58	65	10	56	34	72	12	46	39	54	79	35	58	0	61	26	60	56	24	62	45	39	58	41	31	9	61	39	52	19	37	34	
56	35	24	50	46	17	46	38	10	34	17	23	8	6	5	38	20	41	10	16	41	15	27	31	5	17	51	41	42	27	11	15	40	26	32	52	31	10	19	43	39	41	62	31	15	34	47	37	19	58	54	7	37	50	17	51	19	21	38	25	16	25	19	54	36	23	23	28	37	25	52	39	54	20	60	36	43	41	21	26	19	26	57	51	21	18	16	41	29	36	21	67	38	25	20	38	39	34	36	42	50	41	8	48	47	49	42	51	55	53	36	17	34	15	41	18	7	23	17	19	21	54	11	26	15	57	39	44	29	18	52	47	61	0	35	6	50	44	48	16	36	33	19	30	62	54	29	25	41	52	43	
56	25	11	31	12	42	33	13	40	2	38	22	37	29	39	46	32	5	38	29	30	23	10	33	39	18	40	16	9	18	24	34	42	30	13	39	26	43	42	8	30	30	29	32	23	5	50	36	44	24	22	32	37	47	20	30	39	34	10	38	40	33	16	19	39	15	41	16	12	11	51	38	19	46	25	29	14	47	20	18	26	28	23	29	22	44	36	6	6	36	19	32	19	21	23	33	4	7	27	49	16	40	43	12	39	15	7	15	20	18	21	18	26	24	33	52	30	41	51	31	44	19	32	9	45	27	25	22	38	53	25	39	26	35	0	36	49	21	42	19	27	34	16	5	26	44	14	27	9	27	29	
50	31	25	46	46	24	41	41	17	34	10	27	2	9	5	31	26	42	17	11	36	13	27	37	10	18	46	44	44	31	14	9	34	31	30	47	26	15	12	43	44	46	61	26	19	36	41	43	13	59	56	13	42	44	16	55	25	16	36	18	23	20	19	55	42	22	17	26	40	26	47	34	54	14	61	31	42	35	25	23	24	21	58	55	18	12	22	41	31	31	25	66	42	21	17	43	40	34	32	36	50	47	12	48	53	50	42	51	54	54	33	19	39	19	46	22	5	17	20	25	15	54	6	26	20	55	43	48	23	22	55	53	60	6	36	0	45	42	53	18	32	38	20	31	62	59	32	30	41	56	39	
6	24	45	25	49	68	18	63	61	48	35	61	43	48	49	15	66	52	61	35	19	40	42	74	55	48	14	66	58	60	50	35	10	69	36	17	24	60	36	50	76	77	52	21	54	54	6	79	37	69	69	56	80	3	41	80	68	29	40	26	67	25	43	63	80	39	29	34	62	51	2	12	56	37	65	20	41	11	57	34	61	26	68	79	34	38	65	49	51	15	57	60	68	32	34	77	51	42	22	10	50	84	56	52	86	62	50	55	52	59	28	49	71	56	79	66	44	29	64	65	35	57	39	44	65	44	72	72	21	66	75	86	56	50	49	45	0	32	88	48	22	75	44	48	63	92	58	66	45	77	22	
38	13	24	10	17	57	14	34	52	20	38	41	42	39	47	35	50	21	51	31	14	29	20	53	49	31	20	37	27	38	36	36	29	49	13	18	18	54	42	18	51	52	21	23	38	26	36	57	43	37	37	45	58	30	27	51	55	31	10	33	55	28	26	30	59	21	37	16	34	29	33	24	23	45	32	16	8	35	38	18	44	23	36	49	23	44	52	18	25	24	37	29	41	20	24	54	20	14	14	36	17	61	52	20	60	30	19	22	20	26	9	32	47	40	54	63	38	37	61	49	43	24	36	22	58	14	46	43	30	63	44	60	24	44	21	42	32	0	63	32	14	54	27	22	31	66	34	46	14	46	10	
94	65	43	74	51	37	75	30	41	43	63	27	55	45	52	80	28	43	39	56	71	49	46	16	47	41	81	28	38	27	41	59	79	21	53	80	63	46	66	47	12	11	67	67	36	37	87	10	66	43	39	40	11	86	48	19	32	63	53	68	36	65	45	46	13	48	68	54	30	37	90	75	53	68	51	68	56	82	31	53	29	62	43	21	54	66	33	47	38	73	31	66	23	55	54	10	44	49	67	84	54	7	50	49	4	41	46	50	57	49	62	39	17	34	9	52	50	68	53	28	68	52	55	44	44	67	17	23	71	53	28	4	62	48	42	53	88	63	0	40	67	14	43	41	55	7	30	23	50	26	70	
55	27	8	40	30	25	38	23	21	17	24	12	20	10	21	39	18	24	19	16	33	9	12	25	20	1	44	26	25	13	5	20	39	20	19	44	24	24	28	26	29	30	47	27	6	17	47	31	29	41	38	13	31	47	7	37	23	23	23	27	23	24	6	37	31	11	29	17	22	8	50	36	38	31	43	29	29	42	9	15	13	22	40	37	14	29	20	25	13	33	8	51	24	16	14	29	23	19	28	43	35	35	24	31	38	32	26	34	39	37	26	1	23	8	31	33	13	29	32	17	30	38	17	11	27	43	26	30	30	34	37	38	45	16	19	18	48	32	40	0	28	27	5	14	45	45	14	17	26	38	34	
28	2	23	14	29	52	10	40	46	26	26	40	31	32	37	21	47	31	45	20	5	22	20	53	41	27	15	43	36	39	31	24	15	48	14	16	5	46	29	28	54	55	36	8	34	32	23	58	30	49	48	39	59	19	21	58	50	18	18	19	50	14	22	42	59	18	23	12	40	30	23	10	37	31	46	2	21	21	37	13	41	10	48	56	15	31	47	28	29	10	36	43	46	12	16	56	29	20	0	22	31	62	43	32	64	40	29	35	34	39	7	29	50	36	57	54	29	23	52	46	29	38	25	22	51	29	50	50	16	54	53	64	39	36	27	32	22	14	67	28	0	55	24	26	45	70	36	46	24	55	8	
82	53	31	64	45	23	63	24	27	34	48	14	41	30	37	66	13	37	25	42	59	36	35	1	32	27	70	24	33	16	27	45	66	7	42	69	51	32	51	41	10	11	62	54	21	29	74	4	51	43	38	25	4	74	34	24	18	49	43	53	22	51	32	43	5	36	54	42	24	25	77	63	49	53	49	56	48	69	18	41	15	49	42	25	41	51	19	40	28	60	18	62	18	43	41	6	37	40	55	70	49	8	35	44	15	37	40	45	52	45	51	26	8	20	9	38	35	54	39	13	53	48	41	33	30	61	13	22	57	39	30	15	58	33	34	38	75	54	14	27	55	0	31	31	53	21	20	9	43	29	59	
51	22	5	35	26	30	33	23	26	14	24	16	21	13	23	36	23	21	24	15	28	8	8	29	24	4	39	26	24	16	9	20	35	24	14	39	20	28	28	23	32	33	43	24	11	16	43	35	29	39	36	18	35	43	5	38	28	21	18	25	28	21	1	35	35	6	27	12	22	8	46	32	34	31	41	25	24	39	13	10	17	18	38	38	10	29	25	22	11	29	12	47	25	12	10	33	20	15	24	40	31	39	27	28	41	30	22	31	35	34	21	5	26	13	34	37	14	27	36	22	30	35	17	7	31	38	29	31	27	38	37	41	41	19	16	20	44	27	43	5	24	31	0	11	42	48	15	21	22	38	29	
54	24	6	32	16	38	33	14	35	3	34	19	32	24	34	43	28	10	33	25	29	18	6	30	34	13	40	17	13	15	19	30	40	27	12	39	24	38	38	12	29	30	34	29	18	6	48	34	39	28	26	27	35	46	15	31	34	30	12	34	36	29	11	24	36	11	37	13	13	7	49	36	24	41	30	27	17	45	16	14	22	25	27	30	18	39	32	11	3	34	15	37	19	17	19	31	9	8	26	46	21	38	38	17	38	19	12	20	25	23	20	13	25	20	32	47	25	37	46	27	40	24	28	5	41	30	25	23	35	48	28	38	31	30	5	31	48	22	41	14	26	31	11	0	31	44	11	24	12	29	28	
69	43	37	39	16	67	45	28	65	28	63	46	63	55	66	66	56	20	63	54	45	49	35	52	65	44	50	28	20	40	51	60	60	51	34	48	46	69	67	19	45	44	16	52	48	28	67	53	69	12	16	58	55	61	46	36	63	57	27	60	65	55	42	9	57	40	64	38	29	37	64	55	8	70	4	47	24	66	44	41	50	50	12	34	46	69	61	20	32	55	44	11	34	44	47	49	22	29	45	67	14	56	69	14	51	15	19	11	11	8	38	44	44	50	47	78	57	64	77	55	69	7	58	35	71	21	40	32	59	79	27	51	9	62	26	62	63	31	55	45	45	53	42	31	0	54	36	49	22	29	41	
99	68	47	76	52	44	78	31	48	46	68	33	62	51	59	85	34	45	46	61	74	54	50	22	54	46	84	29	39	32	46	65	83	28	56	83	67	53	72	49	16	14	67	72	41	39	92	17	72	42	38	46	18	90	53	18	39	68	55	73	43	70	49	45	20	53	74	58	32	41	94	79	53	74	50	72	58	87	36	58	35	66	42	20	59	72	40	48	41	77	36	65	25	60	59	16	46	52	70	89	55	14	56	50	6	41	48	50	57	48	65	44	21	40	13	59	55	74	60	34	74	51	61	48	51	68	19	23	76	60	27	6	61	54	44	59	92	66	7	45	70	21	48	44	54	0	33	29	52	25	73	
65	34	13	44	25	31	44	9	30	14	38	9	34	23	33	51	19	17	27	30	40	22	16	19	31	14	51	12	15	4	18	34	49	16	23	50	33	34	42	21	17	19	43	38	13	9	58	23	43	30	26	23	23	56	20	23	26	36	23	40	29	37	16	27	25	19	42	24	8	7	60	46	30	45	34	38	28	54	8	24	14	33	29	23	25	43	24	20	8	44	8	44	10	26	25	20	17	19	36	55	29	26	35	25	27	21	20	27	33	28	31	13	13	14	20	43	27	42	42	18	44	30	31	14	35	41	14	16	42	43	23	27	39	29	14	32	58	34	30	14	36	20	15	11	36	33	0	13	23	24	40	
72	44	23	55	38	20	55	20	21	27	39	5	32	21	30	57	8	31	19	33	50	26	26	7	26	18	61	21	28	9	18	36	56	3	34	61	42	26	42	34	14	16	56	45	12	22	65	13	43	41	36	18	13	64	25	26	15	40	36	44	18	42	23	39	13	27	45	33	20	17	68	53	44	45	46	47	41	60	8	32	6	39	40	27	32	43	14	33	21	51	9	57	16	34	32	13	30	32	46	61	43	17	29	38	22	34	33	40	46	41	42	17	9	11	15	34	26	45	34	7	45	43	32	24	26	54	14	21	48	35	30	22	52	25	27	30	66	46	23	17	46	9	21	24	49	29	13	0	36	30	50	
51	22	17	24	5	51	28	21	47	9	41	31	42	35	45	45	41	7	45	32	26	27	14	42	46	25	34	23	13	27	31	38	39	39	12	32	25	50	45	4	38	39	21	31	30	14	47	45	47	24	23	39	46	42	24	37	47	35	6	38	48	33	21	18	48	18	42	16	20	19	46	34	13	48	22	26	5	45	28	19	35	28	23	35	24	47	44	4	15	34	27	25	27	22	25	41	6	7	24	46	9	49	49	8	47	16	5	11	13	15	17	25	35	32	41	59	36	42	58	40	47	14	36	15	53	18	33	29	38	60	30	47	19	41	9	41	45	14	50	26	24	43	22	12	22	52	23	36	0	32	23	
83	52	34	57	30	50	60	15	51	29	62	30	58	47	57	73	38	24	49	53	57	46	36	29	54	38	66	12	19	25	42	58	69	31	40	65	53	56	66	28	19	18	43	59	37	23	78	28	67	17	13	46	30	74	43	7	45	59	37	63	48	59	39	20	32	40	65	43	16	30	78	65	29	69	25	56	38	74	31	44	35	54	17	5	47	67	44	28	27	63	31	40	14	47	48	24	26	34	55	76	32	29	58	28	22	17	27	27	34	24	48	37	22	37	21	64	51	65	64	38	68	27	55	34	56	45	16	8	64	65	2	22	37	52	27	56	77	46	26	38	55	29	38	29	29	25	24	30	32	0	55	
28	8	27	6	26	59	5	42	53	27	34	45	39	39	44	26	52	30	52	28	4	29	24	58	48	33	11	45	36	43	38	32	19	53	17	10	13	53	37	27	57	59	30	16	40	34	26	63	38	47	46	46	63	19	28	59	57	26	18	26	57	22	28	40	64	23	31	17	41	34	23	14	33	39	42	9	18	25	42	19	47	18	46	58	22	39	54	27	31	15	41	38	48	19	23	60	29	21	8	26	27	67	51	30	67	39	28	32	30	36	8	34	53	42	61	61	36	31	60	51	37	34	33	26	58	22	53	51	23	62	53	67	34	43	29	39	22	10	70	34	8	59	29	28	41	73	40	50	23	55	0	

