10  150
11	78	94	17	40	29	36	88	64	23	83	67	63	59	92	60	19	5	50	78	29	39	64	38	99	35	13	46	6	12	9	5	93	42	98	54	60	21	42	90	10	7	36	82	28	28	80	15	47	62	70	87	81	93	16	98	68	48	76	38	17	13	89	28	97	38	99	16	57	28	76	88	23	23	93	79	57	83	93	60	19	56	85	86	30	61	13	72	69	65	41	84	89	73	87	21	14	24	53	61	85	8	88	57	6	87	32	57	79	53	63	23	73	88	17	39	9	72	93	64	4	97	98	40	77	41	74	95	36	45	44	60	54	59	8	35	64	7	55	27	80	11	99	97	56	52	15	25	1	93	
73	48	82	48	64	77	95	10	1	28	60	40	85	1	24	23	42	29	8	81	95	21	98	68	92	42	14	29	53	40	47	37	50	63	13	9	86	81	4	12	95	60	83	36	16	87	11	77	74	9	49	95	11	81	23	78	7	82	97	93	38	95	37	52	97	11	11	66	37	56	24	21	61	100	9	53	6	37	83	44	67	11	2	30	92	69	99	33	89	8	60	8	1	17	15	29	65	62	93	91	21	20	24	50	83	20	42	99	52	86	62	85	63	38	86	55	54	60	23	67	61	76	59	29	4	49	81	2	86	51	79	49	67	6	28	53	24	60	91	75	78	84	21	1	80	58	23	30	42	47	
45	56	25	8	54	1	36	48	84	41	67	79	92	97	33	64	13	25	24	24	67	71	38	96	88	35	15	4	37	6	28	36	68	15	59	90	8	61	13	88	30	59	94	12	58	80	8	59	8	2	1	82	84	69	13	5	44	70	44	76	57	24	13	51	49	99	21	77	87	34	81	59	74	11	32	81	7	36	4	71	96	61	51	70	61	41	12	7	23	31	20	37	13	17	26	29	98	4	47	86	61	38	14	65	27	91	23	85	72	90	66	98	14	17	50	89	18	48	73	16	10	81	75	18	39	7	23	26	76	69	49	1	2	81	13	27	52	32	88	86	87	62	64	50	50	28	48	7	80	45	
60	59	47	26	18	15	72	7	90	10	100	71	21	73	84	61	7	80	67	11	26	14	93	60	97	56	48	93	78	56	72	74	69	80	26	12	38	90	54	22	40	67	38	27	31	17	88	67	54	78	41	44	13	62	30	84	93	58	1	50	49	35	26	72	20	39	94	24	100	70	26	45	15	98	13	98	27	15	95	80	40	86	96	87	4	90	44	22	7	16	60	79	47	6	75	61	63	12	49	91	48	47	37	63	83	20	99	83	36	12	89	69	79	89	9	37	34	24	82	57	23	4	25	98	37	100	55	58	78	88	45	79	5	80	36	50	43	65	26	22	62	21	59	95	13	85	8	33	12	56	
97	57	52	12	51	70	63	13	6	70	68	75	87	96	71	93	75	74	19	81	73	95	87	20	95	11	13	88	75	53	28	42	43	87	34	46	47	95	46	3	71	93	70	95	33	92	23	76	10	91	67	31	76	26	72	53	93	57	77	28	47	16	50	4	77	97	36	26	73	15	86	99	95	15	46	85	96	56	20	84	2	49	67	95	23	75	55	28	49	68	31	50	11	83	24	32	60	31	56	91	44	12	60	92	27	14	85	99	40	18	95	38	11	86	31	67	54	45	54	21	64	65	29	16	8	52	72	77	56	23	16	91	27	10	25	39	19	58	8	6	83	49	61	24	3	32	95	57	62	80	
62	73	41	65	56	3	34	66	98	61	31	96	70	97	42	72	13	65	27	8	59	90	98	61	10	95	47	5	27	93	96	63	52	88	88	70	20	3	37	6	81	67	56	66	98	91	63	2	38	57	9	12	16	51	7	4	10	68	15	17	21	14	55	21	77	40	14	78	62	23	16	95	79	47	3	38	8	73	16	46	89	71	26	12	79	5	89	72	9	27	80	67	100	79	92	16	65	64	32	73	49	89	27	95	28	17	50	9	36	58	82	89	34	26	43	40	82	85	74	98	31	22	22	48	13	60	13	57	24	65	59	32	76	38	76	9	43	58	75	64	49	76	93	57	21	8	28	16	82	36	
46	57	81	65	20	41	41	46	79	88	38	11	13	22	65	26	24	83	16	18	61	81	37	75	36	17	73	69	51	53	68	22	42	61	39	39	59	19	90	41	2	97	72	35	18	1	70	23	84	1	19	10	94	29	24	15	49	77	93	26	87	56	54	21	51	67	66	88	27	45	95	65	47	13	67	39	97	19	68	16	22	87	99	14	63	66	57	75	25	84	62	61	12	16	86	27	17	70	100	25	13	73	19	53	34	3	44	86	81	12	69	6	59	10	83	72	59	41	14	47	9	27	39	23	7	20	33	49	36	6	55	26	11	48	54	56	34	76	99	9	1	13	8	11	66	73	77	96	77	94	
100	41	100	36	61	25	54	41	98	13	57	53	28	35	18	6	19	41	73	82	10	4	92	40	48	63	71	27	64	60	16	55	50	81	50	81	43	47	42	45	6	60	83	28	88	59	34	70	62	90	28	11	31	34	92	5	82	12	51	57	5	7	77	46	23	7	63	71	79	34	58	90	15	46	70	90	88	74	60	60	58	100	32	94	93	25	41	9	31	21	39	93	39	42	65	79	11	75	97	59	39	98	96	21	9	43	25	36	55	17	4	80	11	86	68	3	7	73	85	45	42	71	21	4	84	39	86	55	32	55	64	36	73	13	51	76	100	39	11	7	96	96	75	29	54	77	75	50	62	35	
71	95	93	58	34	99	36	35	52	68	30	36	27	34	9	23	23	83	30	37	44	83	95	80	83	96	46	17	43	87	25	38	48	33	86	91	71	30	67	35	77	2	81	19	4	27	54	35	13	61	65	56	90	85	16	6	46	58	75	66	15	8	40	71	72	23	57	98	76	86	31	7	76	30	87	22	65	29	89	21	28	20	4	31	71	73	99	77	81	87	58	1	90	47	31	90	98	19	65	22	46	100	57	87	71	17	77	81	34	93	79	23	74	60	72	12	62	50	63	60	11	41	40	14	16	79	98	18	86	68	99	21	33	45	53	76	85	20	11	43	88	14	62	42	64	70	20	65	90	59	
6	88	59	72	92	10	98	18	21	41	100	4	76	67	41	32	6	38	43	83	76	74	56	29	58	51	12	33	31	71	36	82	3	62	53	21	16	15	92	21	57	12	5	55	42	51	26	16	80	7	75	45	85	54	21	13	62	84	36	20	14	27	32	43	8	44	26	20	40	65	6	84	41	51	71	38	70	77	100	90	17	80	15	31	82	81	19	84	49	42	56	94	7	47	67	8	51	67	10	92	21	15	5	45	88	41	71	60	61	66	25	90	37	19	96	61	38	66	40	97	72	94	97	8	73	58	80	81	43	25	42	51	45	35	3	80	88	31	79	21	46	54	18	91	41	55	59	43	52	36	
1968	3962	4566	5351	6399	461	675	383	4813	559	5348	5938	4830	7411	1880	719	5144	704	946	2897	5559	635	6079	6957	3643	635	350	5961	3393	5639	3847	2585	5402	6642	1947	5444	3908	1647	2588	3490	4934	5527	191	4394	1476	2429	137	3035	1919	6776	645	3262	2927	215	4004	3758	2982	7430	6162	4117	7437	3674	6829	1563	2040	6319	3985	4623	2251	6051	7495	4381	6302	594	5947	4124	4037	2652	3345	3322	3575	1827	181	6928	4321	5544	5705	651	5028	4603	632	455	5250	3305	4165	5156	6912	4480	631	5089	4143	7388	6310	2373	5376	5701	1915	2029	1316	6276	3873	3982	4766	3760	7318	7362	1395	6264	6871	4987	4494	2429	6952	1773	653	2380	4172	5172	1747	5638	2563	6478	5083	6124	6944	5401	2573	6558	3021	7353	4704	3349	3635	1131	4104	3700	5840	2922	942	6219	
0	80	75	33	88	19	47	83	77	66	56	32	23	37	81	13	20	46	2	22	83	30	45	46	66	87	67	51	56	61	49	36	26	11	39	71	51	57	43	61	34	61	68	55	59	50	81	68	47	43	51	60	74	52	50	36	30	68	56	57	84	65	79	57	62	59	46	13	64	86	54	65	20	10	41	75	58	58	62	55	62	43	70	25	51	55	29	68	42	74	41	77	45	24	26	56	95	37	33	22	59	83	88	53	13	29	27	69	87	38	63	71	48	56	82	10	35	59	46	56	68	63	77	41	58	60	65	37	78	21	39	31	87	72	66	45	64	55	91	68	20	39	64	35	56	65	29	92	19	50	61	
80	0	23	57	14	67	50	5	5	28	32	48	63	57	7	66	63	45	77	65	18	58	46	34	23	13	52	31	24	48	37	43	55	69	62	33	31	42	43	44	47	19	13	32	35	38	1	29	39	39	34	31	11	44	42	44	50	13	31	23	20	42	5	57	42	24	49	70	42	11	49	46	60	69	44	13	46	23	17	42	21	39	63	55	58	43	53	13	40	10	39	23	50	56	55	23	17	50	48	58	53	8	10	49	70	51	63	12	7	48	43	36	43	57	14	71	60	29	42	30	43	27	30	56	37	33	48	63	12	62	53	52	13	8	49	37	60	38	18	45	60	48	56	49	27	41	54	12	61	33	52	
75	23	0	45	37	67	59	21	26	9	19	44	65	63	30	62	62	54	72	66	40	47	54	37	39	36	68	38	23	27	44	42	49	65	69	11	38	55	48	23	41	21	25	42	48	47	22	8	28	44	43	44	31	55	52	40	44	17	42	28	42	20	17	70	21	18	58	68	58	33	61	62	57	65	34	9	59	20	22	54	16	44	79	52	68	55	54	27	32	13	35	44	35	51	56	28	39	39	41	56	67	31	32	60	63	51	66	17	24	53	58	54	52	69	37	65	66	15	50	18	21	12	50	64	19	16	26	69	34	54	40	55	36	22	27	30	75	50	41	62	57	36	71	53	20	57	46	31	59	25	67	
33	57	45	0	68	34	49	59	56	36	26	19	35	44	60	23	30	44	31	35	67	3	44	32	52	67	68	39	33	28	40	23	12	25	49	39	38	54	37	28	15	38	47	45	51	43	57	37	18	34	42	50	56	50	46	18	15	44	46	38	68	32	55	62	29	33	47	32	61	66	55	63	23	25	13	48	57	33	40	51	36	34	75	21	57	52	29	49	17	49	21	63	12	18	29	37	74	7	12	25	62	63	67	54	20	26	38	44	63	36	60	64	44	61	64	23	44	30	41	28	35	34	66	47	26	29	32	48	60	12	6	32	67	50	33	21	69	49	72	66	23	9	67	34	30	60	7	69	25	23	62	
88	14	37	68	0	73	51	16	12	42	45	57	69	60	8	75	69	47	85	70	8	69	49	41	23	1	48	36	35	62	41	51	65	77	65	47	37	41	47	58	57	30	21	34	35	41	14	43	51	45	38	31	13	44	43	54	59	25	33	31	9	56	19	55	56	37	51	77	39	3	48	43	67	77	56	27	44	35	28	42	33	45	58	63	57	42	59	20	51	24	49	17	63	64	62	32	7	61	59	65	51	6	5	48	79	58	67	25	15	53	40	31	45	55	6	80	63	43	46	42	57	41	23	58	51	47	62	65	10	72	65	58	1	18	63	47	57	38	4	41	67	60	53	55	39	38	65	11	69	45	50	
19	67	67	34	73	0	28	71	64	60	50	23	4	18	67	13	5	28	17	3	67	31	26	33	50	72	48	36	45	60	32	25	22	12	20	66	36	39	26	59	27	49	54	38	41	33	68	62	42	28	35	43	60	34	32	28	24	56	40	44	68	62	68	38	60	49	27	6	46	72	35	46	11	13	37	65	39	48	50	36	52	28	51	16	32	37	14	54	36	63	32	60	44	17	11	43	80	36	28	11	40	69	74	34	20	16	8	57	74	20	44	53	30	37	67	18	16	53	28	49	66	56	59	22	54	55	64	18	63	23	39	15	72	59	65	37	45	38	75	49	11	37	45	18	47	46	28	78	9	43	41	
47	50	59	49	51	28	0	55	45	55	48	29	24	10	47	38	27	5	45	25	44	47	5	23	27	49	20	20	37	65	14	26	37	38	13	63	21	11	12	62	34	38	38	18	16	12	51	57	44	17	16	19	39	6	8	32	34	43	19	31	44	64	53	13	62	42	2	34	17	51	7	17	31	39	43	53	10	40	37	9	43	17	26	29	9	9	21	37	38	50	32	35	53	32	23	31	58	45	37	28	13	48	53	6	45	23	21	44	57	12	16	25	7	12	44	44	14	49	9	45	67	51	32	7	55	53	68	15	41	42	51	18	49	43	69	36	20	12	52	21	31	46	18	15	42	18	42	59	31	41	14	
83	5	21	59	16	71	55	0	10	27	33	51	68	62	11	70	67	50	81	69	21	60	51	38	28	16	57	36	27	47	41	47	58	72	67	32	36	47	47	43	50	22	17	37	40	43	4	28	41	44	39	36	16	49	47	47	53	15	36	27	24	41	4	62	41	26	54	74	47	13	54	51	63	73	46	12	51	26	21	47	22	44	68	58	63	48	57	18	43	10	42	28	51	59	59	27	18	52	51	62	58	12	11	54	73	55	67	14	3	53	48	41	48	62	18	74	65	30	47	31	42	27	34	61	37	33	47	68	17	65	55	57	16	12	48	39	65	43	20	50	63	50	61	54	29	46	57	10	65	35	58	
77	5	26	56	12	64	45	10	0	30	33	45	60	53	4	64	59	41	75	61	13	57	42	31	18	11	47	27	23	50	32	41	54	66	58	36	28	37	39	46	45	17	9	27	30	33	6	31	39	36	30	26	6	39	37	42	48	13	26	20	16	44	10	52	44	24	44	67	37	9	44	41	57	67	43	17	41	23	16	37	21	36	57	52	53	38	49	9	39	13	37	18	50	53	52	21	18	49	47	55	48	6	10	44	68	48	59	13	12	44	37	30	38	52	10	69	56	31	38	30	46	29	25	52	39	35	50	58	7	60	53	49	11	6	51	35	55	33	16	40	57	47	51	46	27	36	53	14	59	33	47	
66	28	9	36	42	60	55	27	30	0	10	37	58	57	34	53	55	49	64	59	44	38	50	31	38	41	66	34	18	20	40	35	40	56	64	7	34	52	43	16	33	19	25	40	46	43	28	2	19	39	39	42	33	51	48	32	36	18	39	25	46	14	23	66	14	12	53	60	56	39	57	60	49	57	25	15	57	15	20	51	12	39	76	44	64	52	47	28	24	18	28	46	26	43	49	25	45	30	33	49	64	36	38	57	54	44	59	18	30	47	56	54	48	66	40	56	60	7	46	11	15	4	51	59	10	7	20	63	37	45	31	48	41	25	21	23	72	47	46	61	49	27	69	46	13	55	37	37	51	17	64	
56	32	19	26	45	50	48	33	33	10	0	27	48	49	37	43	45	42	53	49	46	28	42	24	36	44	61	29	13	18	34	25	30	46	55	16	28	47	35	15	23	17	26	34	41	37	32	12	8	31	33	38	35	45	41	22	26	20	35	21	48	16	29	60	14	9	46	50	52	42	51	56	39	46	14	22	51	11	19	45	12	31	71	34	57	46	37	28	14	23	18	45	17	33	39	20	50	20	22	39	58	39	42	51	43	34	49	20	37	39	52	51	41	59	43	46	51	3	38	3	19	7	50	50	7	5	20	55	39	35	22	39	44	27	22	13	66	41	49	57	39	17	63	37	7	51	26	43	41	7	58	
32	48	44	19	57	23	29	51	45	37	27	0	21	26	49	18	18	25	29	22	53	17	24	15	36	55	48	22	24	38	22	5	9	21	32	43	21	35	18	37	5	29	36	27	33	25	49	39	19	16	24	32	43	30	27	5	4	36	28	25	54	40	47	42	37	27	27	23	42	55	36	44	12	21	15	43	38	26	30	32	30	16	55	7	38	33	11	36	13	42	9	48	24	7	12	24	63	16	7	12	43	51	56	35	22	8	23	36	55	17	41	46	25	42	51	23	27	30	22	26	43	33	49	29	31	32	42	30	47	15	21	14	55	40	43	14	50	31	60	47	12	17	48	15	25	42	12	60	14	20	43	
23	63	65	35	69	4	24	68	60	58	48	21	0	14	63	16	5	23	21	1	63	32	22	29	46	68	43	32	42	59	28	23	23	15	16	64	32	34	22	58	25	46	50	34	37	29	64	60	40	24	31	38	56	29	28	26	23	53	36	40	64	61	64	34	58	47	22	10	41	68	31	42	12	16	36	62	35	45	47	32	49	24	47	15	28	32	11	51	34	60	30	56	44	17	9	40	76	35	27	10	36	65	70	30	23	14	4	54	71	16	40	48	25	33	63	21	12	51	24	47	65	54	55	18	52	53	63	14	59	24	39	11	68	55	64	35	41	33	71	45	12	37	41	14	45	42	28	75	10	41	37	
37	57	63	44	60	18	10	62	53	57	49	26	14	0	55	29	18	12	35	15	53	41	11	26	36	59	29	26	40	64	20	24	31	29	6	65	26	22	15	62	31	43	44	25	25	19	58	60	43	19	22	28	48	16	16	30	29	49	26	36	54	64	59	20	62	45	9	24	28	60	17	28	23	30	41	59	21	43	43	19	47	19	33	23	14	19	15	44	37	56	31	45	50	26	15	36	67	42	33	20	22	57	62	16	36	18	10	50	64	10	26	36	14	19	54	35	3	51	14	47	67	53	43	4	55	54	67	6	50	35	47	12	59	49	69	36	27	22	62	31	23	43	27	11	44	28	37	67	22	42	23	
81	7	30	60	8	67	47	11	4	34	37	49	63	55	0	67	63	43	78	64	10	61	44	34	19	7	47	30	27	54	35	44	57	70	60	40	31	38	41	50	49	21	13	29	31	36	7	35	43	39	32	27	7	40	39	46	52	17	28	24	13	48	13	53	48	28	46	70	37	5	45	41	60	70	47	20	42	27	20	38	25	39	57	55	54	39	53	12	43	16	41	17	54	57	55	24	14	53	51	58	49	2	7	45	71	51	62	17	11	47	38	30	40	53	7	72	58	35	40	34	49	33	23	54	43	39	54	61	6	64	57	52	7	10	55	39	55	34	12	40	60	52	51	48	31	36	57	12	62	37	48	
13	66	62	23	75	13	38	70	64	53	43	18	16	29	67	0	11	35	10	15	70	19	34	33	53	73	58	38	42	50	36	23	13	3	32	58	38	47	31	50	20	48	54	42	47	38	67	55	34	30	39	47	61	41	39	22	17	54	44	43	71	54	66	49	51	45	36	9	54	73	45	55	7	3	29	62	48	44	49	44	48	30	62	12	43	44	17	55	29	61	27	65	34	10	15	43	82	26	20	10	51	70	74	44	7	17	20	55	73	26	52	60	37	48	69	6	27	46	34	43	57	50	64	33	46	47	54	30	65	10	28	20	73	58	55	31	56	44	78	58	7	28	56	23	42	54	18	78	7	37	52	
20	63	62	30	69	5	27	67	59	55	45	18	5	18	63	11	0	26	18	5	64	27	24	28	46	68	47	32	40	55	29	20	18	11	21	61	32	37	22	54	22	45	50	35	38	30	64	57	37	24	31	40	56	31	29	23	19	52	36	39	65	58	63	38	55	44	25	7	44	68	34	45	7	12	32	60	38	43	46	34	47	24	51	11	32	35	10	50	31	58	27	57	40	13	7	39	76	31	23	6	40	65	70	33	18	11	8	52	70	17	43	50	27	37	63	17	16	48	25	44	61	51	56	22	49	50	59	19	59	19	35	11	68	55	60	32	45	35	72	48	7	32	45	15	42	44	24	74	5	38	41	
46	45	54	44	47	28	5	50	41	49	42	25	23	12	43	35	26	0	44	25	41	42	1	18	24	46	23	15	31	59	9	21	33	36	17	57	15	11	7	56	29	32	33	13	13	7	46	51	38	11	11	16	35	6	4	27	29	38	14	25	41	58	48	18	56	37	4	33	18	47	10	20	28	37	38	48	13	34	32	8	37	11	30	26	15	9	18	32	33	45	27	33	48	29	20	25	55	40	32	25	17	44	49	9	42	20	21	39	52	9	17	25	2	17	41	41	16	43	3	39	61	45	31	11	49	47	62	18	38	39	46	15	46	38	63	31	25	9	49	23	28	40	23	12	36	18	37	55	28	35	18	
2	77	72	31	85	17	45	81	75	64	53	29	21	35	78	10	18	44	0	20	81	28	42	43	63	84	64	49	53	59	46	34	23	8	37	68	48	55	40	59	31	58	65	52	56	47	78	65	44	40	49	57	72	49	47	33	28	65	54	54	82	63	77	55	60	56	43	11	62	84	52	63	17	7	39	72	56	55	60	52	59	40	68	22	49	53	26	65	39	71	38	74	43	21	24	53	92	35	31	20	57	80	85	51	11	27	25	66	84	35	61	68	45	54	80	8	33	57	43	53	66	60	74	39	56	57	63	35	75	19	37	29	84	69	64	42	62	53	88	66	17	37	62	32	53	62	27	89	16	47	58	
22	65	66	35	70	3	25	69	61	59	49	22	1	15	64	15	5	25	20	0	65	32	23	31	47	69	44	34	43	60	29	24	23	14	17	65	33	36	23	59	26	48	52	36	38	30	66	61	41	25	32	40	57	30	29	27	24	54	37	42	65	62	66	35	59	48	24	9	42	69	32	43	12	15	37	63	36	46	48	33	50	25	48	15	29	34	12	52	35	61	31	58	45	17	10	41	78	36	28	10	37	66	71	31	22	15	5	55	72	17	41	50	27	34	64	20	13	52	25	48	65	55	56	19	53	54	64	15	60	24	40	12	69	57	65	36	42	35	73	46	12	37	42	15	46	43	29	76	10	42	38	
83	18	40	67	8	67	44	21	13	44	46	53	63	53	10	70	64	41	81	65	0	67	42	37	17	7	40	32	34	63	35	48	62	72	58	50	32	33	41	59	54	29	20	29	28	35	18	45	50	40	32	25	11	37	37	50	56	26	27	28	2	58	23	47	57	37	44	72	31	9	40	35	63	73	54	30	37	35	27	34	34	40	50	58	50	35	54	18	50	26	46	9	62	60	57	29	15	60	56	61	43	9	13	41	75	54	62	26	21	47	32	23	39	47	3	76	57	44	40	43	59	42	15	51	52	48	64	59	7	68	64	53	7	19	65	45	49	31	8	33	63	58	45	49	39	30	62	18	64	44	42	
30	58	47	3	69	31	47	60	57	38	28	17	32	41	61	19	27	42	28	32	67	0	42	31	51	67	66	38	33	31	39	22	10	22	47	41	37	52	35	31	14	39	47	44	50	42	58	39	19	33	41	49	56	48	44	17	13	45	45	38	68	35	56	60	32	34	44	29	59	67	53	62	20	22	14	50	55	34	41	49	37	33	73	18	55	50	26	49	17	50	20	63	15	15	26	37	75	8	11	22	60	63	67	52	17	23	36	45	64	34	58	63	43	59	65	20	42	32	40	29	38	35	65	45	29	31	35	45	60	9	9	30	67	51	36	21	67	48	72	64	20	10	65	31	31	59	5	70	22	24	61	
45	46	54	44	49	26	5	51	42	50	42	24	22	11	44	34	24	1	42	23	42	42	0	18	25	47	24	16	31	59	10	21	32	35	16	57	16	12	7	56	29	33	34	14	14	8	47	52	38	11	12	17	37	7	5	26	28	39	15	26	43	58	49	18	56	37	3	32	19	48	11	21	27	36	37	49	14	35	33	9	38	11	31	25	15	10	17	33	33	46	26	34	48	28	19	26	56	40	32	24	18	45	51	10	41	19	19	40	53	8	18	26	3	17	42	40	14	44	4	40	61	46	32	10	49	48	62	16	39	38	45	14	47	39	63	31	25	11	51	24	27	40	23	11	36	19	37	56	27	35	18	
46	34	37	32	41	33	23	38	31	31	24	15	29	26	34	33	28	18	43	31	37	31	18	0	21	40	38	7	14	41	10	10	24	35	32	39	6	24	11	38	17	17	21	13	19	13	35	34	21	7	10	18	28	21	17	14	18	23	14	11	38	40	35	36	38	19	21	36	30	40	27	33	26	36	22	33	28	17	17	21	21	7	47	21	33	23	18	22	17	30	11	32	32	23	21	10	48	26	20	24	34	36	41	26	37	17	29	24	41	16	29	32	17	35	36	38	29	25	14	21	43	27	34	27	31	29	44	32	32	31	31	18	40	26	45	13	42	18	44	35	26	25	39	16	18	29	26	46	27	17	34	
66	23	39	52	23	50	27	28	18	38	36	36	46	36	19	53	46	24	63	47	17	51	25	21	0	22	29	14	23	55	17	31	45	55	41	46	15	19	24	51	38	19	13	11	12	17	24	40	38	22	14	8	12	21	20	35	40	21	10	15	18	51	27	34	50	27	27	54	19	23	26	24	46	56	41	30	23	25	18	19	26	22	40	41	35	20	36	11	36	26	31	11	50	43	39	16	31	46	41	43	30	20	25	26	58	36	44	22	30	29	20	15	21	34	17	59	40	35	22	33	53	35	14	35	43	40	56	42	13	52	51	35	22	17	58	32	37	15	25	23	46	45	33	31	28	18	47	31	47	32	29	
87	13	36	67	1	72	49	16	11	41	44	55	68	59	7	73	68	46	84	69	7	67	47	40	22	0	47	35	34	61	39	50	64	75	63	46	36	40	46	57	55	28	20	33	33	39	13	42	50	44	36	30	12	43	42	52	58	24	32	30	8	55	18	54	55	35	49	75	38	2	47	42	66	76	54	26	43	34	26	40	32	44	57	61	56	41	58	18	50	23	48	16	61	63	60	31	8	60	57	64	50	5	5	47	77	57	66	24	14	51	39	30	44	54	5	78	62	42	44	41	56	40	22	57	50	46	61	64	8	70	64	57	0	17	62	46	56	37	5	40	66	58	52	53	38	37	64	11	67	44	49	
67	52	68	68	48	48	20	57	47	66	61	48	43	29	47	58	47	23	64	44	40	66	24	38	29	47	0	32	48	80	28	44	57	58	29	74	33	14	30	76	52	47	43	26	20	25	53	68	60	33	28	24	40	18	21	50	52	50	26	41	39	77	57	11	75	54	22	53	10	49	13	5	51	59	60	60	10	51	46	17	53	33	10	49	17	15	41	41	55	56	49	31	70	52	43	41	55	63	55	48	7	47	52	14	65	43	40	51	58	32	10	17	23	12	42	64	32	62	26	58	80	62	25	25	68	66	82	31	40	62	69	38	47	47	83	52	9	20	48	7	51	63	5	35	54	11	61	58	51	55	6	
51	31	38	39	36	36	20	36	27	34	29	22	32	26	30	38	32	15	49	34	32	38	16	7	14	35	32	0	16	47	6	16	31	40	32	42	1	18	11	44	24	17	18	6	13	8	32	37	27	8	5	11	23	16	13	21	25	23	7	10	33	45	33	31	43	22	19	40	23	35	23	27	31	41	28	33	22	19	17	16	22	8	42	26	30	17	22	18	23	30	18	26	38	29	25	10	44	33	27	29	29	32	37	22	43	22	31	24	38	17	23	25	13	31	31	44	29	29	12	26	48	31	27	26	36	33	49	32	26	37	38	21	35	23	51	20	37	12	39	29	31	32	34	18	22	23	33	42	32	23	29	
56	24	23	33	35	45	37	27	23	18	13	24	42	40	27	42	40	31	53	43	34	33	31	14	23	34	48	16	0	32	22	20	31	45	46	26	16	34	25	28	22	5	14	21	28	25	25	20	16	21	21	25	23	33	30	20	25	12	21	8	36	29	23	48	27	5	35	47	39	33	39	43	36	45	20	19	39	3	7	32	7	21	58	31	46	34	31	16	16	18	15	33	28	31	33	7	41	26	24	35	46	29	34	39	45	29	43	12	31	30	38	38	29	48	32	47	43	13	27	10	31	14	37	41	20	17	34	46	27	37	30	32	34	17	35	12	54	29	39	44	36	24	51	30	5	38	30	36	38	10	46	
61	48	27	28	62	60	65	47	50	20	18	38	59	64	54	50	55	59	59	60	63	31	59	41	55	61	80	47	32	0	51	39	37	53	70	17	46	65	52	4	34	35	44	53	59	55	48	19	20	48	52	56	52	63	59	34	36	37	53	40	65	7	43	77	6	27	63	59	70	59	69	74	48	53	23	35	69	30	37	63	29	48	89	44	74	64	50	46	26	38	32	64	16	42	51	39	65	24	31	49	76	56	58	68	48	46	62	37	50	54	70	70	58	77	60	51	65	19	55	21	8	21	68	66	11	15	4	69	56	40	22	52	61	44	5	28	84	60	66	76	48	22	81	52	26	70	32	57	50	24	76	
49	37	44	40	41	32	14	41	32	40	34	22	28	20	35	36	29	9	46	29	35	39	10	10	17	39	28	6	22	51	0	17	31	38	26	48	6	14	6	48	25	23	24	6	11	3	38	42	31	6	2	11	28	11	7	22	26	29	7	16	36	50	39	26	48	28	13	36	20	40	17	23	29	38	31	39	18	25	23	11	28	6	37	25	24	13	19	23	26	36	20	28	42	27	22	16	48	35	28	26	24	37	42	17	42	19	26	30	44	12	19	24	7	25	35	42	23	35	6	31	53	36	28	20	41	39	54	26	31	37	40	17	39	29	55	23	32	9	43	25	29	35	29	14	27	20	34	47	30	27	24	
36	43	42	23	51	25	26	47	41	35	25	5	23	24	44	23	20	21	34	24	48	22	21	10	31	50	44	16	20	39	17	0	14	25	30	41	15	30	14	37	8	25	31	22	28	20	44	37	19	11	19	27	38	26	23	5	9	31	23	20	49	40	43	39	37	24	24	27	37	50	32	40	16	26	16	40	33	22	26	27	26	11	52	11	35	29	12	31	13	38	7	43	27	12	14	19	58	19	11	15	39	46	51	31	27	9	24	32	50	14	36	41	21	38	46	28	26	28	18	24	43	31	44	27	31	30	43	29	42	21	24	13	50	35	44	12	46	26	55	42	16	19	44	13	22	37	17	55	18	18	39	
26	55	49	12	65	22	37	58	54	40	30	9	23	31	57	13	18	33	23	23	62	10	32	24	45	64	57	31	31	37	31	14	0	16	37	45	30	44	27	37	8	36	44	36	42	34	56	42	21	25	33	41	52	39	36	11	5	43	37	33	63	41	54	50	38	33	35	21	51	63	44	53	11	16	16	49	46	32	38	41	36	25	63	8	45	42	17	45	16	49	16	57	22	5	16	33	72	13	7	12	50	60	64	43	14	13	26	43	62	25	50	55	34	49	60	16	32	33	31	30	44	37	58	35	33	34	41	35	56	6	17	20	64	48	42	19	57	40	68	56	11	15	56	22	30	51	5	67	13	24	51	
11	69	65	25	77	12	38	72	66	56	46	21	15	29	70	3	11	36	8	14	72	22	35	35	55	75	58	40	45	53	38	25	16	0	31	61	39	47	32	53	23	50	56	44	48	39	70	58	37	32	40	49	63	42	40	25	20	57	45	46	73	57	68	49	54	48	36	7	54	75	45	55	9	1	32	64	48	47	51	44	51	32	62	14	43	45	18	57	32	63	30	66	37	13	16	45	84	29	23	11	51	72	77	44	8	18	19	57	76	27	53	61	37	48	71	6	27	49	35	46	60	53	66	33	49	50	57	29	67	13	31	21	75	61	58	34	56	45	80	59	9	31	56	24	45	55	21	81	8	40	52	
39	62	69	49	65	20	13	67	58	64	55	32	16	6	60	32	21	17	37	17	58	47	16	32	41	63	29	32	46	70	26	30	37	31	0	71	32	25	21	68	37	49	50	30	29	24	63	66	50	25	28	33	53	20	21	36	35	55	32	42	58	71	65	18	68	52	13	26	30	64	19	29	27	32	47	65	23	49	49	23	53	25	31	28	12	23	20	49	43	62	38	49	56	31	20	42	72	48	39	24	21	61	67	18	39	24	12	56	70	16	29	38	19	17	58	38	5	57	20	53	74	60	46	6	61	61	73	2	55	40	53	17	63	55	75	42	25	26	66	33	27	49	25	17	50	31	42	72	26	48	23	
71	33	11	39	47	66	63	32	36	7	16	43	64	65	40	58	61	57	68	65	50	41	57	39	46	46	74	42	26	17	48	41	45	61	71	0	42	60	51	13	39	26	33	47	53	51	33	5	24	46	47	50	40	59	56	38	42	25	47	33	52	9	28	74	11	20	61	66	64	44	65	68	55	61	29	20	65	23	28	58	20	46	84	50	72	60	53	35	30	23	34	53	27	49	55	32	50	33	38	55	72	41	43	65	58	50	65	25	35	54	64	61	55	74	47	60	67	13	53	17	10	11	58	66	12	11	15	70	44	49	33	55	46	31	16	29	80	55	51	69	55	31	77	53	21	63	41	42	57	23	72	
51	31	38	38	37	36	21	36	28	34	28	21	32	26	31	38	32	15	48	33	32	37	16	6	15	36	33	1	16	46	6	15	30	39	32	42	0	19	11	43	23	17	18	7	13	9	32	36	26	8	5	12	24	17	13	20	24	23	8	10	33	44	33	32	42	21	19	39	24	36	23	28	30	40	27	33	23	19	17	16	22	8	43	26	30	18	22	18	22	30	17	27	37	28	24	10	44	32	26	28	30	33	38	23	42	21	31	24	39	16	24	26	13	31	31	43	29	29	12	25	47	30	28	26	35	33	48	32	27	37	37	21	36	24	50	19	38	13	40	29	30	31	35	17	21	24	32	42	31	22	30	
57	42	55	54	41	39	11	47	37	52	47	35	34	22	38	47	37	11	55	36	33	52	12	24	19	40	14	18	34	65	14	30	44	47	25	60	19	0	17	62	39	34	31	12	7	10	43	55	45	19	13	11	31	5	8	36	39	38	13	27	33	63	45	15	61	40	12	44	7	41	7	9	39	48	46	48	4	37	33	3	40	19	24	37	16	2	29	29	41	44	34	25	56	40	31	27	48	49	42	36	12	39	44	7	53	31	31	39	49	20	6	14	10	15	34	53	25	48	13	44	66	49	21	19	54	52	68	26	32	50	55	26	40	35	69	38	19	5	42	12	39	49	16	23	40	7	47	50	40	41	11	
43	43	48	37	47	26	12	47	39	43	35	18	22	15	41	31	22	7	40	23	41	35	7	11	24	46	30	11	25	52	6	14	27	32	21	51	11	17	0	49	22	28	30	12	16	7	43	45	31	4	9	17	34	12	9	20	22	34	14	21	42	51	44	25	49	31	10	30	24	46	17	26	23	33	30	44	19	28	28	14	32	4	38	20	22	15	13	29	26	41	19	34	41	23	16	21	54	33	25	20	25	43	48	17	37	14	20	35	50	5	23	29	7	24	41	37	18	37	4	33	54	39	34	15	42	41	55	21	37	33	38	11	46	35	56	24	32	13	49	29	23	33	30	7	30	24	30	53	24	28	25	
61	44	23	28	58	59	62	43	46	16	15	37	58	62	50	50	54	56	59	59	59	31	56	38	51	57	76	44	28	4	48	37	37	53	68	13	43	62	49	0	32	31	40	50	56	52	44	15	18	45	48	53	48	60	56	32	35	33	50	36	61	4	39	75	2	23	60	58	67	55	66	71	47	53	21	31	66	26	33	60	25	45	86	43	71	61	48	42	24	34	30	60	16	41	49	35	61	24	30	48	73	52	54	65	48	45	60	33	46	52	67	66	55	74	56	51	63	15	53	18	7	17	65	64	8	11	5	67	52	40	22	50	57	40	7	25	81	56	62	72	47	22	78	50	22	66	32	53	49	21	73	
34	47	41	15	57	27	34	50	45	33	23	5	25	31	49	20	22	29	31	26	54	14	29	17	38	55	52	24	22	34	25	8	8	23	37	39	23	39	22	32	0	28	35	30	36	28	48	35	15	19	27	35	43	34	31	3	3	34	31	25	55	35	46	47	32	25	32	27	45	55	40	48	16	23	10	41	42	24	29	36	28	19	60	11	43	37	16	36	9	40	7	50	19	10	17	24	63	11	3	16	47	51	56	39	22	13	28	35	53	22	44	49	29	46	52	24	32	26	26	22	39	29	51	33	27	28	37	35	47	15	16	19	55	39	39	11	54	34	60	50	16	12	52	19	22	45	9	59	18	16	47	
61	19	21	38	30	49	38	22	17	19	17	29	46	43	21	48	45	32	58	48	29	39	33	17	19	28	47	17	5	35	23	25	36	50	49	26	17	34	28	31	28	0	9	21	27	26	19	21	21	24	22	23	18	33	30	25	31	6	21	7	31	31	18	48	30	8	36	52	37	27	39	41	41	51	26	16	38	6	2	32	6	24	58	36	47	34	35	11	21	13	20	28	33	37	38	7	35	31	29	40	46	24	28	39	50	33	46	7	25	33	37	35	31	48	26	52	46	16	29	14	34	15	33	43	24	20	37	49	22	43	35	35	28	11	38	18	53	28	33	42	41	30	50	33	10	36	35	31	43	15	45	
68	13	25	47	21	54	38	17	9	25	26	36	50	44	13	54	50	33	65	52	20	47	34	21	13	20	43	18	14	44	24	31	44	56	50	33	18	31	30	40	35	9	0	20	24	26	13	27	30	26	22	19	9	32	30	32	38	7	19	10	22	39	15	46	38	17	37	57	33	19	37	37	47	57	34	17	35	15	7	30	14	26	54	42	46	31	40	2	30	13	28	20	42	43	43	11	27	40	37	45	43	15	20	37	58	38	50	8	20	35	33	29	31	46	17	59	48	24	30	23	41	23	25	44	32	28	45	50	13	50	44	39	20	5	46	26	50	26	25	37	47	38	47	36	19	32	43	24	49	24	42	
55	32	42	45	34	38	18	37	27	40	34	27	34	25	29	42	35	13	52	36	29	44	14	13	11	33	26	6	21	53	6	22	36	44	30	47	7	12	12	50	30	21	20	0	6	6	33	42	34	12	3	5	22	12	10	27	31	25	1	14	29	50	35	27	49	27	17	43	17	34	18	21	35	45	35	36	17	24	20	11	27	12	36	31	26	12	25	19	30	32	24	22	45	33	28	15	42	39	33	32	24	31	36	18	48	25	33	26	39	18	17	19	11	26	28	48	29	35	11	31	53	36	22	24	42	39	55	31	25	43	44	24	33	25	57	26	32	7	37	22	35	38	29	20	27	17	39	42	36	29	24	
59	35	48	51	35	41	16	40	30	46	41	33	37	25	31	47	38	13	56	38	28	50	14	19	12	33	20	13	28	59	11	28	42	48	29	53	13	7	16	56	36	27	24	6	0	8	36	48	40	17	9	4	24	9	9	33	37	30	6	20	28	57	38	22	55	33	16	46	10	35	14	14	39	49	41	40	11	31	26	7	33	17	30	36	23	8	29	22	36	37	30	20	51	38	32	21	42	45	39	36	19	32	37	14	53	30	34	31	42	21	10	13	11	22	28	53	29	41	13	38	60	42	18	23	48	46	62	30	25	48	51	27	33	28	63	33	26	3	36	16	39	45	23	23	34	10	45	43	40	35	18	
50	38	47	43	41	33	12	43	33	43	37	25	29	19	36	38	30	7	47	30	35	42	8	13	17	39	25	8	25	55	3	20	34	39	24	51	9	10	7	52	28	26	26	6	8	0	39	46	35	9	4	9	28	7	4	25	29	31	7	18	35	53	41	23	51	31	11	38	17	40	14	20	31	40	35	41	14	28	25	8	31	9	34	27	21	9	21	25	30	38	24	27	45	30	23	19	48	38	31	28	21	37	43	13	44	21	27	32	45	12	16	21	5	22	34	44	22	38	5	34	56	39	26	18	44	42	58	25	31	40	44	18	39	31	59	27	29	6	43	22	31	38	26	15	30	17	37	48	31	31	21	
81	1	22	57	14	68	51	4	6	28	32	49	64	58	7	67	64	46	78	66	18	58	47	35	24	13	53	32	25	48	38	44	56	70	63	33	32	43	43	44	48	19	13	33	36	39	0	29	39	40	35	32	12	45	43	45	50	13	32	24	20	42	5	58	42	25	50	71	43	11	50	47	61	70	44	13	47	24	18	43	21	40	64	55	59	44	54	14	41	10	40	24	50	56	56	24	17	50	49	59	54	8	10	50	70	52	64	13	6	49	44	37	44	58	15	72	61	30	43	30	43	27	31	57	37	33	48	64	13	62	54	53	13	8	49	37	61	39	18	46	61	48	57	50	27	42	55	11	62	34	53	
68	29	8	37	43	62	57	28	31	2	12	39	60	60	35	55	57	51	65	61	45	39	52	34	40	42	68	37	20	19	42	37	42	58	66	5	36	55	45	15	35	21	27	42	48	46	29	0	20	41	42	44	35	53	50	34	38	20	42	27	47	13	24	69	13	14	55	62	58	40	60	63	51	58	26	16	59	17	22	53	14	41	79	46	67	54	49	30	26	19	30	47	26	45	51	27	46	31	34	51	66	37	39	59	55	46	61	19	31	49	58	56	50	68	42	58	62	9	48	13	14	6	53	61	11	8	19	65	38	47	32	50	42	26	20	25	74	49	47	63	51	29	71	49	15	58	38	38	53	19	66	
47	39	28	18	51	42	44	41	39	19	8	19	40	43	43	34	37	38	44	41	50	19	38	21	38	50	60	27	16	20	31	19	21	37	50	24	26	45	31	18	15	21	30	34	40	35	39	20	0	27	32	38	39	42	39	14	18	26	34	23	52	21	36	57	18	14	42	42	51	49	49	55	31	37	5	30	49	15	23	43	18	27	69	26	53	44	30	32	6	30	12	49	12	25	32	22	56	11	14	31	56	45	49	48	34	27	42	26	44	33	51	52	38	56	48	37	45	12	35	9	24	16	52	46	12	13	23	49	43	26	14	32	50	32	25	7	63	40	55	56	31	9	61	32	12	50	17	51	33	6	56	
43	39	44	34	45	28	17	44	36	39	31	16	24	19	39	30	24	11	40	25	40	33	11	7	22	44	33	8	21	48	6	11	25	32	25	46	8	19	4	45	19	24	26	12	17	9	40	41	27	0	8	17	32	15	12	16	20	30	13	17	41	47	41	29	45	26	15	31	26	44	21	29	23	33	26	40	22	24	24	16	28	0	41	19	26	18	14	26	22	37	15	34	37	21	16	17	52	30	22	20	28	41	46	20	36	13	23	31	47	9	25	30	10	29	39	36	22	33	7	29	50	35	34	19	38	36	51	25	35	31	35	13	44	31	52	19	36	15	48	31	23	29	34	9	25	26	28	51	24	24	29	
51	34	43	42	38	35	16	39	30	39	33	24	31	22	32	39	31	11	49	32	32	41	12	10	14	36	28	5	21	52	2	19	33	40	28	47	5	13	9	48	27	22	22	3	9	4	35	42	32	8	0	8	25	11	8	24	28	27	5	14	33	50	37	26	48	27	15	39	19	37	18	22	31	41	32	37	17	24	21	11	27	8	37	27	25	12	22	21	27	34	21	25	43	30	25	15	45	36	30	29	24	34	39	17	44	22	29	28	41	15	18	22	9	26	32	45	26	34	8	31	53	36	25	22	41	38	54	28	28	39	42	20	36	27	55	24	32	8	40	24	31	36	29	16	27	18	36	44	32	27	24	
60	31	44	50	31	43	19	36	26	42	38	32	38	28	27	47	40	16	57	40	25	49	17	18	8	30	24	11	25	56	11	27	41	49	33	50	12	11	17	53	35	23	19	5	4	9	32	44	38	17	8	0	20	13	12	32	36	26	4	17	25	54	34	26	52	30	19	47	14	31	18	18	40	50	39	36	15	27	22	11	29	17	34	36	27	12	30	18	34	32	29	17	49	38	33	17	39	44	38	37	23	28	34	18	53	30	36	27	38	22	14	14	13	26	25	53	32	38	14	35	56	38	17	26	45	42	59	34	22	48	49	28	30	24	60	31	30	7	33	19	40	43	27	25	30	13	44	39	41	33	22	
74	11	31	56	13	60	39	16	6	33	35	43	56	48	7	61	56	35	72	57	11	56	37	28	12	12	40	23	23	52	28	38	52	63	53	40	24	31	34	48	43	18	9	22	24	28	12	35	39	32	25	20	0	33	32	40	46	15	21	18	13	47	16	46	47	26	39	63	30	12	38	35	54	64	43	22	35	24	16	31	23	32	51	49	47	32	46	7	39	17	36	12	51	51	49	19	20	49	46	52	42	8	14	38	65	45	55	15	18	40	31	24	33	46	8	66	51	33	33	32	49	31	19	46	41	37	53	53	4	58	53	45	12	8	54	35	49	27	16	34	54	47	45	41	28	29	52	19	55	33	41	
52	44	55	50	44	34	6	49	39	51	45	30	29	16	40	41	31	6	49	30	37	48	7	21	21	43	18	16	33	63	11	26	39	42	20	59	17	5	12	60	34	33	32	12	9	7	45	53	42	15	11	13	33	0	3	32	34	38	13	26	37	61	47	15	59	39	7	39	12	44	6	14	34	43	42	48	7	36	32	2	39	15	26	32	14	3	24	31	37	44	31	29	52	35	26	26	52	45	37	31	13	41	47	5	48	26	26	39	51	15	11	19	5	14	38	47	20	46	8	42	64	47	26	14	52	50	65	21	35	45	51	21	43	37	67	35	21	6	46	17	34	45	18	18	38	12	43	52	34	38	13	
50	42	52	46	43	32	8	47	37	48	41	27	28	16	39	39	29	4	47	29	37	44	5	17	20	42	21	13	30	59	7	23	36	40	21	56	13	8	9	56	31	30	30	10	9	4	43	50	39	12	8	12	32	3	0	28	31	35	11	23	37	58	45	18	55	35	7	37	15	43	9	17	31	41	38	45	10	33	30	5	36	12	30	29	16	6	21	29	34	42	27	29	49	32	24	23	51	42	34	28	17	40	46	9	45	23	25	36	49	12	14	21	2	18	37	45	20	43	5	39	61	44	27	14	48	47	62	21	34	42	47	18	42	35	63	31	24	5	45	20	31	42	22	15	35	15	39	51	32	35	17	
36	44	40	18	54	28	32	47	42	32	22	5	26	30	46	22	23	27	33	27	50	17	26	14	35	52	50	21	20	34	22	5	11	25	36	38	20	36	20	32	3	25	32	27	33	25	45	34	14	16	24	32	40	32	28	0	5	32	28	22	52	35	43	45	32	22	30	28	42	52	38	45	17	25	11	39	39	21	26	33	25	16	58	12	41	34	16	33	8	38	5	46	21	12	17	21	60	13	6	17	45	48	53	37	25	12	28	32	51	20	42	46	27	44	49	27	31	25	24	21	38	28	48	32	26	27	38	34	44	18	18	18	52	36	39	9	52	31	57	48	17	13	50	18	20	42	12	56	19	15	45	
30	50	44	15	59	24	34	53	48	36	26	4	23	29	52	17	19	29	28	24	56	13	28	18	40	58	52	25	25	36	26	9	5	20	35	42	24	39	22	35	3	31	38	31	37	29	50	38	18	20	28	36	46	34	31	5	0	37	32	28	57	38	49	46	35	28	31	24	46	57	40	48	13	20	13	44	42	27	32	36	31	20	60	8	42	37	14	39	12	43	10	51	21	7	15	27	66	12	4	13	47	54	58	39	19	11	25	38	56	21	45	50	29	46	54	21	30	29	26	25	41	32	53	32	30	31	40	34	50	12	17	17	58	42	41	14	54	35	62	51	13	13	52	18	25	46	8	62	15	19	47	
68	13	17	44	25	56	43	15	13	18	20	36	53	49	17	54	52	38	65	54	26	45	39	23	21	24	50	23	12	37	29	31	43	57	55	25	23	38	34	33	34	6	7	25	30	31	13	20	26	30	27	26	15	38	35	32	37	0	25	13	28	32	11	53	31	11	42	59	40	22	44	44	48	57	31	10	42	10	6	37	8	30	61	43	52	38	42	10	27	7	27	27	37	43	44	13	30	37	36	46	50	19	22	43	57	40	53	1	19	39	40	36	36	52	23	59	52	18	35	17	34	16	33	49	26	22	38	55	19	49	40	42	24	7	39	24	57	32	29	45	48	35	54	39	14	39	41	25	50	20	49	
56	31	42	46	33	40	19	36	26	39	35	28	36	26	28	44	36	14	54	37	27	45	15	14	10	32	26	7	21	53	7	23	37	45	32	47	8	13	14	50	31	21	19	1	6	7	32	42	34	13	5	4	21	13	11	28	32	25	0	14	28	51	34	27	49	27	18	44	17	33	18	21	36	46	35	35	17	24	20	11	27	13	37	32	27	13	27	18	30	31	25	20	45	35	30	14	41	40	34	34	25	30	35	18	49	27	34	26	38	19	17	18	12	27	27	50	30	35	12	32	53	36	20	25	42	39	55	32	23	44	45	25	32	24	57	27	32	7	35	22	36	39	29	21	27	16	40	40	37	29	24	
57	23	28	38	31	44	31	27	20	25	21	25	40	36	24	43	39	25	54	42	28	38	26	11	15	30	41	10	8	40	16	20	33	46	42	33	10	27	21	36	25	7	10	14	20	18	24	27	23	17	14	17	18	26	23	22	28	13	14	0	30	37	24	41	35	13	29	47	31	29	32	35	37	46	26	23	31	10	7	25	13	17	51	31	40	26	29	11	21	20	17	26	35	33	32	1	38	31	27	35	39	26	31	32	47	28	40	14	30	26	31	29	23	41	26	48	39	21	22	18	39	21	29	36	28	25	42	42	22	40	36	29	30	15	43	17	46	21	34	36	37	30	43	26	13	30	34	35	38	17	38	
84	20	42	68	9	68	44	24	16	46	48	54	64	54	13	71	65	41	82	65	2	68	43	38	18	8	39	33	36	65	36	49	63	73	58	52	33	33	42	61	55	31	22	29	28	35	20	47	52	41	33	25	13	37	37	52	57	28	28	30	0	60	26	47	59	39	44	72	30	11	40	34	64	74	56	33	36	37	29	34	36	41	49	59	49	35	55	20	51	29	48	8	64	61	58	31	16	61	57	62	42	12	14	40	76	55	62	28	23	48	31	22	39	47	5	77	57	46	40	45	62	44	14	51	54	50	66	59	9	70	66	53	8	21	67	47	48	31	9	32	64	60	44	50	41	29	64	20	65	46	41	
65	42	20	32	56	62	64	41	44	14	16	40	61	64	48	54	58	58	63	62	58	35	58	40	51	55	77	45	29	7	50	40	41	57	71	9	44	63	51	4	35	31	39	50	57	53	42	13	21	47	50	54	47	61	58	35	38	32	51	37	60	0	37	76	3	23	62	62	68	53	68	72	51	57	25	29	67	26	33	61	25	47	87	46	73	62	51	41	27	32	33	59	20	45	53	36	59	28	34	51	75	50	52	67	52	48	63	32	44	54	68	66	57	76	54	55	66	15	55	19	3	16	64	66	9	11	6	70	51	44	26	53	55	39	7	28	82	58	60	73	51	26	79	53	23	67	36	51	53	23	74	
79	5	17	55	19	68	53	4	10	23	29	47	64	59	13	66	63	48	77	66	23	56	49	35	27	18	57	33	23	43	39	43	54	68	65	28	33	45	44	39	46	18	15	35	38	41	5	24	36	41	37	34	16	47	45	43	49	11	34	24	26	37	0	61	37	22	52	70	46	16	52	51	60	69	42	8	50	21	17	45	18	41	67	54	61	46	53	16	38	5	38	29	46	55	56	24	22	47	47	58	57	14	15	52	68	51	64	10	8	50	47	41	46	61	20	70	62	26	45	26	38	23	35	59	33	29	43	65	18	60	50	53	18	10	44	35	64	41	23	50	60	45	61	50	24	45	53	14	61	31	57	
57	57	70	62	55	38	13	62	52	66	60	42	34	20	53	49	38	18	55	35	47	60	18	36	34	54	11	31	48	77	26	39	50	49	18	74	32	15	25	75	47	48	46	27	22	23	58	69	57	29	26	26	46	15	18	45	46	53	27	41	47	76	61	0	74	54	15	44	16	56	8	13	42	50	56	63	11	51	47	16	54	29	13	42	6	14	33	45	51	59	45	38	66	45	34	42	62	58	50	39	4	54	59	9	56	36	30	54	64	25	15	25	19	1	49	55	22	61	21	57	79	62	33	16	67	65	80	20	47	55	64	30	54	51	82	49	7	20	56	16	42	59	7	28	53	17	55	65	42	53	5	
62	42	21	29	56	60	62	41	44	14	14	37	58	62	48	51	55	56	60	59	57	32	56	38	50	55	75	43	27	6	48	37	38	54	68	11	42	61	49	2	32	30	38	49	55	51	42	13	18	45	48	52	47	59	55	32	35	31	49	35	59	3	37	74	0	22	60	59	66	53	65	70	48	54	22	29	65	25	32	59	24	45	85	43	71	60	49	40	24	32	30	58	17	42	50	34	59	25	31	49	72	50	52	65	49	45	61	31	44	51	66	65	55	73	54	52	63	14	52	17	6	15	63	64	7	9	6	67	50	41	23	51	55	38	8	25	80	55	60	71	48	23	77	50	21	65	33	51	50	20	72	
59	24	18	33	37	49	42	26	24	12	9	27	47	45	28	45	44	37	56	48	37	34	37	19	27	35	54	22	5	27	28	24	33	48	52	20	21	40	31	23	25	8	17	27	33	31	25	14	14	26	27	30	26	39	35	22	28	11	27	13	39	23	22	54	22	0	41	51	44	34	45	48	40	48	20	16	44	2	10	38	3	26	64	34	52	40	36	19	17	16	18	36	25	34	38	12	42	25	25	39	52	31	34	44	47	33	48	12	30	35	44	43	35	53	34	49	48	8	33	6	26	8	41	46	15	12	29	51	30	39	29	37	35	18	30	13	60	34	41	49	40	23	56	35	2	43	31	36	42	9	52	
46	49	58	47	51	27	2	54	44	53	46	27	22	9	46	36	25	4	43	24	44	44	3	21	27	49	22	19	35	63	13	24	35	36	13	61	19	12	10	60	32	36	37	17	16	11	50	55	42	15	15	19	39	7	7	30	31	42	18	29	44	62	52	15	60	41	0	32	18	50	9	19	29	37	41	52	12	38	36	9	42	15	28	27	11	10	19	36	36	49	30	36	51	30	21	29	58	43	35	26	15	48	53	8	43	21	19	43	56	10	17	26	6	14	44	42	13	47	7	43	65	49	33	7	53	51	66	14	41	40	48	16	49	42	67	34	22	12	52	22	29	43	20	13	40	19	39	58	29	39	16	
13	70	68	32	77	6	34	74	67	60	50	23	10	24	70	9	7	33	11	9	72	29	32	36	54	75	53	40	47	59	36	27	21	7	26	66	39	44	30	58	27	52	57	43	46	38	71	62	42	31	39	47	63	39	37	28	24	59	44	47	72	62	70	44	59	51	32	0	51	76	41	52	11	7	37	67	45	49	53	42	54	31	57	16	38	42	17	58	36	65	33	65	43	17	14	46	84	34	28	12	46	72	77	40	15	18	14	59	77	25	50	58	35	43	71	13	22	53	33	49	65	56	64	28	54	55	62	24	67	20	37	19	75	62	64	37	51	43	79	55	11	36	51	22	48	52	26	82	9	43	47	
64	42	58	61	39	46	17	47	37	56	52	42	41	28	37	54	44	18	62	42	31	59	19	30	19	38	10	23	39	70	20	37	51	54	30	64	24	7	24	67	45	37	33	17	10	17	43	58	51	26	19	14	30	12	15	42	46	40	17	31	30	68	46	16	66	44	18	51	0	40	11	4	46	55	52	50	7	41	36	10	43	26	21	44	19	9	36	31	47	46	41	22	62	47	38	31	46	56	48	43	12	38	43	12	60	38	38	41	48	27	1	8	17	16	33	60	31	52	20	49	70	53	17	25	59	56	73	31	31	57	61	33	38	37	74	43	18	11	39	5	46	55	14	30	44	1	54	49	47	46	11	
86	11	33	66	3	72	51	13	9	39	42	55	68	60	5	73	68	47	84	69	9	67	48	40	23	2	49	35	33	59	40	50	63	75	64	44	36	41	46	55	55	27	19	34	35	40	11	40	49	44	37	31	12	44	43	52	57	22	33	29	11	53	16	56	53	34	50	76	40	0	48	44	66	76	53	24	45	33	25	42	31	44	59	61	57	42	58	18	49	21	47	18	60	63	61	30	8	59	57	64	52	3	3	48	77	57	67	22	12	52	41	32	45	56	7	78	63	40	45	40	54	38	24	58	48	44	59	65	9	70	63	57	2	16	60	45	58	38	7	42	66	57	54	54	37	39	63	9	67	43	51	
54	49	61	55	48	35	7	54	44	57	51	36	31	17	45	45	34	10	52	32	40	53	11	27	26	47	13	23	39	69	17	32	44	45	19	65	23	7	17	66	40	39	37	18	14	14	50	60	49	21	18	18	38	6	9	38	40	44	18	32	40	68	52	8	65	45	9	41	11	48	0	10	38	46	48	54	4	42	39	7	45	21	20	36	9	6	28	36	43	50	37	31	58	39	30	33	55	51	43	35	7	46	51	1	52	30	27	45	56	19	9	20	10	8	41	51	20	52	13	49	70	54	27	13	58	56	72	20	39	49	56	25	47	42	73	41	14	11	49	14	38	51	12	22	45	12	48	57	38	45	7	
65	46	62	63	43	46	17	51	41	60	56	44	42	28	41	55	45	20	63	43	35	62	21	33	24	42	5	27	43	74	23	40	53	55	29	68	28	9	26	71	48	41	37	21	14	20	47	63	55	29	22	18	35	14	17	45	48	44	21	35	34	72	51	13	70	48	19	52	4	44	10	0	48	56	55	54	7	45	40	12	48	29	16	46	17	11	38	35	50	50	44	26	65	49	40	36	50	59	51	45	8	42	47	11	62	40	38	45	53	29	4	12	19	13	37	61	31	56	22	53	75	57	20	24	63	60	77	31	35	59	64	35	42	41	78	47	14	14	43	3	48	58	10	32	48	5	57	53	48	50	7	
20	60	57	23	67	11	31	63	57	49	39	12	12	23	60	7	7	28	17	12	63	20	27	26	46	66	51	31	36	48	29	16	11	9	27	55	30	39	23	47	16	41	47	35	39	31	61	51	31	23	31	40	54	34	31	17	13	48	36	37	64	51	60	42	48	40	29	11	46	66	38	48	0	10	26	56	41	39	42	36	43	23	56	5	37	37	10	48	25	55	22	57	33	6	8	36	74	24	17	3	44	62	68	37	14	9	15	49	67	19	45	52	29	41	62	13	22	42	26	38	54	45	57	26	43	44	52	25	58	13	28	13	66	52	53	26	50	36	70	51	0	25	49	16	37	46	17	72	2	32	45	
10	69	65	25	77	13	39	73	67	57	46	21	16	30	70	3	12	37	7	15	73	22	36	36	56	76	59	41	45	53	38	26	16	1	32	61	40	48	33	53	23	51	57	45	49	40	70	58	37	33	41	50	64	43	41	25	20	57	46	46	74	57	69	50	54	48	37	7	55	76	46	56	10	0	32	65	49	47	52	45	51	33	63	14	44	46	19	58	32	64	30	67	37	13	17	46	84	29	23	12	52	72	77	45	7	19	20	58	76	28	54	62	38	49	72	5	28	50	36	46	60	53	67	34	49	50	57	30	68	13	31	22	76	61	58	34	57	46	80	60	10	31	57	25	46	56	21	81	8	40	53	
41	44	34	13	56	37	43	46	43	25	14	15	36	41	47	29	32	38	39	37	54	14	37	22	41	54	60	28	20	23	31	16	16	32	47	29	27	46	30	21	10	26	34	35	41	35	44	26	5	26	32	39	43	42	38	11	13	31	35	26	56	25	42	56	22	20	41	37	52	53	48	55	26	32	0	36	49	20	27	43	23	26	68	21	52	44	27	36	5	36	11	52	10	20	28	25	61	5	9	26	55	50	54	47	29	23	39	31	50	31	51	53	37	55	52	31	42	18	34	15	28	21	55	43	17	18	26	46	47	20	10	29	54	37	28	9	63	40	59	57	26	4	61	29	17	51	12	56	28	10	56	
75	13	9	48	27	65	53	12	17	15	22	43	62	59	20	62	60	48	72	63	30	50	49	33	30	26	60	33	19	35	39	40	49	64	65	20	33	48	44	31	41	16	17	36	40	41	13	16	30	40	37	36	22	48	45	39	44	10	35	23	33	29	8	63	29	16	52	67	50	24	54	54	56	65	36	0	52	17	16	47	13	40	71	51	62	48	51	18	33	4	34	34	39	51	53	23	30	41	42	55	60	21	23	54	64	49	62	9	15	49	50	45	46	62	27	66	62	18	45	20	30	15	41	59	25	21	35	65	24	55	44	51	26	13	36	30	67	43	31	54	56	39	63	49	19	49	47	22	58	25	59	
58	46	59	57	44	39	10	51	41	57	51	38	35	21	42	48	38	13	56	36	37	55	14	28	23	43	10	22	39	69	18	33	46	48	23	65	23	4	19	66	42	38	35	17	11	14	47	59	49	22	17	15	35	7	10	39	42	42	17	31	36	67	50	11	65	44	12	45	7	45	4	7	41	49	49	52	0	42	37	6	44	22	19	39	13	5	31	34	44	48	38	28	59	42	33	32	52	52	45	38	7	43	48	5	55	33	31	43	53	22	5	15	12	11	38	54	24	52	15	48	70	53	23	18	58	56	72	24	36	52	58	28	43	40	73	41	15	10	45	10	41	52	12	25	44	7	50	54	41	45	7	
58	23	20	33	35	48	40	26	23	15	11	26	45	43	27	44	43	34	55	46	35	34	35	17	25	34	51	19	3	30	25	22	32	47	49	23	19	37	28	26	24	6	15	24	31	28	24	17	15	24	24	27	24	36	33	21	27	10	24	10	37	26	21	51	25	2	38	49	41	33	42	45	39	47	20	17	42	0	8	35	4	24	61	33	49	37	34	17	17	16	17	34	27	34	36	9	41	26	25	37	49	29	33	42	47	31	46	11	29	33	41	40	33	51	32	48	46	10	31	8	29	11	38	44	18	15	31	49	28	38	30	35	34	17	33	13	57	32	39	46	39	24	54	33	4	41	31	35	40	9	49	
62	17	22	40	28	50	37	21	16	20	19	30	47	43	20	49	46	32	60	48	27	41	33	17	18	26	46	17	7	37	23	26	38	51	49	28	17	33	28	33	29	2	7	20	26	25	18	22	23	24	21	22	16	32	30	26	32	6	20	7	29	33	17	47	32	10	36	53	36	25	39	40	42	52	27	16	37	8	0	31	8	24	56	37	46	33	36	9	23	13	21	26	35	38	39	7	34	33	31	41	45	22	26	38	52	34	47	7	24	33	36	33	30	47	24	53	46	18	29	16	35	17	31	43	25	22	39	49	20	44	37	36	26	10	40	19	52	27	31	41	42	31	49	33	12	35	37	29	44	17	44	
55	42	54	51	42	36	9	47	37	51	45	32	32	19	38	44	34	8	52	33	34	49	9	21	19	40	17	16	32	63	11	27	41	44	23	58	16	3	14	60	36	32	30	11	7	8	43	53	43	16	11	11	31	2	5	33	36	37	11	25	34	61	45	16	59	38	9	42	10	42	7	12	36	45	43	47	6	35	31	0	38	16	26	34	16	1	26	29	38	43	32	26	53	37	28	26	49	46	39	33	13	39	44	7	50	28	29	37	49	17	9	16	7	15	35	50	23	46	10	42	64	47	23	17	52	50	65	24	32	47	52	23	40	35	67	35	21	4	43	15	36	46	18	20	38	10	44	50	37	39	13	
62	21	16	36	33	52	43	22	21	12	12	30	49	47	25	48	47	37	59	50	34	37	38	21	26	32	53	22	7	29	28	26	36	51	53	20	22	40	32	25	28	6	14	27	33	31	21	14	18	28	27	29	23	39	36	25	31	8	27	13	36	25	18	54	24	3	42	54	43	31	45	48	43	51	23	13	44	4	8	38	0	28	64	37	52	39	38	16	20	12	21	34	29	38	40	12	38	29	29	42	52	27	31	45	50	35	50	8	26	37	43	41	36	54	31	52	50	10	34	9	27	9	39	48	18	14	31	53	27	42	32	39	32	15	32	17	59	34	37	48	43	27	56	37	6	43	34	32	44	12	51	
43	39	44	34	45	28	17	44	36	39	31	16	24	19	39	30	24	11	40	25	40	33	11	7	22	44	33	8	21	48	6	11	25	32	25	46	8	19	4	45	19	24	26	12	17	9	40	41	27	0	8	17	32	15	12	16	20	30	13	17	41	47	41	29	45	26	15	31	26	44	21	29	23	33	26	40	22	24	24	16	28	0	41	19	26	18	14	26	22	37	15	34	37	21	16	17	52	30	22	20	28	41	46	20	36	13	23	31	47	9	25	30	10	29	39	36	22	33	7	29	50	35	34	19	38	36	51	25	35	31	35	13	44	31	52	19	36	15	48	31	23	29	34	9	25	26	28	51	24	24	29	
70	63	79	75	58	51	26	68	57	76	71	55	47	33	57	62	51	30	68	48	50	73	31	47	40	57	10	42	58	89	37	52	63	62	31	84	43	24	38	86	60	58	54	36	30	34	64	79	69	41	37	34	51	26	30	58	60	61	37	51	49	87	67	13	85	64	28	57	21	59	20	16	56	63	68	71	19	61	56	26	64	41	0	55	19	24	46	52	64	67	57	41	79	58	48	51	65	71	63	53	13	58	62	21	69	49	43	62	69	38	20	27	31	14	52	68	35	72	34	68	90	73	35	29	78	76	92	33	51	68	76	43	57	58	93	61	6	29	58	17	56	71	7	41	64	21	68	68	55	65	12	
25	55	52	21	63	16	29	58	52	44	34	7	15	23	55	12	11	26	22	15	58	18	25	21	41	61	49	26	31	44	25	11	8	14	28	50	26	37	20	43	11	36	42	31	36	27	55	46	26	19	27	36	49	32	29	12	8	43	32	31	59	46	54	42	43	34	27	16	44	61	36	46	5	14	21	51	39	33	37	34	37	19	55	0	36	35	8	43	20	49	16	53	29	3	7	31	70	20	12	5	42	57	62	35	17	6	18	43	61	17	43	49	27	41	57	17	23	37	24	33	50	40	53	26	38	39	48	26	53	13	25	11	61	47	49	21	49	33	66	49	5	21	48	14	32	44	14	66	7	27	43	
51	58	68	57	57	32	9	63	53	64	57	38	28	14	54	43	32	15	49	29	50	55	15	33	35	56	17	30	46	74	24	35	45	43	12	72	30	16	22	71	43	47	46	26	23	21	59	67	53	26	25	27	47	14	16	41	42	52	27	40	49	73	61	6	71	52	11	38	19	57	9	17	37	44	52	62	13	49	46	16	52	26	19	36	0	15	28	45	48	59	41	41	62	39	29	40	65	54	46	34	9	55	60	9	50	31	24	53	65	20	18	28	16	5	51	49	16	59	18	55	76	60	36	10	64	62	77	14	48	49	59	25	56	51	78	46	13	20	58	21	37	54	13	23	51	20	50	66	36	50	10	
55	43	55	52	42	37	9	48	38	52	46	33	32	19	39	44	35	9	53	34	35	50	10	23	20	41	15	17	34	64	13	29	42	45	23	60	18	2	15	61	37	34	31	12	8	9	44	54	44	18	12	12	32	3	6	34	37	38	13	26	35	62	46	14	60	40	10	42	9	42	6	11	37	46	44	48	5	37	33	1	39	18	24	35	15	0	27	30	39	44	33	26	55	38	29	27	50	48	40	34	12	40	45	6	51	29	29	39	50	18	8	16	8	14	36	50	23	47	11	43	65	48	23	17	53	51	67	24	33	48	53	24	41	36	68	36	20	5	44	14	37	47	16	21	39	9	45	51	37	40	12	
29	53	54	29	59	14	21	57	49	47	37	11	11	15	53	17	10	18	26	12	54	26	17	18	36	58	41	22	31	50	19	12	17	18	20	53	22	29	13	48	16	35	40	25	29	21	54	49	30	14	22	30	46	24	21	16	14	42	27	29	55	51	53	33	49	36	19	17	36	58	28	38	10	19	27	51	31	34	36	26	38	14	46	8	28	27	0	40	24	49	19	48	36	11	2	29	66	27	19	7	34	55	60	27	24	3	12	43	60	9	35	42	19	32	53	23	15	40	16	36	55	43	47	18	42	42	54	19	49	21	32	3	58	45	55	24	40	26	62	41	10	28	39	6	34	36	22	64	10	30	35	
68	13	27	49	20	54	37	18	9	28	28	36	51	44	12	55	50	32	65	52	18	49	33	22	11	18	41	18	16	46	23	31	45	57	49	35	18	29	29	42	36	11	2	19	22	25	14	30	32	26	21	18	7	31	29	33	39	10	18	11	20	41	16	45	40	19	36	58	31	18	36	35	48	58	36	18	34	17	9	29	16	26	52	43	45	30	40	0	31	14	29	18	44	44	43	12	26	42	38	46	41	14	19	36	59	39	50	10	20	35	31	26	30	44	15	60	47	26	29	25	43	25	23	43	34	31	47	50	11	51	46	39	18	6	48	27	49	25	23	35	48	40	45	36	21	30	45	24	49	26	41	
42	40	32	17	51	36	38	43	39	24	14	13	34	37	43	29	31	33	39	35	50	17	33	17	36	50	55	23	16	26	26	13	16	32	43	30	22	41	26	24	9	21	30	30	36	30	41	26	6	22	27	34	39	37	34	8	12	27	30	21	51	27	38	51	24	17	36	36	47	49	43	50	25	32	5	33	44	17	23	38	20	22	64	20	48	39	24	31	0	33	6	47	15	19	25	20	57	10	8	25	51	46	50	43	30	20	36	28	46	27	46	48	33	51	47	32	39	17	30	13	30	20	50	40	18	19	30	42	43	22	15	26	50	33	31	4	58	35	55	52	25	9	56	26	14	46	14	52	27	8	51	
74	10	13	49	24	63	50	10	13	18	23	42	60	56	16	61	58	45	71	61	26	50	46	30	26	23	56	30	18	38	36	38	49	63	62	23	30	44	41	34	40	13	13	32	37	38	10	19	30	37	34	32	17	44	42	38	43	7	31	20	29	32	5	59	32	16	49	65	46	21	50	50	55	64	36	4	48	16	13	43	12	37	67	49	59	44	49	14	33	0	33	30	41	50	51	20	27	42	41	53	56	18	20	50	63	47	60	6	13	46	46	41	43	59	23	65	59	20	42	21	33	17	36	56	27	23	38	62	20	55	44	49	23	9	39	29	63	39	28	50	55	40	60	46	19	45	47	20	56	25	55	
41	39	35	21	49	32	32	42	37	28	18	9	30	31	41	27	27	27	38	31	46	20	26	11	31	48	49	18	15	32	20	7	16	30	38	34	17	34	19	30	7	20	28	24	30	24	40	30	12	15	21	29	36	31	27	5	10	27	25	17	48	33	38	45	30	18	30	33	41	47	37	44	22	30	11	34	38	17	21	32	21	15	57	16	41	33	19	29	6	33	0	42	21	17	21	17	55	15	9	21	44	43	48	36	30	16	31	27	46	21	40	43	26	44	44	32	33	21	23	17	36	24	45	33	23	23	36	37	40	22	20	20	48	31	37	5	52	29	52	46	22	14	49	20	15	40	16	51	24	11	44	
77	23	44	63	17	60	35	28	18	46	45	48	56	45	17	65	57	33	74	58	9	63	34	32	11	16	31	26	33	64	28	43	57	66	49	53	27	25	34	60	50	28	20	22	20	27	24	47	49	34	25	17	12	29	29	46	51	27	20	26	8	59	29	38	58	36	36	65	22	18	31	26	57	67	52	34	28	34	26	26	34	34	41	53	41	26	48	18	47	30	42	0	61	55	50	27	24	57	52	54	34	17	21	32	70	48	54	28	28	40	23	14	31	38	11	70	49	44	32	42	61	43	6	43	52	49	65	50	10	64	62	46	16	21	66	43	40	23	17	24	57	56	36	42	38	21	58	27	58	43	33	
45	50	35	12	63	44	53	51	50	26	17	24	44	50	54	34	40	48	43	45	62	15	48	32	50	61	70	38	28	16	42	27	22	37	56	27	37	56	41	16	19	33	42	45	51	45	50	26	12	37	43	49	51	52	49	21	21	37	45	35	64	20	46	66	17	25	51	43	62	60	58	65	33	37	10	39	59	27	35	53	29	37	79	29	62	55	36	44	15	41	21	61	0	27	36	34	68	8	17	34	66	57	60	57	32	32	47	37	55	41	61	63	48	65	59	35	52	21	44	20	23	24	64	53	15	19	20	55	55	24	6	39	61	44	21	18	73	51	66	67	33	7	71	39	23	62	16	61	35	18	66	
24	56	51	18	64	17	32	59	53	43	33	7	17	26	57	10	13	29	21	17	60	15	28	23	43	63	52	29	31	42	27	12	5	13	31	49	28	40	23	41	10	37	43	33	38	30	56	45	25	21	30	38	51	35	32	12	7	43	35	33	61	45	55	45	42	34	30	17	47	63	39	49	6	13	20	51	42	34	38	37	38	21	58	3	39	38	11	44	19	50	17	55	27	0	10	32	71	18	11	7	46	59	64	38	14	9	20	44	62	20	46	51	30	44	59	15	26	36	27	32	48	40	55	29	37	38	46	29	55	10	22	14	63	48	47	21	52	36	67	52	6	19	51	17	32	47	11	68	8	26	46	
26	55	56	29	62	11	23	59	52	49	39	12	9	15	55	15	7	20	24	10	57	26	19	21	39	60	43	25	33	51	22	14	16	16	20	55	24	31	16	49	17	38	43	28	32	23	56	51	32	16	25	33	49	26	24	17	15	44	30	32	58	53	56	34	50	38	21	14	38	61	30	40	8	17	28	53	33	36	39	28	40	16	48	7	29	29	2	43	25	51	21	50	36	10	0	32	69	28	19	5	36	57	63	29	22	5	10	45	63	11	37	44	21	33	56	21	15	42	19	38	56	45	50	19	44	44	55	19	52	20	32	5	60	47	56	26	42	29	65	43	8	29	41	8	36	39	21	67	8	32	37	
56	23	28	37	32	43	31	27	21	25	20	24	40	36	24	43	39	25	53	41	29	37	26	10	16	31	41	10	7	39	16	19	33	45	42	32	10	27	21	35	24	7	11	15	21	19	24	27	22	17	15	17	19	26	23	21	27	13	14	1	31	36	24	42	34	12	29	46	31	30	33	36	36	46	25	23	32	9	7	26	12	17	51	31	40	27	29	12	20	20	17	27	34	32	32	0	39	30	26	34	39	27	31	32	46	27	40	14	30	26	31	30	24	41	27	48	39	20	22	17	39	21	30	36	27	25	41	42	23	39	35	29	31	15	42	16	47	22	35	37	36	29	44	26	13	31	33	35	38	16	39	
95	17	39	74	7	80	58	18	18	45	50	63	76	67	14	82	76	55	92	78	15	75	56	48	31	8	55	44	41	65	48	58	72	84	72	50	44	48	54	61	63	35	27	42	42	48	17	46	56	52	45	39	20	52	51	60	66	30	41	38	16	59	22	62	59	42	58	84	46	8	55	50	74	84	61	30	52	41	34	49	38	52	65	70	65	50	66	26	57	27	55	24	68	71	69	39	0	67	65	72	58	12	7	56	85	65	75	30	15	60	47	38	53	62	13	87	71	47	53	47	60	44	30	66	55	50	65	73	17	78	71	65	8	24	66	53	64	46	7	48	74	65	60	62	44	45	71	8	76	50	57	
37	50	39	7	61	36	45	52	49	30	20	16	35	42	53	26	31	40	35	36	60	8	40	26	46	60	63	33	26	24	35	19	13	29	48	33	32	49	33	24	11	31	40	39	45	38	50	31	11	30	36	44	49	45	42	13	12	37	40	31	61	28	47	58	25	25	43	34	56	59	51	59	24	29	5	41	52	26	33	46	29	30	71	20	54	48	27	42	10	42	15	57	8	18	28	30	67	0	8	25	58	55	59	50	24	24	38	37	55	33	55	58	40	57	57	27	43	23	37	21	31	27	60	45	20	23	28	46	53	16	5	30	60	43	29	14	65	44	65	61	24	2	63	31	23	55	8	62	26	16	59	
33	48	41	12	59	28	37	51	47	33	22	7	27	33	51	20	23	32	31	28	56	11	32	20	41	57	55	27	24	31	28	11	7	23	39	38	26	42	25	30	3	29	37	33	39	31	49	34	14	22	30	38	46	37	34	6	4	36	34	27	57	34	47	50	31	25	35	28	48	57	43	51	17	23	9	42	45	25	31	39	29	22	63	12	46	40	19	38	8	41	9	52	17	11	19	26	65	8	0	17	50	53	58	42	21	15	30	36	55	25	48	52	32	49	54	23	34	26	29	22	37	29	54	36	26	27	35	38	50	13	13	21	57	41	37	12	57	37	62	54	17	9	55	22	23	48	6	60	19	17	51	
22	58	56	25	65	11	28	62	55	49	39	12	10	20	58	10	6	25	20	10	61	22	24	24	43	64	48	29	35	49	26	15	12	11	24	55	28	36	20	48	16	40	45	32	36	28	59	51	31	20	29	37	52	31	28	17	13	46	34	35	62	51	58	39	49	39	26	12	43	64	35	45	3	12	26	55	38	37	41	33	42	20	53	5	34	34	7	46	25	53	21	54	34	7	5	34	72	25	17	0	41	60	66	34	17	7	13	47	65	16	42	49	26	38	60	16	19	42	24	38	55	45	54	24	43	44	53	23	55	15	29	10	64	50	54	26	47	33	68	48	3	26	46	13	36	43	18	70	3	32	42	
59	53	67	62	51	40	13	58	48	64	58	43	36	22	49	51	40	17	57	37	43	60	18	34	30	50	7	29	46	76	24	39	50	51	21	72	30	12	25	73	47	46	43	24	19	21	54	66	56	28	24	23	42	13	17	45	47	50	25	39	42	75	57	4	72	52	15	46	12	52	7	8	44	52	55	60	7	49	45	13	52	28	13	42	9	12	34	41	51	56	44	34	66	46	36	39	58	58	50	41	0	50	55	8	58	37	32	51	60	25	11	20	18	5	45	57	24	59	21	55	77	60	29	18	65	63	79	23	43	56	63	31	50	47	80	48	7	17	51	12	44	58	5	28	51	13	55	61	44	52	1	
83	8	31	63	6	69	48	12	6	36	39	51	65	57	2	70	65	44	80	66	9	63	45	36	20	5	47	32	29	56	37	46	60	72	61	41	33	39	43	52	51	24	15	31	32	37	8	37	45	41	34	28	8	41	40	48	54	19	30	26	12	50	14	54	50	31	48	72	38	3	46	42	62	72	50	21	43	29	22	39	27	41	58	57	55	40	55	14	46	18	43	17	57	59	57	27	12	55	53	60	50	0	5	46	73	53	64	19	11	49	39	30	42	54	6	75	60	37	42	36	51	35	23	55	45	41	56	62	7	66	59	54	5	12	57	42	56	35	10	40	62	54	52	50	33	37	59	11	64	39	49	
88	10	32	67	5	74	53	11	10	38	42	56	70	62	7	74	70	49	85	71	13	67	51	41	25	5	52	37	34	58	42	51	64	77	67	43	38	44	48	54	56	28	20	36	37	43	10	39	49	46	39	34	14	47	46	53	58	22	35	31	14	52	15	59	52	34	53	77	43	3	51	47	68	77	54	23	48	33	26	44	31	46	62	62	60	45	60	19	50	20	48	21	60	64	63	31	7	59	58	66	55	5	0	51	78	59	69	22	9	54	44	35	47	59	10	79	65	40	47	40	53	37	27	61	47	43	58	68	12	71	63	59	5	16	59	46	61	41	8	45	68	58	57	56	37	42	64	6	69	43	54	
53	49	60	54	48	34	6	54	44	57	51	35	30	16	45	44	33	9	51	31	41	52	10	26	26	47	14	22	39	68	17	31	43	44	18	65	23	7	17	65	39	39	37	18	14	13	50	59	48	20	17	18	38	5	9	37	39	43	18	32	40	67	52	9	65	44	8	40	12	48	1	11	37	45	47	54	5	42	38	7	45	20	21	35	9	6	27	36	43	50	36	32	57	38	29	32	56	50	42	34	8	46	51	0	51	29	26	44	56	18	10	20	10	8	42	50	19	52	13	48	70	53	28	13	58	56	71	19	39	48	55	24	47	42	72	40	15	11	49	15	37	50	13	21	44	12	47	57	37	44	8	
13	70	63	20	79	20	45	73	68	54	43	22	23	36	71	7	18	42	11	22	75	17	41	37	58	77	65	43	45	48	42	27	14	8	39	58	42	53	37	48	22	50	58	48	53	44	70	55	34	36	44	53	65	48	45	25	19	57	49	47	76	52	68	56	49	47	43	15	60	77	52	62	14	7	29	64	55	47	52	50	50	36	69	17	50	51	24	59	30	63	30	70	32	14	22	46	85	24	21	17	58	73	78	51	0	22	27	58	76	33	59	66	43	55	74	3	35	47	40	44	55	50	70	40	45	47	52	37	69	8	26	27	77	62	53	33	63	50	82	65	14	26	63	30	44	60	17	82	14	38	59	
29	51	51	26	58	16	23	55	48	44	34	8	14	18	51	17	11	20	27	15	54	23	19	17	36	57	43	22	29	46	19	9	13	18	24	50	21	31	14	45	13	33	38	25	30	21	52	46	27	13	22	30	45	26	23	12	11	40	27	28	55	48	51	36	45	33	21	18	38	57	30	40	9	19	23	49	33	31	34	28	35	13	49	6	31	29	3	39	20	47	16	48	32	9	5	27	65	24	15	7	37	53	59	29	22	0	15	41	58	11	37	43	21	35	53	22	19	37	18	33	51	40	47	21	39	39	50	22	48	19	29	6	57	43	51	21	43	27	61	43	9	25	42	8	31	38	18	63	10	27	37	
27	63	66	38	67	8	21	67	59	59	49	23	4	10	62	20	8	21	25	5	62	36	19	29	44	66	40	31	43	62	26	24	26	19	12	65	31	31	20	60	28	46	50	33	34	27	64	61	42	23	29	36	55	26	25	28	25	53	34	40	62	63	64	30	61	48	19	14	38	67	27	38	15	20	39	62	31	46	47	29	50	23	43	18	24	29	12	50	36	60	31	54	47	20	10	40	75	38	30	13	32	64	69	26	27	15	0	54	70	14	37	46	23	29	61	25	8	52	22	48	67	55	52	14	54	54	65	10	57	28	43	11	66	55	67	36	37	31	70	42	15	39	37	13	46	38	32	74	14	42	33	
69	12	17	44	25	57	44	14	13	18	20	36	54	50	17	55	52	39	66	55	26	45	40	24	22	24	51	24	12	37	30	32	43	57	56	25	24	39	35	33	35	7	8	26	31	32	13	19	26	31	28	27	15	39	36	32	38	1	26	14	28	32	10	54	31	12	43	59	41	22	45	45	49	58	31	9	43	11	7	37	8	31	62	43	53	39	43	10	28	6	27	28	37	44	45	14	30	37	36	47	51	19	22	44	58	41	54	0	18	40	41	37	37	53	23	59	53	18	36	17	33	16	33	50	26	22	37	56	19	50	41	43	24	7	39	24	58	33	29	45	49	35	55	40	14	40	42	24	51	21	50	
87	7	24	63	15	74	57	3	12	30	37	55	71	64	11	73	70	52	84	72	21	64	53	41	30	14	58	38	31	50	44	50	62	76	70	35	39	49	50	46	53	25	20	39	42	45	6	31	44	47	41	38	18	51	49	51	56	19	38	30	23	44	8	64	44	30	56	77	48	12	56	53	67	76	50	15	53	29	24	49	26	47	69	61	65	50	60	20	46	13	46	28	55	62	63	30	15	55	55	65	60	11	9	56	76	58	70	18	0	55	49	42	50	64	18	78	68	34	50	34	45	31	35	63	41	37	50	70	18	68	58	60	14	15	51	43	67	45	18	51	67	53	63	57	32	47	60	7	68	39	59	
38	48	53	36	53	20	12	53	44	47	39	17	16	10	47	26	17	9	35	17	47	34	8	16	29	51	32	17	30	54	12	14	25	27	16	54	16	20	5	52	22	33	35	18	21	12	49	49	33	9	15	22	40	15	12	20	21	39	19	26	48	54	50	25	51	35	10	25	27	52	19	29	19	28	31	49	22	33	33	17	37	9	38	17	20	18	9	35	27	46	21	40	41	20	11	26	60	33	25	16	25	49	54	18	33	11	14	40	55	0	26	33	10	24	47	32	13	41	8	37	57	43	39	12	45	44	57	16	43	30	38	6	51	40	59	26	32	17	55	32	19	34	31	3	33	27	29	59	19	31	26	
63	43	58	60	40	44	16	48	37	56	52	41	40	26	38	52	43	17	61	41	32	58	18	29	20	39	10	23	38	70	19	36	50	53	29	64	24	6	23	67	44	37	33	17	10	16	44	58	51	25	18	14	31	11	14	42	45	40	17	31	31	68	47	15	66	44	17	50	1	41	9	4	45	54	51	50	5	41	36	9	43	25	20	43	18	8	35	31	46	46	40	23	61	46	37	31	47	55	48	42	11	39	44	10	59	37	37	41	49	26	0	10	16	15	34	59	30	52	19	49	70	53	18	23	59	56	72	30	32	56	60	32	39	37	74	43	17	10	40	6	45	55	13	29	44	2	53	50	45	46	10	
71	36	54	64	31	53	25	41	30	54	51	46	48	36	30	60	50	25	68	50	23	63	26	32	15	30	17	25	38	70	24	41	55	61	38	61	26	14	29	66	49	35	29	19	13	21	37	56	52	30	22	14	24	19	21	46	50	36	18	29	22	66	41	25	65	43	26	58	8	32	20	12	52	62	53	45	15	40	33	16	41	30	27	49	28	16	42	26	48	41	43	14	63	51	44	30	38	58	52	49	20	30	35	20	66	43	46	37	42	33	10	0	23	25	25	66	39	51	25	48	69	51	8	33	58	55	72	40	24	61	63	39	30	32	73	45	26	15	31	10	52	57	22	36	43	8	58	41	53	46	19	
48	43	52	44	45	30	7	48	38	48	41	25	25	14	40	37	27	2	45	27	39	43	3	17	21	44	23	13	29	58	7	21	34	37	19	55	13	10	7	55	29	31	31	11	11	5	44	50	38	10	9	13	33	5	2	27	29	36	12	23	39	57	46	19	55	35	6	35	17	45	10	19	29	38	37	46	12	33	30	7	36	10	31	27	16	8	19	30	33	43	26	31	48	30	21	24	53	40	32	26	18	42	47	10	43	21	23	37	50	10	16	23	0	18	39	43	18	42	3	38	60	44	29	13	48	46	61	20	35	40	46	16	44	36	62	30	25	7	47	22	29	40	23	13	34	17	38	53	30	34	18	
56	57	69	61	55	37	12	62	52	66	59	42	33	19	53	48	37	17	54	34	47	59	17	35	34	54	12	31	48	77	25	38	49	48	17	74	31	15	24	74	46	48	46	26	22	22	58	68	56	29	26	26	46	14	18	44	46	52	27	41	47	76	61	1	73	53	14	43	16	56	8	13	41	49	55	62	11	51	47	15	54	29	14	41	5	14	32	44	51	59	44	38	65	44	33	41	62	57	49	38	5	54	59	8	55	35	29	53	64	24	15	25	18	0	49	54	21	61	21	57	79	62	33	15	66	65	79	19	47	54	63	29	54	50	81	48	8	19	56	17	41	58	8	27	53	17	54	65	41	53	6	
82	14	37	64	6	67	44	18	10	40	43	51	63	54	7	69	63	41	80	64	3	65	42	36	17	5	42	31	32	60	35	46	60	71	58	47	31	34	41	56	52	26	17	28	28	34	15	42	48	39	32	25	8	38	37	49	54	23	27	26	5	54	20	49	54	34	44	71	33	7	41	37	62	72	52	27	38	32	24	35	31	39	52	57	51	36	53	15	47	23	44	11	59	59	56	27	13	57	54	60	45	6	10	42	74	53	61	23	18	47	34	25	39	49	0	75	57	41	39	40	56	39	17	52	49	45	60	59	4	67	62	52	5	16	61	43	51	32	8	35	62	56	47	49	36	32	60	16	63	41	44	
10	71	65	23	80	18	44	74	69	56	46	23	21	35	72	6	17	41	8	20	76	20	40	38	59	78	64	44	47	51	42	28	16	6	38	60	43	53	37	51	24	52	59	48	53	44	72	58	37	36	45	53	66	47	45	27	21	59	50	48	77	55	70	55	52	49	42	13	60	78	51	61	13	5	31	66	54	48	53	50	52	36	68	17	49	50	23	60	32	65	32	70	35	15	21	48	87	27	23	16	57	75	79	50	3	22	25	59	78	32	59	66	43	54	75	0	33	49	40	46	58	53	70	39	48	50	55	36	70	11	29	26	78	63	56	35	62	50	83	64	13	29	62	29	46	60	19	83	13	40	58	
35	60	66	44	63	16	14	65	56	60	51	27	12	3	58	27	16	16	33	13	57	42	14	29	40	62	32	29	43	65	23	26	32	27	5	67	29	25	18	63	32	46	48	29	29	22	61	62	45	22	26	32	51	20	20	31	30	52	30	39	57	66	62	22	63	48	13	22	31	63	20	31	22	28	42	62	24	46	46	23	50	22	35	23	16	23	15	47	39	59	33	49	52	26	15	39	71	43	34	19	24	60	65	19	35	19	8	53	68	13	30	39	18	21	57	33	0	53	18	49	69	56	46	6	57	56	69	3	54	35	48	13	62	53	70	38	29	25	65	34	22	44	29	13	46	32	37	71	21	44	25	
59	29	15	30	43	53	49	30	31	7	3	30	51	51	35	46	48	43	57	52	44	32	44	25	35	42	62	29	13	19	35	28	33	49	57	13	29	48	37	15	26	16	24	35	41	38	30	9	12	33	34	38	33	46	43	25	29	18	35	21	46	15	26	61	14	8	47	53	52	40	52	56	42	50	18	18	52	10	18	46	10	33	72	37	59	47	40	26	17	20	21	44	21	36	42	20	47	23	26	42	59	37	40	52	47	37	52	18	34	41	52	51	42	61	41	49	53	0	40	4	18	3	49	52	8	4	21	57	37	38	25	41	42	25	22	16	67	42	47	57	42	21	64	40	7	51	30	40	44	10	59	
46	42	50	41	46	28	9	47	38	46	38	22	24	14	40	34	25	3	43	25	40	40	4	14	22	44	26	12	27	55	6	18	31	35	20	53	12	13	4	53	26	29	30	11	13	5	43	48	35	7	8	14	33	8	5	24	26	35	12	22	40	55	45	21	52	33	7	33	20	45	13	22	26	36	34	45	15	31	29	10	34	7	34	24	18	11	16	29	30	42	23	32	44	27	19	22	53	37	29	24	21	42	47	13	40	18	22	36	50	8	19	25	3	21	39	40	18	40	0	36	58	42	31	14	45	44	58	20	36	37	42	14	44	35	60	27	28	9	48	25	26	37	26	10	32	20	34	53	27	32	21	
56	30	18	28	42	49	45	31	30	11	3	26	47	47	34	43	44	39	53	48	43	29	40	21	33	41	58	26	10	21	31	24	30	46	53	17	25	44	33	18	22	14	23	31	38	34	30	13	9	29	31	35	32	42	39	21	25	17	32	18	45	19	26	57	17	6	43	49	49	40	49	53	38	46	15	20	48	8	16	42	9	29	68	33	55	43	36	25	13	21	17	42	20	32	38	17	47	21	22	38	55	36	40	48	44	33	48	17	34	37	49	48	38	57	40	46	49	4	36	0	21	7	47	48	10	7	23	53	36	35	23	37	41	24	25	12	63	38	46	54	38	19	60	36	4	48	27	41	40	6	55	
68	43	21	35	57	66	67	42	46	15	19	43	65	67	49	57	61	61	66	65	59	38	61	43	53	56	80	48	31	8	53	43	44	60	74	10	47	66	54	7	39	34	41	53	60	56	43	14	24	50	53	56	49	64	61	38	41	34	53	39	62	3	38	79	6	26	65	65	70	54	70	75	54	60	28	30	70	29	35	64	27	50	90	50	76	65	55	43	30	33	36	61	23	48	56	39	60	31	37	55	77	51	53	70	55	51	67	33	45	57	70	69	60	79	56	58	69	18	58	21	0	18	67	69	12	14	5	73	53	47	29	57	56	40	6	31	85	60	61	76	54	29	82	56	26	70	39	52	56	26	77	
63	27	12	34	41	56	51	27	29	4	7	33	54	53	33	50	51	45	60	55	42	35	46	27	35	40	62	31	14	21	36	31	37	53	60	11	30	49	39	17	29	15	23	36	42	39	27	6	16	35	36	38	31	47	44	28	32	16	36	21	44	16	23	62	15	8	49	56	53	38	54	57	45	53	21	15	53	11	17	47	9	35	73	40	60	48	43	25	20	17	24	43	24	40	45	21	44	27	29	45	60	35	37	53	50	40	55	16	31	43	53	51	44	62	39	53	56	3	42	7	18	0	48	55	10	6	21	59	35	42	29	44	40	23	23	19	68	43	45	58	45	25	65	42	9	52	34	37	47	13	60	
77	30	50	66	23	59	32	34	25	51	50	49	55	43	23	64	56	31	74	56	15	65	32	34	14	22	25	27	37	68	28	44	58	66	46	58	28	21	34	65	51	33	25	22	18	26	31	53	52	34	25	17	19	26	27	48	53	33	20	29	14	64	35	33	63	41	33	64	17	24	27	20	57	67	55	41	23	38	31	23	39	34	35	53	36	23	47	23	50	36	45	6	64	55	50	30	30	60	54	54	29	23	27	28	70	47	52	33	35	39	18	8	29	33	17	70	46	49	31	47	67	48	0	40	57	53	70	47	17	65	65	45	22	27	71	46	34	21	23	18	57	59	30	41	42	16	60	33	58	46	27	
41	56	64	47	58	22	7	61	52	59	50	29	18	4	54	33	22	11	39	19	51	45	10	27	35	57	25	26	41	66	20	27	35	33	6	66	26	19	15	64	33	43	44	24	23	18	57	61	46	19	22	26	46	14	14	32	32	49	25	36	51	66	59	16	64	46	7	28	25	58	13	24	26	34	43	59	18	44	43	17	48	19	29	26	10	17	18	43	40	56	33	43	53	29	19	36	66	45	36	24	18	55	61	13	40	21	14	50	63	12	23	33	13	15	52	39	6	52	14	48	69	55	40	0	57	56	69	7	49	39	50	15	57	49	71	38	23	20	60	28	26	45	23	14	45	25	40	66	26	43	19	
58	37	19	26	51	54	55	37	39	10	7	31	52	55	43	46	49	49	56	53	52	29	49	31	43	50	68	36	20	11	41	31	33	49	61	12	35	54	42	8	27	24	32	42	48	44	37	11	12	38	41	45	41	52	48	26	30	26	42	28	54	9	33	67	7	15	53	54	59	48	58	63	43	49	17	25	58	18	25	52	18	38	78	38	64	53	42	34	18	27	23	52	15	37	44	27	55	20	26	43	65	45	47	58	45	39	54	26	41	45	59	58	48	66	49	48	57	8	45	10	12	10	57	57	0	4	13	60	45	37	21	44	50	33	15	18	73	48	55	64	43	18	70	43	14	58	28	48	45	13	65	
60	33	16	29	47	55	53	33	35	7	5	32	53	54	39	47	50	47	57	54	48	31	48	29	40	46	66	33	17	15	39	30	34	50	61	11	33	52	41	11	28	20	28	39	46	42	33	8	13	36	38	42	37	50	47	27	31	22	39	25	50	11	29	65	9	12	51	55	56	44	56	60	44	50	18	21	56	15	22	50	14	36	76	39	62	51	42	31	19	23	23	49	19	38	44	25	50	23	27	44	63	41	43	56	47	39	54	22	37	44	56	55	46	65	45	50	56	4	44	7	14	6	53	56	4	0	16	60	41	39	24	44	46	29	17	18	71	46	51	62	44	21	68	43	12	56	30	43	46	12	63	
65	48	26	32	62	64	68	47	50	20	20	42	63	67	54	54	59	62	63	64	64	35	62	44	56	61	82	49	34	4	54	43	41	57	73	15	48	68	55	5	37	37	45	55	62	58	48	19	23	51	54	59	53	65	62	38	40	38	55	42	66	6	43	80	6	29	66	62	73	59	72	77	52	57	26	35	72	31	39	65	31	51	92	48	77	67	54	47	30	38	36	65	20	46	55	41	65	28	35	53	79	56	58	71	52	50	65	37	50	57	72	72	61	79	60	55	69	21	58	23	5	21	70	69	13	16	0	72	57	44	26	56	61	44	1	31	86	62	66	78	52	26	84	56	28	72	36	57	54	26	79	
37	63	69	48	65	18	15	68	58	63	55	30	14	6	61	30	19	18	35	15	59	45	16	32	42	64	31	32	46	69	26	29	35	29	2	70	32	26	21	67	35	49	50	31	30	25	64	65	49	25	28	34	53	21	21	34	34	55	32	42	59	70	65	20	67	51	14	24	31	65	20	31	25	30	46	65	24	49	49	24	53	25	33	26	14	24	19	50	42	62	37	50	55	29	19	42	73	46	38	23	23	62	68	19	37	22	10	56	70	16	30	40	20	19	59	36	3	57	20	53	73	59	47	7	60	60	72	0	56	38	51	16	64	55	74	42	27	27	67	34	25	47	27	17	50	32	41	73	24	47	25	
78	12	34	60	10	63	41	17	7	37	39	47	59	50	6	65	59	38	75	60	7	60	39	32	13	8	40	26	27	56	31	42	56	67	55	44	27	32	37	52	47	22	13	25	25	31	13	38	43	35	28	22	4	35	34	44	50	19	23	22	9	51	18	47	50	30	41	67	31	9	39	35	58	68	47	24	36	28	20	32	27	35	51	53	48	33	49	11	43	20	40	10	55	55	52	23	17	53	50	55	43	7	12	39	69	48	57	19	18	43	32	24	35	47	4	70	54	37	36	36	53	35	17	49	45	41	57	56	0	62	57	48	8	12	58	39	49	29	12	33	58	51	45	45	32	30	56	18	59	37	42	
21	62	54	12	72	23	42	65	60	45	35	15	24	35	64	10	19	39	19	24	68	9	38	31	52	70	62	37	37	40	37	21	6	13	40	49	37	50	33	40	15	43	50	43	48	40	62	47	26	31	39	48	58	45	42	18	12	49	44	40	70	44	60	55	41	39	40	20	57	70	49	59	13	13	20	55	52	38	44	47	42	31	68	13	49	48	21	51	22	55	22	64	24	10	20	39	78	16	13	15	56	66	71	48	8	19	28	50	68	30	56	61	40	54	67	11	35	38	37	35	47	42	65	39	37	39	44	38	62	0	18	24	70	54	45	25	62	46	75	62	13	18	61	27	36	57	8	74	14	30	56	
39	53	40	6	65	39	51	55	53	31	22	21	39	47	57	28	35	46	37	40	64	9	45	31	51	64	69	38	30	22	40	24	17	31	53	33	37	55	38	22	16	35	44	44	51	44	54	32	14	35	42	49	53	51	47	18	17	40	45	36	66	26	50	64	23	29	48	37	61	63	56	64	28	31	10	44	58	30	37	52	32	35	76	25	59	53	32	46	15	44	20	62	6	22	32	35	71	5	13	29	63	59	63	55	26	29	43	41	58	38	60	63	46	63	62	29	48	25	42	23	29	29	65	50	21	24	26	51	57	18	0	35	64	47	27	19	71	50	69	66	28	6	69	36	26	61	11	65	29	20	64	
31	52	55	32	58	15	18	57	49	48	39	14	11	12	52	20	11	15	29	12	53	30	14	18	35	57	38	21	32	52	17	13	20	21	17	55	21	26	11	50	19	35	39	24	27	18	53	50	32	13	20	28	45	21	18	18	17	42	25	29	53	53	53	30	51	37	16	19	33	57	25	35	13	22	29	51	28	35	36	23	39	13	43	11	25	24	3	39	26	49	20	46	39	14	5	29	65	30	21	10	31	54	59	24	27	6	11	43	60	6	32	39	16	29	52	26	13	41	14	37	57	44	45	15	44	44	56	16	48	24	35	0	57	44	57	25	37	24	60	38	13	31	36	3	35	33	25	64	13	31	32	
87	13	36	67	1	72	49	16	11	41	44	55	68	59	7	73	68	46	84	69	7	67	47	40	22	0	47	35	34	61	39	50	64	75	63	46	36	40	46	57	55	28	20	33	33	39	13	42	50	44	36	30	12	43	42	52	58	24	32	30	8	55	18	54	55	35	49	75	38	2	47	42	66	76	54	26	43	34	26	40	32	44	57	61	56	41	58	18	50	23	48	16	61	63	60	31	8	60	57	64	50	5	5	47	77	57	66	24	14	51	39	30	44	54	5	78	62	42	44	41	56	40	22	57	50	46	61	64	8	70	64	57	0	17	62	46	56	37	5	40	66	58	52	53	38	37	64	11	67	44	49	
72	8	22	50	18	59	43	12	6	25	27	40	55	49	10	58	55	38	69	57	19	51	39	26	17	17	47	23	17	44	29	35	48	61	55	31	24	35	35	40	39	11	5	25	28	31	8	26	32	31	27	24	8	37	35	36	42	7	24	15	21	39	10	51	38	18	42	62	37	16	42	41	52	61	37	13	40	17	10	35	15	31	58	47	51	36	45	6	33	9	31	21	44	48	47	15	24	43	41	50	47	12	16	42	62	43	55	7	15	40	37	32	36	50	16	63	53	25	35	24	40	23	27	49	33	29	44	55	12	54	47	44	17	0	46	29	55	31	22	41	52	41	51	41	20	36	47	19	53	26	47	
66	49	27	33	63	65	69	48	51	21	22	43	64	69	55	55	60	63	64	65	65	36	63	45	58	62	83	51	35	5	55	44	42	58	75	16	50	69	56	7	39	38	46	57	63	59	49	20	25	52	55	60	54	67	63	39	41	39	57	43	67	7	44	82	8	30	67	64	74	60	73	78	53	58	28	36	73	33	40	67	32	52	93	49	78	68	55	48	31	39	37	66	21	47	56	42	66	29	37	54	80	57	59	72	53	51	67	39	51	59	74	73	62	81	61	56	70	22	60	25	6	23	71	71	15	17	1	74	58	45	27	57	62	46	0	32	88	63	67	79	53	27	85	57	29	73	37	58	55	28	80	
45	37	30	21	47	37	36	39	35	23	13	14	35	36	39	31	32	31	42	36	45	21	31	13	32	46	52	20	12	28	23	12	19	34	42	29	19	38	24	25	11	18	26	26	33	27	37	25	7	19	24	31	35	35	31	9	14	24	27	17	47	28	35	49	25	13	34	37	43	45	41	47	26	34	9	30	41	13	19	35	17	19	61	21	46	36	24	27	4	29	5	43	18	21	26	16	53	14	12	26	48	42	46	40	33	21	36	24	43	26	43	45	30	48	43	35	38	16	27	12	31	19	46	38	18	18	31	42	39	25	19	25	46	29	32	0	56	32	51	49	26	13	53	25	11	43	17	49	28	6	48	
64	60	75	69	57	45	20	65	55	72	66	50	41	27	55	56	45	25	62	42	49	67	25	42	37	56	9	37	54	84	32	46	57	56	25	80	38	19	32	81	54	53	50	32	26	29	61	74	63	36	32	30	49	21	24	52	54	57	32	46	48	82	64	7	80	60	22	51	18	58	14	14	50	57	63	67	15	57	52	21	59	36	6	49	13	20	40	49	58	63	52	40	73	52	42	47	64	65	57	47	7	56	61	15	63	43	37	58	67	32	17	26	25	8	51	62	29	67	28	63	85	68	34	23	73	71	86	27	49	62	71	37	56	55	88	56	0	25	57	16	50	66	4	35	59	19	62	67	49	60	8	
55	38	50	49	38	38	12	43	33	47	41	31	33	22	34	44	35	9	53	35	31	48	11	18	15	37	20	12	29	60	9	26	40	45	26	55	13	5	13	56	34	28	26	7	3	6	39	49	40	15	8	7	27	6	5	31	35	32	7	21	31	58	41	20	55	34	12	43	11	38	11	14	36	46	40	43	10	32	27	4	34	15	29	33	20	5	26	25	35	39	29	23	51	36	29	22	46	44	37	33	17	35	41	11	50	27	31	33	45	17	10	15	7	19	32	50	25	42	9	38	60	43	21	20	48	46	62	27	29	46	50	24	37	31	63	32	25	0	40	16	36	44	22	20	34	11	43	46	37	35	17	
91	18	41	72	4	75	52	20	16	46	49	60	71	62	12	78	72	49	88	73	8	72	51	44	25	5	48	39	39	66	43	55	68	80	66	51	40	42	49	62	60	33	25	37	36	43	18	47	55	48	40	33	16	46	45	57	62	29	35	34	9	60	23	56	60	41	52	79	39	7	49	43	70	80	59	31	45	39	31	43	37	48	58	66	58	44	62	23	55	28	52	17	66	67	65	35	7	65	62	68	51	10	8	49	82	61	70	29	18	55	40	31	47	56	8	83	65	47	48	46	61	45	23	60	55	51	66	67	12	75	69	60	5	22	67	51	57	40	0	41	70	63	53	57	43	38	68	13	72	49	50	
68	45	62	66	41	49	21	50	40	61	57	47	45	31	40	58	48	23	66	46	33	64	24	35	23	40	7	29	44	76	25	42	56	59	33	69	29	12	29	72	50	42	37	22	16	22	46	63	56	31	24	19	34	17	20	48	51	45	22	36	32	73	50	16	71	49	22	55	5	42	14	3	51	60	57	54	10	46	41	15	48	31	17	49	21	14	41	35	52	50	46	24	67	52	43	37	48	61	54	48	12	40	45	15	65	43	42	45	51	32	6	10	22	17	35	64	34	57	25	54	76	58	18	28	64	62	78	34	33	62	66	38	40	41	79	49	16	16	41	0	51	61	12	35	50	5	59	51	51	51	10	
20	60	57	23	67	11	31	63	57	49	39	12	12	23	60	7	7	28	17	12	63	20	27	26	46	66	51	31	36	48	29	16	11	9	27	55	30	39	23	47	16	41	47	35	39	31	61	51	31	23	31	40	54	34	31	17	13	48	36	37	64	51	60	42	48	40	29	11	46	66	38	48	0	10	26	56	41	39	42	36	43	23	56	5	37	37	10	48	25	55	22	57	33	6	8	36	74	24	17	3	44	62	68	37	14	9	15	49	67	19	45	52	29	41	62	13	22	42	26	38	54	45	57	26	43	44	52	25	58	13	28	13	66	52	53	26	50	36	70	51	0	25	49	16	37	46	17	72	2	32	45	
39	48	36	9	60	37	46	50	47	27	17	17	37	43	52	28	32	40	37	37	58	10	40	25	45	58	63	32	24	22	35	19	15	31	49	31	31	49	33	22	12	30	38	38	45	38	48	29	9	29	36	43	47	45	42	13	13	35	39	30	60	26	45	59	23	23	43	36	55	57	51	58	25	31	4	39	52	24	31	46	27	29	71	21	54	47	28	40	9	40	14	56	7	19	29	29	65	2	9	26	58	54	58	50	26	25	39	35	53	34	55	57	40	58	56	29	44	21	37	19	29	25	59	45	18	21	26	47	51	18	6	31	58	41	27	13	66	44	63	61	25	0	64	31	21	55	10	60	27	14	59	
64	56	71	67	53	45	18	61	51	69	63	48	41	27	51	56	45	23	62	42	45	65	23	39	33	52	5	34	51	81	29	44	56	56	25	77	35	16	30	78	52	50	47	29	23	26	57	71	61	34	29	27	45	18	22	50	52	54	29	43	44	79	61	7	77	56	20	51	14	54	12	10	49	57	61	63	12	54	49	18	56	34	7	48	13	16	39	45	56	60	49	36	71	51	41	44	60	63	55	46	5	52	57	13	63	42	37	55	63	31	13	22	23	8	47	62	29	64	26	60	82	65	30	23	70	68	84	27	45	61	69	36	52	51	85	53	4	22	53	12	49	64	0	34	56	15	60	63	49	57	5	
35	49	53	34	55	18	15	54	46	46	37	15	14	11	48	23	15	12	32	15	49	31	11	16	31	53	35	18	30	52	14	13	22	24	17	53	17	23	7	50	19	33	36	20	23	15	50	49	32	9	16	25	41	18	15	18	18	39	21	26	50	53	50	28	50	35	13	22	30	54	22	32	16	25	29	49	25	33	33	20	37	9	41	14	23	21	6	36	26	46	20	42	39	17	8	26	62	31	22	13	28	50	56	21	30	8	13	40	57	3	29	36	13	27	49	29	13	40	10	36	56	42	41	14	43	43	56	17	45	27	36	3	53	41	57	25	35	20	57	35	16	31	34	0	33	30	26	60	16	30	29	
56	27	20	30	39	47	42	29	27	13	7	25	45	44	31	42	42	36	53	46	39	31	36	18	28	38	54	22	5	26	27	22	30	45	50	21	21	40	30	22	22	10	19	27	34	30	27	15	12	25	27	30	28	38	35	20	25	14	27	13	41	23	24	53	21	2	40	48	44	37	45	48	37	46	17	19	44	4	12	38	6	25	64	32	51	39	34	21	14	19	15	38	23	32	36	13	44	23	23	36	51	33	37	44	44	31	46	14	32	33	44	43	34	53	36	46	46	7	32	4	26	9	42	45	14	12	28	50	32	36	26	35	38	20	29	11	59	34	43	50	37	21	56	33	0	44	28	39	39	6	51	
65	41	57	60	38	46	18	46	36	55	51	42	42	28	36	54	44	18	62	43	30	59	19	29	18	37	11	23	38	70	20	37	51	55	31	63	24	7	24	66	45	36	32	17	10	17	42	58	50	26	18	13	29	12	15	42	46	39	16	30	29	67	45	17	65	43	19	52	1	39	12	5	46	56	51	49	7	41	35	10	43	26	21	44	20	9	36	30	46	45	40	21	62	47	39	31	45	55	48	43	13	37	42	12	60	38	38	40	47	27	2	8	17	17	32	60	32	51	20	48	70	52	16	25	58	56	72	32	30	57	61	33	37	36	73	43	19	11	38	5	46	55	15	30	44	0	54	48	47	46	12	
29	54	46	7	65	28	42	57	53	37	26	12	28	37	57	18	24	37	27	29	62	5	37	26	47	64	61	33	30	32	34	17	5	21	42	41	32	47	30	32	9	35	43	39	45	37	55	38	17	28	36	44	52	43	39	12	8	41	40	34	64	36	53	55	33	31	39	26	54	63	48	57	17	21	12	47	50	31	37	44	34	28	68	14	50	45	22	45	14	47	16	58	16	11	21	33	71	8	6	18	55	59	64	47	17	18	32	42	60	29	53	58	38	54	60	19	37	30	34	27	39	34	60	40	28	30	36	41	56	8	11	25	64	47	37	17	62	43	68	59	17	10	60	26	28	54	0	66	18	22	55	
92	12	31	69	11	78	59	10	14	37	43	60	75	67	12	78	74	55	89	76	18	70	56	46	31	11	58	42	36	57	47	55	67	81	72	42	42	50	53	53	59	31	24	42	43	48	11	38	51	51	44	39	19	52	51	56	62	25	40	35	20	51	14	65	51	36	58	82	49	9	57	53	72	81	56	22	54	35	29	50	32	51	68	66	66	51	64	24	52	20	51	27	61	68	67	35	8	62	60	70	61	11	6	57	82	63	74	24	7	59	50	41	53	65	16	83	71	40	53	41	52	37	33	66	48	43	57	73	18	74	65	64	11	19	58	49	67	46	13	51	72	60	63	60	39	48	66	0	73	45	60	
19	61	59	25	69	9	31	65	59	51	41	14	10	22	62	7	5	28	16	10	64	22	27	27	47	67	51	32	38	50	30	18	13	8	26	57	31	40	24	49	18	43	49	36	40	31	62	53	33	24	32	41	55	34	32	19	15	50	37	38	65	53	61	42	50	42	29	9	47	67	38	48	2	8	28	58	41	40	44	37	44	24	55	7	36	37	10	49	27	56	24	58	35	8	8	38	76	26	19	3	44	64	69	37	14	10	14	51	68	19	45	53	30	41	63	13	21	44	27	40	56	47	58	26	45	46	54	24	59	14	29	13	67	53	55	28	49	37	72	51	2	27	49	16	39	47	18	73	0	34	45	
50	33	25	23	45	43	41	35	33	17	7	20	41	42	37	37	38	35	47	42	44	24	35	17	32	44	55	23	10	24	27	18	24	40	48	23	22	41	28	21	16	15	24	29	35	31	34	19	6	24	27	33	33	38	35	15	19	20	29	17	46	23	31	53	20	9	39	43	46	43	45	50	32	40	10	25	45	9	17	39	12	24	65	27	50	40	30	26	8	25	11	43	18	26	32	16	50	16	17	32	52	39	43	44	38	27	42	21	39	31	46	46	34	53	41	40	44	10	32	6	26	13	46	43	13	12	26	47	37	30	20	31	44	26	28	6	60	35	49	51	32	14	57	30	6	46	22	45	34	0	52	
61	52	67	62	50	41	14	58	47	64	58	43	37	23	48	52	41	18	58	38	42	61	18	34	29	49	6	29	46	76	24	39	51	52	23	72	30	11	25	73	47	45	42	24	18	21	53	66	56	29	24	22	41	13	17	45	47	49	24	38	41	74	57	5	72	52	16	47	11	51	7	7	45	53	56	59	7	49	44	13	51	29	12	43	10	12	35	41	51	55	44	33	66	46	37	39	57	59	51	42	1	49	54	8	59	37	33	50	59	26	10	19	18	6	44	58	25	59	21	55	77	60	27	19	65	63	79	25	42	56	64	32	49	47	80	48	8	17	50	10	45	59	5	29	51	12	55	60	45	52	0	

