10  100
55	45	53	60	15	75	2	97	46	54	46	40	48	3	5	22	80	8	95	37	93	72	73	59	68	77	70	13	39	75	28	20	42	93	6	47	94	70	69	2	25	17	27	70	67	18	45	64	30	56	75	68	69	87	46	52	64	48	57	41	24	17	5	98	43	12	3	32	95	52	12	72	26	58	41	15	16	28	43	5	56	55	71	42	42	25	96	71	12	69	70	61	16	90	44	26	81	61	96	84	
33	5	2	20	36	44	7	34	34	39	2	64	31	8	98	38	4	43	82	61	99	3	45	93	79	20	87	3	81	86	63	91	73	55	88	24	44	33	75	7	15	100	4	21	32	9	100	50	97	34	42	35	18	4	45	73	33	77	55	97	72	28	12	54	36	67	96	31	40	76	23	26	4	99	6	27	39	44	50	86	17	37	93	70	60	17	61	52	49	70	44	36	85	17	80	89	94	48	32	48	
20	12	56	100	98	67	45	94	36	85	46	74	13	28	28	8	22	76	12	96	53	49	32	19	56	72	30	32	73	46	78	53	83	70	6	54	50	72	38	2	9	100	17	52	88	24	20	58	5	8	47	88	23	3	72	7	23	5	54	29	52	48	97	85	30	74	37	27	65	26	78	96	48	45	19	78	98	83	19	94	10	30	40	26	91	63	97	29	26	17	74	45	64	83	27	53	65	33	38	76	
1	80	35	87	46	66	36	23	51	5	53	55	45	47	97	22	41	1	17	78	10	100	36	61	93	21	85	28	95	51	27	71	67	24	59	52	97	1	81	76	10	30	29	47	17	58	47	6	10	30	21	13	23	38	18	71	78	71	68	49	32	21	49	99	30	93	78	32	2	78	94	40	88	36	31	41	40	51	53	23	89	1	76	58	14	3	24	87	10	82	49	19	88	26	79	64	6	59	98	35	
62	16	45	34	55	45	23	74	29	5	2	34	22	8	26	6	38	60	87	36	35	48	80	8	82	41	19	83	65	35	3	34	83	25	29	92	31	18	45	47	1	90	9	13	7	86	94	11	51	63	67	59	49	98	92	50	33	29	99	90	31	77	54	69	72	3	72	64	90	58	16	28	80	65	21	54	93	8	82	95	14	59	55	16	5	6	91	47	64	48	79	34	81	78	92	43	42	43	27	18	
61	6	34	51	89	82	9	62	83	91	69	46	88	82	66	80	5	84	65	65	1	43	44	82	45	75	35	27	7	25	75	33	24	46	74	14	56	82	74	62	34	90	11	16	41	59	46	39	8	86	78	35	75	50	10	12	5	43	80	57	84	21	25	7	12	2	89	83	12	98	45	91	56	1	46	24	41	8	69	100	22	6	72	54	17	97	18	22	97	100	100	34	94	94	15	52	13	38	11	88	
92	50	78	4	10	62	85	55	62	37	36	81	13	79	68	87	63	2	42	23	11	3	50	24	62	96	10	98	66	60	50	25	33	54	60	69	14	50	21	58	77	43	76	21	95	80	65	61	52	74	79	44	90	50	59	62	14	73	4	88	64	13	93	55	75	13	2	74	34	84	24	48	67	17	48	70	39	25	40	72	26	12	56	27	27	80	36	44	81	57	18	81	54	83	6	5	61	21	48	19	
95	23	41	7	13	37	37	95	69	71	47	79	30	6	30	31	73	71	69	36	96	74	4	54	35	98	34	68	38	64	65	19	70	66	99	82	99	74	57	81	58	15	20	7	12	36	83	30	29	45	23	65	95	40	38	96	59	25	98	3	57	17	51	9	88	54	3	84	14	89	50	25	37	95	70	48	23	73	28	15	49	62	40	28	17	61	26	14	33	72	100	33	68	48	33	35	31	68	33	92	
50	33	87	42	88	90	86	59	18	79	4	91	41	22	43	86	7	33	5	31	14	89	17	49	30	12	63	60	32	29	52	49	99	50	66	61	46	19	36	63	55	7	79	80	67	67	30	64	9	45	34	83	15	64	5	6	100	58	25	65	80	99	96	65	60	71	13	29	100	42	66	46	93	100	49	19	41	81	80	55	73	75	6	25	100	27	1	24	41	24	28	44	15	81	84	14	33	20	83	6	
90	58	99	64	97	90	38	59	29	86	48	16	49	91	39	25	88	51	15	90	19	39	10	7	31	18	10	36	21	11	59	69	12	10	37	36	34	3	98	70	54	45	69	70	95	52	79	68	49	45	41	57	2	22	38	80	76	95	47	39	32	49	51	10	14	78	60	45	74	53	10	35	87	64	54	7	68	10	2	54	9	62	45	41	61	84	5	6	48	35	46	93	75	29	99	39	95	86	27	44	
4468	2298	4128	2661	2774	4327	4620	4046	1453	187	550	4933	2253	4667	3811	1370	3534	1284	1795	1993	122	293	1819	1799	3203	1903	3475	3848	577	4717	3619	2418	2879	3863	2622	2019	1998	4941	2732	637	2153	3221	1804	1740	4325	3721	2982	3180	525	1891	3961	2797	2189	548	1267	3515	739	2560	2910	3255	3421	496	650	1990	2856	1743	4175	1340	3620	1389	4265	4304	3880	787	1875	404	950	3887	4896	3267	2963	168	789	2139	1647	4846	4879	3269	2273	1831	4389	2882	1400	3683	1959	3278	3536	4719	3482	2920	
0	68	31	53	59	56	49	7	58	82	13	60	12	8	66	64	13	77	39	52	40	65	43	66	48	20	78	16	30	64	50	54	96	67	32	31	60	86	47	34	47	37	45	33	41	66	55	61	51	40	27	36	28	63	38	53	63	59	68	29	30	63	61	47	16	62	65	21	28	61	61	23	48	91	51	42	81	63	78	65	33	89	34	70	68	76	77	62	63	49	50	60	49	75	73	30	67	33	47	65	17	
68	0	45	22	20	25	54	60	58	27	59	40	57	59	64	12	55	31	52	18	51	40	40	20	19	49	24	61	51	49	18	13	41	38	46	40	8	40	21	53	20	55	35	58	44	8	48	14	35	60	42	32	60	6	41	25	14	23	6	38	50	55	60	21	61	65	40	56	40	7	53	44	38	34	52	45	40	11	45	51	53	27	34	6	41	16	12	46	8	22	21	7	23	21	13	39	10	37	27	22	58	
31	45	0	41	30	45	21	26	30	52	19	28	20	26	39	37	24	46	13	36	13	33	11	52	29	25	48	18	6	33	31	33	66	36	1	7	38	55	27	10	25	14	13	14	10	46	25	44	19	19	25	15	15	39	6	42	35	29	48	21	5	34	34	32	18	36	33	12	23	40	32	18	16	61	23	11	49	45	47	34	9	60	17	45	36	49	51	31	38	34	35	39	37	45	54	25	48	28	18	34	15	
53	22	41	0	32	5	58	46	65	48	49	50	45	45	73	29	40	51	53	6	52	52	42	13	13	33	45	51	46	60	12	15	63	52	42	34	17	61	15	51	19	54	38	55	46	16	55	9	42	59	26	25	55	23	40	3	31	35	19	25	46	64	68	9	51	72	52	49	25	15	62	31	43	56	58	46	59	12	62	61	50	50	24	28	55	38	34	56	25	6	5	17	4	42	21	23	16	20	30	38	49	
59	20	30	32	0	37	35	53	38	22	48	19	47	52	44	8	48	19	35	26	33	20	22	37	21	44	19	48	35	29	21	17	37	19	31	28	18	30	20	36	16	38	18	41	27	26	28	29	16	42	39	23	44	14	25	35	6	2	26	34	34	35	40	26	48	45	20	42	37	20	33	37	19	31	32	27	27	27	29	31	36	30	27	17	22	18	22	26	12	28	28	18	31	15	33	37	29	37	12	6	45	
56	25	45	5	37	0	63	49	70	52	52	55	48	48	78	33	43	55	57	11	56	57	47	11	18	36	49	55	51	65	17	19	67	57	47	38	21	65	20	55	24	59	43	60	50	18	60	11	47	64	29	30	59	27	45	3	35	40	21	28	50	69	73	14	55	77	57	53	28	19	67	34	48	60	63	51	63	14	66	66	55	53	29	31	59	41	37	61	29	11	10	21	8	46	21	26	17	23	35	42	52	
49	54	21	58	35	63	0	46	9	50	35	19	39	46	18	43	45	41	10	53	9	23	16	68	45	46	48	33	20	17	46	46	60	27	20	28	50	47	43	15	39	11	20	16	13	59	9	59	18	11	46	34	21	48	18	60	41	32	59	42	20	14	13	49	33	14	23	27	45	52	13	40	16	57	3	12	41	58	35	17	16	60	37	52	26	52	56	17	46	52	53	51	55	46	67	47	61	49	28	36	31	
7	60	26	46	53	49	46	0	55	75	11	55	7	1	64	57	6	71	36	45	37	59	38	59	41	13	72	14	26	60	43	47	90	62	27	25	52	81	39	31	40	35	39	31	36	58	51	54	45	38	20	30	26	56	33	46	56	53	61	22	26	59	59	40	14	60	59	19	21	53	58	16	43	84	48	37	76	56	73	61	30	82	26	63	63	70	70	58	56	41	42	53	42	68	65	23	60	26	41	58	15	
58	58	30	65	38	70	9	55	0	50	44	19	48	55	9	46	54	40	19	59	18	22	23	73	51	55	48	41	29	13	53	52	58	26	29	36	55	44	49	24	46	20	26	25	21	63	10	65	23	18	55	42	30	52	26	67	44	35	64	50	29	7	4	56	41	7	22	36	53	57	7	49	21	56	7	20	38	64	31	12	25	60	45	55	24	53	58	15	50	59	59	55	62	46	71	55	66	57	34	37	40	
82	27	52	48	22	52	50	75	50	0	70	31	70	74	52	20	70	10	53	43	51	28	42	47	40	67	3	70	56	37	39	34	15	24	52	51	31	14	40	56	37	56	38	61	46	35	41	41	34	59	61	46	64	25	46	51	19	22	33	56	55	44	50	44	70	55	28	64	59	33	43	60	37	9	47	46	17	38	24	38	56	10	49	21	26	11	17	35	23	45	45	31	48	7	38	58	37	58	34	17	67	
13	59	19	49	48	52	35	11	44	70	0	46	5	11	53	54	13	65	25	47	27	51	30	62	41	19	67	3	16	51	43	46	85	55	19	20	52	74	39	20	39	24	32	20	27	59	42	56	38	27	24	27	15	54	25	49	53	48	61	24	17	49	48	42	3	49	51	8	25	53	48	18	35	79	38	28	68	57	65	51	19	78	26	61	55	66	68	49	54	44	45	53	45	64	67	27	61	30	36	53	4	
60	40	28	50	19	55	19	55	19	31	46	0	48	54	24	28	51	21	24	44	22	5	16	56	37	50	29	45	30	10	38	36	41	8	27	31	37	28	35	28	31	27	16	32	19	45	10	48	10	29	48	32	36	34	21	53	25	17	46	43	30	15	21	42	45	26	5	39	46	40	13	43	11	38	16	18	22	46	18	11	29	41	36	36	8	33	39	6	32	44	45	38	47	27	53	47	48	48	20	18	43	
12	57	20	45	47	48	39	7	48	70	5	48	0	7	57	52	7	65	29	43	30	53	31	58	38	13	66	9	19	53	40	43	84	56	20	19	49	74	36	24	36	28	33	24	29	56	44	52	39	31	19	25	19	52	26	45	51	47	58	20	19	52	52	38	9	53	53	12	20	50	50	14	36	79	41	30	69	53	67	54	23	77	23	59	56	65	66	51	52	40	41	50	41	63	63	22	57	25	35	53	8	
8	59	26	45	52	48	46	1	55	74	11	54	7	0	64	56	5	70	36	44	37	59	38	58	40	12	71	15	26	60	42	46	89	62	27	24	51	80	38	31	39	35	38	31	36	57	51	53	45	38	19	29	26	55	32	45	56	52	60	21	26	59	59	39	15	60	59	19	20	52	57	15	42	84	48	37	75	55	73	60	30	81	26	62	63	69	69	57	55	41	41	52	41	67	65	22	59	25	40	58	15	
66	64	39	73	44	78	18	64	9	52	53	24	57	64	0	52	63	41	28	67	27	25	31	80	59	64	50	50	38	15	60	59	58	28	38	45	61	44	57	33	53	29	34	33	30	70	17	72	30	26	64	50	38	58	35	75	49	41	70	59	38	8	5	64	50	5	25	45	62	64	10	58	29	57	16	29	38	70	30	13	34	62	53	61	25	57	63	18	56	66	67	62	69	49	77	64	73	66	42	42	49	
64	12	37	29	8	33	43	57	46	20	54	28	52	56	52	0	51	22	43	23	41	28	30	30	19	47	17	54	42	37	18	14	36	26	37	34	12	32	19	44	17	46	26	49	35	18	36	23	24	50	41	27	51	6	32	32	2	11	18	36	41	43	48	24	54	53	28	49	39	14	41	41	27	29	41	35	30	20	34	39	44	25	30	9	29	12	14	34	4	25	25	12	28	13	25	38	21	37	18	10	51	
13	55	24	40	48	43	45	6	54	70	13	51	7	5	63	51	0	66	35	39	36	56	35	53	35	7	67	17	25	58	37	41	85	59	25	21	46	76	34	30	35	34	35	31	34	52	49	48	42	38	14	24	27	50	30	40	51	48	55	16	25	58	58	34	17	59	56	19	15	47	56	10	40	79	47	35	72	50	70	58	29	77	21	57	60	64	64	55	51	35	36	47	36	63	59	17	54	20	36	54	16	
77	31	46	51	19	55	41	71	40	10	65	21	65	70	41	22	66	0	45	45	43	18	35	52	40	64	10	64	50	27	40	36	20	14	46	46	34	10	39	48	36	48	32	53	39	39	31	44	27	51	59	42	57	28	39	54	20	18	38	54	49	34	40	45	64	45	18	58	56	36	33	56	30	16	37	38	8	42	14	28	49	20	46	26	16	18	24	25	26	47	47	34	50	10	44	57	42	56	30	13	61	
39	52	13	53	35	57	10	36	19	53	25	24	29	36	28	43	35	45	0	48	2	29	13	63	40	37	50	23	10	26	42	43	65	33	11	20	47	53	38	5	35	3	17	7	8	55	17	55	19	7	38	27	12	46	12	54	41	33	57	34	10	24	23	43	23	24	29	17	36	49	22	31	16	61	12	8	47	55	42	26	6	63	29	52	32	53	57	24	45	46	47	48	49	48	64	38	58	41	25	37	21	
52	18	36	6	26	11	53	45	59	43	47	44	43	44	67	23	39	45	48	0	46	46	36	15	7	32	39	49	42	54	6	9	58	46	38	30	11	55	10	46	13	50	33	51	40	13	49	9	36	55	25	21	51	17	35	9	25	29	16	23	41	58	62	5	49	66	46	45	24	10	56	29	37	51	52	41	53	10	56	55	46	45	21	23	48	33	30	50	19	3	2	12	5	36	20	22	14	20	24	32	46	
40	51	13	52	33	56	9	37	18	51	27	22	30	37	27	41	36	43	2	46	0	27	11	62	39	37	48	25	11	24	40	41	63	30	11	19	45	51	36	6	34	5	15	10	6	54	15	54	17	9	38	26	14	44	11	53	39	31	55	34	11	22	22	42	25	23	27	18	36	48	20	31	14	59	11	6	45	53	40	24	7	60	29	50	30	51	55	22	43	45	46	46	48	46	62	38	57	40	24	35	23	
65	40	33	52	20	57	23	59	22	28	51	5	53	59	25	28	56	18	29	46	27	0	21	58	39	55	26	50	35	9	40	38	37	4	32	35	38	24	38	33	34	32	20	37	24	46	13	49	14	34	52	36	41	34	26	55	25	18	46	47	35	16	22	44	50	27	0	44	50	41	15	48	16	34	19	23	18	48	13	11	33	38	40	36	3	32	38	7	32	47	47	39	50	25	53	51	49	52	24	17	48	
43	40	11	42	22	47	16	38	23	42	30	16	31	38	31	30	35	35	13	36	11	21	0	51	29	35	39	29	15	23	30	30	55	24	11	15	34	43	26	14	23	16	4	19	5	43	15	43	7	20	33	18	22	33	5	44	28	20	44	28	14	24	26	33	29	30	21	23	31	37	22	28	5	50	15	5	38	42	35	24	14	50	22	39	25	40	44	20	32	36	36	35	38	36	51	32	46	34	13	25	26	
66	20	52	13	37	11	68	59	73	47	62	56	58	58	80	30	53	52	63	15	62	58	51	0	23	46	44	64	58	66	21	21	61	56	53	46	19	61	25	62	28	65	48	66	56	12	63	8	50	70	39	37	67	24	51	13	33	40	14	38	57	72	76	20	64	80	58	61	38	16	70	44	51	54	66	56	60	10	65	68	61	46	36	26	59	36	31	63	26	18	17	18	17	41	11	36	10	33	39	41	61	
48	19	29	13	21	18	45	41	51	40	41	37	38	40	59	19	35	40	40	7	39	39	29	23	0	29	36	43	35	46	2	6	55	39	30	23	11	50	2	39	5	42	25	43	33	18	42	15	28	47	22	14	44	16	27	16	20	23	20	19	34	51	54	5	43	58	39	39	20	12	49	24	29	49	44	33	48	16	50	48	38	44	15	23	42	31	30	43	17	7	8	12	10	33	26	19	20	18	17	27	40	
20	49	25	33	44	36	46	13	55	67	19	50	13	12	64	47	7	64	37	32	37	55	35	46	29	0	63	22	27	58	31	36	82	57	26	20	41	74	28	32	30	37	34	34	35	46	50	41	41	41	7	21	31	45	30	33	47	45	49	10	27	59	59	28	22	61	55	23	8	42	57	7	39	76	48	36	69	43	68	59	31	72	17	52	58	60	59	55	46	29	30	42	29	59	53	10	47	13	33	50	21	
78	24	48	45	19	49	48	72	48	3	67	29	66	71	50	17	67	10	50	39	48	26	39	44	36	63	0	67	53	35	36	31	19	22	49	47	28	16	36	53	33	54	35	58	43	32	39	38	31	57	57	42	61	22	42	48	16	19	30	53	52	42	48	41	67	53	26	61	55	30	41	56	34	12	45	43	17	35	24	37	53	12	46	18	25	8	15	33	20	42	42	28	45	3	36	55	34	54	31	13	64	
16	61	18	51	48	55	33	14	41	70	3	45	9	15	50	54	17	64	23	49	25	50	29	64	43	22	67	0	15	49	45	48	84	53	18	20	53	73	41	18	40	21	32	17	26	61	40	58	37	24	27	29	12	55	24	52	53	48	63	26	15	47	45	44	0	46	50	6	27	55	45	21	34	79	36	27	67	59	64	49	17	78	28	62	54	67	68	47	55	46	47	54	47	64	69	30	63	33	36	53	3	
30	51	6	46	35	51	20	26	29	56	16	30	19	26	38	42	25	50	10	42	11	35	15	58	35	27	53	15	0	34	37	39	70	38	5	12	44	58	33	5	31	9	17	8	11	52	25	50	22	14	28	21	9	45	10	48	41	34	54	25	1	33	33	38	15	34	35	8	27	46	31	21	19	65	22	12	53	51	49	35	4	65	22	51	39	54	57	32	44	40	41	45	42	50	60	29	54	32	24	39	12	
64	49	33	60	29	65	17	60	13	37	51	10	53	60	15	37	58	27	26	54	24	9	23	66	46	58	35	49	34	0	47	46	44	13	32	38	47	31	45	30	41	28	24	33	23	55	8	58	18	29	56	40	38	43	28	63	34	26	55	51	34	7	13	51	49	18	9	42	54	50	6	51	19	43	14	22	24	56	17	1	31	47	44	46	11	42	47	3	41	54	55	48	57	34	63	55	58	56	30	27	47	
50	18	31	12	21	17	46	43	53	39	43	38	40	42	60	18	37	40	42	6	40	40	30	21	2	31	36	45	37	47	0	5	55	40	32	25	10	50	4	40	7	44	26	45	34	16	43	13	30	49	24	16	46	15	29	15	20	23	18	21	36	52	56	5	45	60	40	41	22	10	50	26	31	48	45	35	48	14	50	49	40	43	17	21	42	30	29	44	16	7	7	10	10	32	24	21	18	19	18	27	42	
54	13	33	15	17	19	46	47	52	34	46	36	43	46	59	14	41	36	43	9	41	38	30	21	6	36	31	48	39	46	5	0	50	37	34	28	5	46	7	42	8	45	26	47	35	13	42	12	29	50	29	19	48	10	30	18	16	20	15	25	38	51	55	9	48	59	38	44	27	7	48	30	30	43	45	35	44	12	47	47	42	38	20	16	39	25	24	42	11	11	11	6	14	27	21	26	15	24	18	23	45	
96	41	66	63	37	67	60	90	58	15	85	41	84	89	58	36	85	20	65	58	63	37	55	61	55	82	19	84	70	44	55	50	0	33	66	65	46	14	55	69	52	68	52	73	59	49	50	55	47	71	76	61	77	40	59	66	35	37	47	72	69	51	57	60	84	62	37	78	74	48	50	75	50	7	57	58	20	52	28	45	69	15	65	35	34	25	30	43	39	61	61	46	63	22	51	74	51	73	49	31	81	
67	38	36	52	19	57	27	62	26	24	55	8	56	62	28	26	59	14	33	46	30	4	24	56	39	57	22	53	38	13	40	37	33	0	35	38	37	20	38	36	34	36	23	40	27	45	17	48	17	38	53	37	45	33	29	55	23	17	44	48	38	20	26	44	53	31	4	47	51	40	19	50	19	30	24	26	14	46	11	14	37	34	41	33	2	29	34	11	30	47	47	38	50	21	51	52	48	53	25	15	51	
32	46	1	42	31	47	20	27	29	52	19	27	20	27	38	37	25	46	11	38	11	32	11	53	30	26	49	18	5	32	32	34	66	35	0	8	39	55	28	8	26	12	13	13	9	47	24	46	19	17	26	17	14	40	6	44	36	29	49	22	4	33	33	33	18	35	32	12	25	41	31	19	16	61	22	10	49	46	46	33	8	60	18	46	36	49	52	30	39	36	37	40	38	46	55	26	50	29	19	35	15	
31	40	7	34	28	38	28	25	36	51	20	31	19	24	45	34	21	46	20	30	19	35	15	46	23	20	47	20	12	38	25	28	65	38	8	0	33	56	21	17	20	21	14	21	15	41	30	38	21	26	18	9	20	34	10	35	33	28	43	14	11	39	40	25	20	43	35	16	17	35	37	13	19	60	29	16	51	39	49	39	16	58	10	41	39	46	48	35	34	28	29	34	30	44	49	18	43	21	16	33	17	
60	8	38	17	18	21	50	52	55	31	52	37	49	51	61	12	46	34	47	11	45	38	34	19	11	41	28	53	44	47	10	5	46	37	39	33	0	44	13	46	13	49	30	51	39	8	44	11	31	54	34	24	53	6	34	20	14	20	10	30	43	53	57	14	53	62	38	49	32	2	50	36	33	39	48	39	42	9	46	48	46	34	26	12	40	21	19	43	8	14	14	1	17	25	17	31	11	29	21	22	50	
86	40	55	61	30	65	47	81	44	14	74	28	74	80	44	32	76	10	53	55	51	24	43	61	50	74	16	73	58	31	50	46	14	20	55	56	44	0	50	57	46	56	41	61	47	48	37	54	36	58	69	53	65	38	48	64	30	29	47	64	58	37	43	55	73	48	24	67	67	46	37	67	38	14	43	46	6	51	14	31	57	22	57	34	21	25	31	30	36	57	57	44	60	19	52	67	51	67	40	24	70	
47	21	27	15	20	20	43	39	49	40	39	35	36	38	57	19	34	39	38	10	36	38	26	25	2	28	36	41	33	45	4	7	55	38	28	21	13	50	0	36	4	40	23	41	30	20	40	17	26	45	21	12	41	17	25	18	20	22	22	18	32	49	52	6	41	56	38	37	19	14	47	23	27	49	42	31	47	18	49	46	36	44	13	24	40	32	31	41	17	9	10	13	12	33	28	19	22	18	15	26	38	
34	53	10	51	36	55	15	31	24	56	20	28	24	31	33	44	30	48	5	46	6	33	14	62	39	32	53	18	5	30	40	42	69	36	8	17	46	57	36	0	34	4	18	5	9	55	21	54	21	9	34	25	8	47	12	52	42	34	57	30	5	29	28	42	18	29	33	12	33	49	27	27	18	64	17	10	51	54	46	31	1	65	27	53	36	55	58	29	46	44	45	47	47	50	63	35	57	37	26	39	16	
47	20	25	19	16	24	39	40	46	37	39	31	36	39	53	17	35	36	35	13	34	34	23	28	5	30	33	40	31	41	7	8	52	34	26	20	13	46	4	34	0	37	19	39	27	21	36	20	23	42	24	11	40	15	22	21	17	18	23	19	30	45	49	10	40	53	34	36	22	15	43	24	24	46	38	28	43	19	45	42	34	42	13	22	36	29	29	37	15	13	13	14	16	30	29	21	23	21	11	22	37	
37	55	14	54	38	59	11	35	20	56	24	27	28	35	29	46	34	48	3	50	5	32	16	65	42	37	54	21	9	28	44	45	68	36	12	21	49	56	40	4	37	0	20	5	11	58	19	57	22	5	38	29	10	49	14	56	44	36	59	35	10	26	24	45	21	25	32	16	37	52	24	31	19	65	14	11	50	57	45	28	5	66	31	55	35	56	60	27	48	48	49	50	51	51	66	39	61	42	28	40	20	
45	35	13	38	18	43	20	39	26	38	32	16	33	38	34	26	35	32	17	33	15	20	4	48	25	34	35	32	17	24	26	26	52	23	13	14	30	41	23	18	19	20	0	23	9	39	17	39	6	24	32	16	26	29	7	41	24	16	40	27	17	26	29	29	32	33	20	25	30	33	24	27	5	47	19	9	36	38	34	25	18	47	20	35	24	36	40	21	28	32	33	31	35	32	47	31	42	32	8	21	29	
33	58	14	55	41	60	16	31	25	61	20	32	24	31	33	49	31	53	7	51	10	37	19	66	43	34	58	17	8	33	45	47	73	40	13	21	51	61	41	5	39	5	23	0	14	60	24	59	26	7	37	29	5	52	17	56	47	39	61	33	9	30	28	46	17	29	37	12	36	54	29	30	23	69	19	14	55	59	50	33	5	70	31	58	40	60	63	32	51	49	50	52	51	55	68	38	62	41	31	44	16	
41	44	10	46	27	50	13	36	21	46	27	19	29	36	30	35	34	39	8	40	6	24	5	56	33	35	43	26	11	23	34	35	59	27	9	15	39	47	30	9	27	11	9	14	0	48	15	47	12	15	34	21	18	38	5	48	33	25	49	29	10	24	25	36	26	27	24	20	32	41	22	28	8	55	13	1	41	47	38	24	10	55	24	44	27	45	49	21	37	39	40	40	42	40	56	34	50	36	17	30	23	
66	8	46	16	26	18	59	58	63	35	59	45	56	57	70	18	52	39	55	13	54	46	43	12	18	46	32	61	52	55	16	13	49	45	47	41	8	48	20	55	21	58	39	60	48	0	53	6	40	63	39	32	61	12	43	18	21	29	2	36	51	61	66	18	61	70	46	57	37	6	59	42	42	42	57	48	48	3	53	57	55	34	33	14	48	24	19	52	14	17	16	8	18	29	8	36	2	34	30	29	58	
55	48	25	55	28	60	9	51	10	41	42	10	44	51	17	36	49	31	17	49	15	13	15	63	42	50	39	40	25	8	43	42	50	17	24	30	44	37	40	21	36	19	17	24	15	53	0	55	13	20	48	33	30	42	20	58	34	25	54	43	25	9	12	46	40	17	13	34	46	47	7	43	12	48	6	14	31	53	25	9	22	51	37	45	16	43	48	7	40	49	50	45	52	37	61	48	56	49	25	27	38	
61	14	44	9	29	11	59	54	65	41	56	48	52	53	72	23	48	44	55	9	54	49	43	8	15	41	38	58	50	58	13	12	55	48	46	38	11	54	17	54	20	57	39	59	47	6	55	0	41	62	34	29	59	16	42	12	25	31	9	32	50	63	67	14	58	72	49	54	32	8	61	38	43	48	58	48	53	3	57	59	54	41	30	20	51	30	25	54	18	12	11	10	12	35	11	31	6	28	30	33	55	
51	35	19	42	16	47	18	45	23	34	38	10	39	45	30	24	42	27	19	36	17	14	7	50	28	41	31	37	22	18	30	29	47	17	19	21	31	36	26	21	23	22	6	26	12	40	13	41	0	26	38	22	30	29	12	44	22	14	41	33	22	22	26	33	37	30	14	31	36	34	20	33	3	42	17	11	30	40	28	19	22	43	26	33	18	34	38	15	27	36	36	32	39	28	48	37	43	38	11	18	34	
40	60	19	59	42	64	11	38	18	59	27	29	31	38	26	50	38	51	7	55	9	34	20	70	47	41	57	24	14	29	49	50	71	38	17	26	54	58	45	9	42	5	24	7	15	63	20	62	26	0	43	34	12	53	19	61	48	40	64	39	15	25	22	50	24	22	34	19	42	56	24	36	23	67	14	15	51	62	46	29	10	69	36	59	37	60	64	28	52	53	54	55	56	54	71	44	65	46	32	44	23	
27	42	25	26	39	29	46	20	55	61	24	48	19	19	64	41	14	59	38	25	38	52	33	39	22	7	57	27	28	56	24	29	76	53	26	18	34	69	21	34	24	38	32	37	34	39	48	34	38	43	0	16	34	38	28	26	41	40	42	5	28	57	59	21	27	61	52	27	2	34	55	7	37	70	47	35	65	36	65	57	33	66	12	46	55	53	53	53	39	22	23	35	22	54	46	3	40	6	29	45	25	
36	32	15	25	23	30	34	30	42	46	27	32	25	29	50	27	24	42	27	21	26	36	18	37	14	21	42	29	21	40	16	19	61	37	17	9	24	53	12	25	11	29	16	29	21	32	33	29	22	34	16	0	30	26	15	27	26	24	34	11	20	43	45	16	29	48	36	25	14	26	41	14	21	55	34	22	49	30	48	41	25	52	4	34	39	40	40	37	26	19	20	25	21	38	40	15	34	16	12	29	26	
28	60	15	55	44	59	21	26	30	64	15	36	19	26	38	51	27	57	12	51	14	41	22	67	44	31	61	12	9	38	46	48	77	45	14	20	53	65	41	8	40	10	26	5	18	61	30	59	30	12	34	30	0	54	19	56	50	43	63	32	10	36	34	46	12	34	41	8	34	55	34	27	27	73	25	18	59	60	55	39	8	73	30	60	45	63	65	37	53	49	49	54	51	58	69	36	63	39	33	48	11	
63	6	39	23	14	27	48	56	52	25	54	34	52	55	58	6	50	28	46	17	44	34	33	24	16	45	22	55	45	43	15	10	40	33	40	34	6	38	17	47	15	49	29	52	38	12	42	16	29	53	38	26	54	0	35	26	9	17	12	35	44	49	54	19	55	59	34	50	36	8	47	39	31	33	46	38	36	13	41	45	47	28	29	7	35	15	14	40	2	20	20	6	23	19	19	36	15	34	21	17	52	
38	41	6	40	25	45	18	33	26	46	25	21	26	32	35	32	30	39	12	35	11	26	5	51	27	30	42	24	10	28	29	30	59	29	6	10	34	48	25	12	22	14	7	17	5	43	20	42	12	19	28	15	19	35	0	42	30	23	45	24	9	29	30	31	24	33	26	18	26	37	27	23	10	54	19	6	43	42	40	29	12	54	18	41	30	43	46	25	34	34	35	35	36	39	51	28	46	30	14	29	21	
53	25	42	3	35	3	60	46	67	51	49	53	45	45	75	32	40	54	54	9	53	55	44	13	16	33	48	52	48	63	15	18	66	55	44	35	20	64	18	52	21	56	41	56	48	18	58	12	44	61	26	27	56	26	42	0	34	38	21	25	47	67	70	11	52	74	55	49	25	18	65	31	45	59	60	48	62	15	65	64	52	53	25	31	57	41	37	59	28	8	8	20	5	45	22	23	18	20	33	41	49	
63	14	35	31	6	35	41	56	44	19	53	25	51	56	49	2	51	20	41	25	39	25	28	33	20	47	16	53	41	34	20	16	35	23	36	33	14	30	20	42	17	44	24	47	33	21	34	25	22	48	41	26	50	9	30	34	0	8	21	37	40	41	46	25	53	51	25	48	39	17	39	41	25	28	38	33	28	23	31	36	42	25	30	11	26	13	16	31	7	27	27	14	30	12	28	39	24	38	17	8	50	
59	23	29	35	2	40	32	53	35	22	48	17	47	52	41	11	48	18	33	29	31	18	20	40	23	45	19	48	34	26	23	20	37	17	29	28	20	29	22	34	18	36	16	39	25	29	25	31	14	40	40	24	43	17	23	38	8	0	29	35	33	32	37	28	48	42	18	42	38	23	30	38	17	31	30	25	25	30	27	28	35	30	28	20	19	20	24	23	15	30	30	21	33	16	36	38	31	38	12	5	44	
68	6	48	19	26	21	59	61	64	33	61	46	58	60	70	18	55	38	57	16	55	46	44	14	20	49	30	63	54	55	18	15	47	44	49	43	10	47	22	57	23	59	40	61	49	2	54	9	41	64	42	34	63	12	45	21	21	29	0	39	53	61	66	21	63	71	46	59	40	8	59	44	43	40	58	49	47	6	52	57	56	32	35	12	47	22	17	52	14	20	19	9	21	28	7	38	4	36	31	29	60	
29	38	21	25	34	28	42	22	50	56	24	43	20	21	59	36	16	54	34	23	34	47	28	38	19	10	53	26	25	51	21	25	72	48	22	14	30	64	18	30	19	35	27	33	29	36	43	32	33	39	5	11	32	35	24	25	37	35	39	0	24	53	54	18	26	57	47	25	3	31	50	6	32	65	43	30	60	33	60	52	29	62	7	42	50	49	49	48	35	20	21	31	21	49	43	4	38	7	24	40	24	
30	50	5	46	34	50	20	26	29	55	17	30	19	26	38	41	25	49	10	41	11	35	14	57	34	27	52	15	1	34	36	38	69	38	4	11	43	58	32	5	30	10	17	9	10	51	25	50	22	15	28	20	10	44	9	47	40	33	53	24	0	33	33	37	15	34	35	9	27	45	31	21	19	64	22	11	52	50	48	34	5	64	21	50	38	53	56	32	43	39	40	44	42	49	59	29	53	31	23	38	13	
63	55	34	64	35	69	14	59	7	44	49	15	52	59	8	43	58	34	24	58	22	16	24	72	51	59	42	47	33	7	52	51	51	20	33	39	53	37	49	29	45	26	26	30	24	61	9	63	22	25	57	43	36	49	29	67	41	32	61	53	33	0	6	56	47	11	16	41	56	55	2	52	21	50	11	23	31	62	24	6	30	54	46	52	18	49	54	9	47	58	59	53	61	41	69	57	64	59	34	34	45	
61	60	34	68	40	73	13	59	4	50	48	21	52	59	5	48	58	40	23	62	22	22	26	76	54	59	48	45	33	13	56	55	57	26	33	40	57	43	52	28	49	24	29	28	25	66	12	67	26	22	59	45	34	54	30	70	46	37	66	54	33	6	0	59	45	5	22	40	57	60	7	53	25	56	11	24	37	66	29	12	29	60	48	57	24	54	60	15	52	62	62	58	65	47	73	59	69	61	37	39	44	
47	21	32	9	26	14	49	40	56	44	42	42	38	39	64	24	34	45	43	5	42	44	33	20	5	28	41	44	38	51	5	9	60	44	33	25	14	55	6	42	10	45	29	46	36	18	46	14	33	50	21	16	46	19	31	11	25	28	21	18	37	56	59	0	44	63	44	40	19	14	53	24	34	53	48	37	53	15	55	53	41	48	16	26	47	35	33	48	21	2	3	14	5	37	25	17	19	15	21	32	41	
16	61	18	51	48	55	33	14	41	70	3	45	9	15	50	54	17	64	23	49	25	50	29	64	43	22	67	0	15	49	45	48	84	53	18	20	53	73	41	18	40	21	32	17	26	61	40	58	37	24	27	29	12	55	24	52	53	48	63	26	15	47	45	44	0	46	50	6	27	55	45	21	34	79	36	27	67	59	64	49	17	78	28	62	54	67	68	47	55	46	47	54	47	64	69	30	63	33	36	53	3	
62	65	36	72	45	77	14	60	7	55	49	26	53	60	5	53	59	45	24	66	23	27	30	80	58	61	53	46	34	18	60	59	62	31	35	43	62	48	56	29	53	25	33	29	27	70	17	72	30	22	61	48	34	59	33	74	51	42	71	57	34	11	5	63	46	0	27	41	60	64	12	55	29	61	14	26	42	71	34	17	30	65	51	62	29	59	65	20	57	66	66	62	69	52	78	61	73	63	41	44	45	
65	40	33	52	20	57	23	59	22	28	51	5	53	59	25	28	56	18	29	46	27	0	21	58	39	55	26	50	35	9	40	38	37	4	32	35	38	24	38	33	34	32	20	37	24	46	13	49	14	34	52	36	41	34	26	55	25	18	46	47	35	16	22	44	50	27	0	44	50	41	15	48	16	34	19	23	18	48	13	11	33	38	40	36	3	32	38	7	32	47	47	39	50	25	53	51	49	52	24	17	48	
21	56	12	49	42	53	27	19	36	64	8	39	12	19	45	49	19	58	17	45	18	44	23	61	39	23	61	6	8	42	41	44	78	47	12	16	49	67	37	12	36	16	25	12	20	57	34	54	31	19	27	25	8	50	18	49	48	42	59	25	9	41	40	40	6	41	44	0	26	51	39	20	28	73	30	20	61	55	58	43	11	72	24	57	47	61	63	41	50	43	44	50	44	58	65	28	59	31	31	47	4	
28	40	23	25	37	28	45	21	53	59	25	46	20	20	62	39	15	56	36	24	36	50	31	38	20	8	55	27	27	54	22	27	74	51	25	17	32	67	19	33	22	37	30	36	32	37	46	32	36	42	2	14	34	36	26	25	39	38	40	3	27	56	57	19	27	60	50	26	0	33	53	6	35	68	46	33	63	34	63	55	32	64	10	44	53	51	51	51	37	20	21	33	21	51	44	2	38	5	26	43	25	
61	7	40	15	20	19	52	53	57	33	53	40	50	52	64	14	47	36	49	10	48	41	37	16	12	42	30	55	46	50	10	7	48	40	41	35	2	46	14	49	15	52	33	54	41	6	47	8	34	56	34	26	55	8	37	18	17	23	8	31	45	55	60	14	55	64	41	51	33	0	53	37	36	41	51	42	44	6	49	51	49	34	27	13	43	22	19	46	10	14	13	2	16	27	14	31	8	30	24	25	52	
61	53	32	62	33	67	13	58	7	43	48	13	50	57	10	41	56	33	22	56	20	15	22	70	49	57	41	45	31	6	50	48	50	19	31	37	50	37	47	27	43	24	24	29	22	59	7	61	20	24	55	41	34	47	27	65	39	30	59	50	31	2	7	53	45	12	15	39	53	53	0	50	19	49	9	21	30	60	23	5	28	53	44	50	17	47	52	8	45	56	57	51	59	40	67	55	62	57	31	32	43	
23	44	18	31	37	34	40	16	49	60	18	43	14	15	58	41	10	56	31	29	31	48	28	44	24	7	56	21	21	51	26	30	75	50	19	13	36	67	23	27	24	31	27	30	28	42	43	38	33	36	7	14	27	39	23	31	41	38	44	6	21	52	53	24	21	55	48	20	6	37	50	0	32	69	41	29	62	39	61	52	26	66	10	47	51	53	54	48	40	26	27	37	27	53	49	8	43	12	26	43	18	
48	38	16	43	19	48	16	43	21	37	35	11	36	42	29	27	40	30	16	37	14	16	5	51	29	39	34	34	19	19	31	30	50	19	16	19	33	38	27	18	24	19	5	23	8	42	12	43	3	23	37	21	27	31	10	45	25	17	43	32	19	21	25	34	34	29	16	28	35	36	19	32	0	46	15	8	33	42	30	20	19	46	25	36	20	37	41	16	30	37	37	34	40	32	50	36	45	37	12	21	31	
91	34	61	56	31	60	57	84	56	9	79	38	79	84	57	29	79	16	61	51	59	34	50	54	49	76	12	79	65	43	48	43	7	30	61	60	39	14	49	64	46	65	47	69	55	42	48	48	42	67	70	55	73	33	54	59	28	31	40	65	64	50	56	53	79	61	34	73	68	41	49	69	46	0	54	54	19	45	27	44	65	8	59	28	32	18	23	41	32	54	54	39	56	16	44	67	44	67	43	26	76	
51	52	23	58	32	63	3	48	7	47	38	16	41	48	16	41	47	37	12	52	11	19	15	66	44	48	45	36	22	14	45	45	57	24	22	29	48	43	42	17	38	14	19	19	13	57	6	58	17	14	47	34	25	46	19	60	38	30	58	43	22	11	11	48	36	14	19	30	46	51	9	41	15	54	0	12	37	57	31	14	18	57	37	50	22	49	54	13	44	51	52	49	54	43	65	47	60	49	27	33	34	
42	45	11	46	27	51	12	37	20	46	28	18	30	37	29	35	35	38	8	41	6	23	5	56	33	36	43	27	12	22	35	35	58	26	10	16	39	46	31	10	28	11	9	14	1	48	14	48	11	15	35	22	18	38	6	48	33	25	49	30	11	23	24	37	27	26	23	20	33	42	21	29	8	54	12	0	41	47	37	23	10	55	25	44	27	45	49	20	37	40	41	40	43	40	56	35	51	37	18	29	24	
81	40	49	59	27	63	41	76	38	17	68	22	69	75	38	30	72	8	47	53	45	18	38	60	48	69	17	67	53	24	48	44	20	14	49	51	42	6	47	51	43	50	36	55	41	48	31	53	30	51	65	49	59	36	43	62	28	25	47	60	52	31	37	53	67	42	18	61	63	44	30	62	33	19	37	41	0	50	8	25	51	25	53	34	14	26	33	23	34	55	55	42	58	19	53	63	50	63	36	21	65	
63	11	45	12	27	14	58	56	64	38	57	46	53	55	70	20	50	42	55	10	53	48	42	10	16	43	35	59	51	56	14	12	52	46	46	39	9	51	18	54	19	57	38	59	47	3	53	3	40	62	36	30	60	13	42	15	23	30	6	33	50	62	66	15	59	71	48	55	34	6	60	39	42	45	57	47	50	0	55	58	54	38	31	17	49	27	22	53	16	14	13	8	15	32	10	33	4	30	30	31	56	
78	45	47	62	29	66	35	73	31	24	65	18	67	73	30	34	70	14	42	56	40	13	35	65	50	68	24	64	49	17	50	47	28	11	46	49	46	14	49	46	45	45	34	50	38	53	25	57	28	46	65	48	55	41	40	65	31	27	52	60	48	24	29	55	64	34	13	58	63	49	23	61	30	27	31	37	8	55	0	18	47	34	52	40	10	33	39	17	39	57	57	46	60	25	58	63	55	64	36	24	61	
65	51	34	61	31	66	17	61	12	38	51	11	54	60	13	39	58	28	26	55	24	11	24	68	48	59	37	49	35	1	49	47	45	14	33	39	48	31	46	31	42	28	25	33	24	57	9	59	19	29	57	41	39	45	29	64	36	28	57	52	34	6	12	53	49	17	11	43	55	51	5	52	20	44	14	23	25	58	18	0	32	48	45	47	12	43	49	5	43	55	56	49	59	36	64	56	60	57	31	28	47	
33	53	9	50	36	55	16	30	25	56	19	29	23	30	34	44	29	49	6	46	7	33	14	61	38	31	53	17	4	31	40	42	69	37	8	16	46	57	36	1	34	5	18	5	10	55	22	54	22	10	33	25	8	47	12	52	42	35	56	29	5	30	29	41	17	30	33	11	32	49	28	26	19	65	18	10	51	54	47	32	0	65	26	53	37	55	58	30	46	44	45	47	46	50	63	34	57	36	26	40	15	
89	27	60	50	30	53	60	82	60	10	78	41	77	81	62	25	77	20	63	45	60	38	50	46	44	72	12	78	65	47	43	38	15	34	60	58	34	22	44	65	42	66	47	70	55	34	51	41	43	69	66	52	73	28	54	53	25	30	32	62	64	54	60	48	78	65	38	72	64	34	53	66	46	8	57	55	25	38	34	48	65	0	55	21	36	12	15	45	27	48	48	33	50	14	36	63	36	62	42	25	75	
34	34	17	24	27	29	37	26	45	49	26	36	23	26	53	30	21	46	29	21	29	40	22	36	15	17	46	28	22	44	17	20	65	41	18	10	26	57	13	27	13	31	20	31	24	33	37	30	26	36	12	4	30	29	18	25	30	28	35	7	21	46	48	16	28	51	40	24	10	27	44	10	25	59	37	25	53	31	52	45	26	55	0	36	43	43	43	41	29	18	19	27	20	42	41	11	35	12	16	33	25	
70	6	45	28	17	31	52	63	55	21	61	36	59	62	61	9	57	26	52	23	50	36	39	26	23	52	18	62	51	46	21	16	35	33	46	41	12	34	24	53	22	55	35	58	44	14	45	20	33	59	46	34	60	7	41	31	11	20	12	42	50	52	57	26	62	62	36	57	44	13	50	47	36	28	50	44	34	17	40	47	53	21	36	0	36	10	7	42	7	26	26	11	29	15	18	43	16	41	27	18	59	
68	41	36	55	22	59	26	63	24	26	55	8	56	63	25	29	60	16	32	48	30	3	25	59	42	58	25	54	39	11	42	39	34	2	36	39	40	21	40	36	36	35	24	40	27	48	16	51	18	37	55	39	45	35	30	57	26	19	47	50	38	18	24	47	54	29	3	47	53	43	17	51	20	32	22	27	14	49	10	12	37	36	43	36	0	31	37	9	33	49	50	40	52	24	54	54	50	55	27	18	51	
76	16	49	38	18	41	52	70	53	11	66	33	65	69	57	12	64	18	53	33	51	32	40	36	31	60	8	67	54	42	30	25	25	29	49	46	21	25	32	55	29	56	36	60	45	24	43	30	34	60	53	40	63	15	43	41	13	20	22	49	53	49	54	35	67	59	32	61	51	22	47	53	37	18	49	45	26	27	33	43	55	12	43	10	31	0	6	39	14	36	35	21	38	7	27	51	26	50	30	16	63	
77	12	51	34	22	37	56	70	58	17	68	39	66	69	63	14	64	24	57	30	55	38	44	31	30	59	15	68	57	47	29	24	30	34	52	48	19	31	31	58	29	60	40	63	49	19	48	25	38	64	53	40	65	14	46	37	16	24	17	49	56	54	60	33	68	65	38	63	51	19	52	54	41	23	54	49	33	22	39	49	58	15	43	7	37	6	0	44	13	33	33	18	35	14	21	50	21	48	32	20	65	
62	46	31	56	26	61	17	58	15	35	49	6	51	57	18	34	55	25	24	50	22	7	20	63	43	55	33	47	32	3	44	42	43	11	30	35	43	30	41	29	37	27	21	32	21	52	7	54	15	28	53	37	37	40	25	59	31	23	52	48	32	9	15	48	47	20	7	41	51	46	8	48	16	41	13	20	23	53	17	5	30	45	41	42	9	39	44	0	38	50	51	44	54	32	59	52	55	53	26	24	45	
63	8	38	25	12	29	46	56	50	23	54	32	52	55	56	4	51	26	45	19	43	32	32	26	17	46	20	55	44	41	16	11	39	30	39	34	8	36	17	46	15	48	28	51	37	14	40	18	27	52	39	26	53	2	34	28	7	15	14	35	43	47	52	21	55	57	32	50	37	10	45	40	30	32	44	37	34	16	39	43	46	27	29	7	33	14	13	38	0	22	21	8	24	17	21	36	17	35	20	15	52	
49	22	34	6	28	11	52	41	59	45	44	44	40	41	66	25	35	47	46	3	45	47	36	18	7	29	42	46	40	54	7	11	61	47	36	28	14	57	9	44	13	48	32	49	39	17	49	12	36	53	22	19	49	20	34	8	27	30	20	20	39	58	62	2	46	66	47	43	20	14	56	26	37	54	51	40	55	14	57	55	44	48	18	26	49	36	33	50	22	0	1	15	3	39	24	18	18	16	24	34	43	
50	21	35	5	28	10	53	42	59	45	45	45	41	41	67	25	36	47	47	2	46	47	36	17	8	30	42	47	41	55	7	11	61	47	37	29	14	57	10	45	13	49	33	50	40	16	50	11	36	54	23	20	49	20	35	8	27	30	19	21	40	59	62	3	47	66	47	44	21	13	57	27	37	54	52	41	55	13	57	56	45	48	19	26	50	35	33	51	21	1	0	14	3	38	23	19	17	17	25	34	44	
60	7	39	17	18	21	51	53	55	31	53	38	50	52	62	12	47	34	48	12	46	39	35	18	12	42	28	54	45	48	10	6	46	38	40	34	1	44	13	47	14	50	31	52	40	8	45	10	32	55	35	25	54	6	35	20	14	21	9	31	44	53	58	14	54	62	39	50	33	2	51	37	34	39	49	40	42	8	46	49	47	33	27	11	40	21	18	44	8	15	14	0	17	25	16	32	10	30	22	22	51	
49	23	37	4	31	8	55	42	62	48	45	47	41	41	69	28	36	50	49	5	48	50	38	17	10	29	45	47	42	57	10	14	63	50	38	30	17	60	12	47	16	51	35	51	42	18	52	12	39	56	22	21	51	23	36	5	30	33	21	21	42	61	65	5	47	69	50	44	21	16	59	27	40	56	54	43	58	15	60	59	46	50	20	29	52	38	35	54	24	3	3	17	0	41	24	19	18	16	27	37	44	
75	21	45	42	15	46	46	68	46	7	64	27	63	67	49	13	63	10	48	36	46	25	36	41	33	59	3	64	50	34	32	27	22	21	46	44	25	19	33	50	30	51	32	55	40	29	37	35	28	54	54	38	58	19	39	45	12	16	28	49	49	41	47	37	64	52	25	58	51	27	40	53	32	16	43	40	19	32	25	36	50	14	42	15	24	7	14	32	17	39	38	25	41	0	34	51	32	51	27	10	61	
73	13	54	21	33	21	67	65	71	38	67	53	63	65	77	25	59	44	64	20	62	53	51	11	26	53	36	69	60	63	24	21	51	51	55	49	17	52	28	63	29	66	47	68	56	8	61	11	48	71	46	40	69	19	51	22	28	36	7	43	59	69	73	25	69	78	53	65	44	14	67	49	50	44	65	56	53	10	58	64	63	36	41	18	54	27	21	59	21	24	23	16	24	34	0	43	6	40	38	36	66	
30	39	25	23	37	26	47	23	55	58	27	47	22	22	64	38	17	57	38	22	38	51	32	36	19	10	55	30	29	55	21	26	74	52	26	18	31	67	19	35	21	39	31	38	34	36	48	31	37	44	3	15	36	36	28	23	39	38	38	4	29	57	59	17	30	61	51	28	2	31	55	8	36	67	47	35	63	33	63	56	34	63	11	43	54	51	50	52	36	18	19	32	19	51	43	0	37	3	27	43	27	
67	10	48	16	29	17	61	60	66	37	61	48	57	59	73	21	54	42	58	14	57	49	46	10	20	47	34	63	54	58	18	15	51	48	50	43	11	51	22	57	23	61	42	62	50	2	56	6	43	65	40	34	63	15	46	18	24	31	4	38	53	64	69	19	63	73	49	59	38	8	62	43	45	44	60	51	50	4	55	60	57	36	35	16	50	26	21	55	17	18	17	10	18	32	6	37	0	34	33	32	60	
33	37	28	20	37	23	49	26	57	58	30	48	25	25	66	37	20	56	41	20	40	52	34	33	18	13	54	33	32	56	19	24	73	53	29	21	29	67	18	37	21	42	32	41	36	34	49	28	38	46	6	16	39	34	30	20	38	38	36	7	31	59	61	15	33	63	52	31	5	30	57	12	37	67	49	37	63	30	64	57	36	62	12	41	55	50	48	53	35	16	17	30	16	51	40	3	34	0	28	43	30	
47	27	18	30	12	35	28	41	34	34	36	20	35	40	42	18	36	30	25	24	24	24	13	39	17	33	31	36	24	30	18	18	49	25	19	16	21	40	15	26	11	28	8	31	17	30	25	30	11	32	29	12	33	21	14	33	17	12	31	24	23	34	37	21	36	41	24	31	26	24	31	26	12	43	27	18	36	30	36	31	26	42	16	27	27	30	32	26	20	24	25	22	27	27	38	27	33	28	0	17	33	
65	22	34	38	6	42	36	58	37	17	53	18	53	58	42	10	54	13	37	32	35	17	25	41	27	50	13	53	39	27	27	23	31	15	35	33	22	24	26	39	22	40	21	44	30	29	27	33	18	44	45	29	48	17	29	41	8	5	29	40	38	34	39	32	53	44	17	47	43	25	32	43	21	26	33	29	21	31	24	28	40	25	33	18	18	16	20	24	15	34	34	22	37	10	36	43	32	43	17	0	50	
17	58	15	49	45	52	31	15	40	67	4	43	8	15	49	51	16	61	21	46	23	48	26	61	40	21	64	3	12	47	42	45	81	51	15	17	50	70	38	16	37	20	29	16	23	58	38	55	34	23	25	26	11	52	21	49	50	44	60	24	13	45	44	41	3	45	48	4	25	52	43	18	31	76	34	24	65	56	61	47	15	75	25	59	51	63	65	45	52	43	44	51	44	61	66	27	60	30	33	50	0	

