5  150
78	75	90	82	64	87	28	66	72	52	84	20	23	96	37	73	2	20	72	77	88	17	72	33	55	77	78	44	80	84	49	38	20	85	34	59	9	25	13	65	29	37	4	19	1	80	89	14	68	19	70	28	91	26	100	46	53	2	89	37	77	15	54	36	60	29	99	9	32	31	84	47	26	32	96	92	88	49	54	6	5	44	75	7	74	16	33	94	95	39	29	45	18	36	21	57	17	74	9	79	18	78	45	20	68	48	52	86	65	83	20	17	28	75	70	88	38	100	59	36	31	63	98	94	56	16	66	71	1	13	7	70	92	16	69	91	52	25	81	3	55	40	35	21	42	22	55	96	31	68	
34	34	1	78	12	61	82	3	74	53	13	70	50	34	18	75	93	75	61	29	7	96	20	57	16	95	43	20	44	12	36	89	76	52	38	14	2	76	30	21	93	82	44	94	12	78	3	62	19	88	74	56	67	73	64	46	45	18	19	34	68	68	81	8	72	58	63	31	16	24	75	75	38	38	77	66	79	62	92	64	16	49	58	29	19	94	31	2	71	72	45	58	74	51	31	51	74	23	88	17	16	40	29	44	90	5	83	91	57	98	75	42	20	80	70	99	31	72	6	95	4	43	91	13	23	100	96	20	97	20	17	86	80	15	50	91	94	71	27	5	66	52	77	40	28	7	58	47	90	74	
14	73	26	20	15	46	93	7	21	95	26	28	44	82	3	93	31	51	62	26	62	72	40	43	67	77	7	58	62	79	97	19	22	64	79	95	67	37	78	18	97	37	7	25	52	78	94	68	10	42	71	63	33	81	31	42	55	51	89	66	12	32	72	81	35	72	73	62	85	90	86	31	53	81	56	95	17	73	78	91	64	57	65	79	75	54	5	75	90	37	68	65	28	70	45	85	2	80	86	21	1	38	41	98	59	42	51	26	4	95	97	65	9	68	50	74	14	37	45	21	62	91	9	93	20	84	66	10	10	50	56	71	36	44	83	24	24	15	38	5	71	100	6	44	6	26	2	51	66	7	
48	9	2	45	39	91	91	95	100	89	88	22	93	19	1	97	69	66	1	71	28	27	63	73	78	37	51	59	59	15	39	66	28	26	82	8	51	4	32	52	26	6	4	12	67	70	99	15	69	35	81	58	96	87	18	27	100	7	85	74	29	75	29	48	14	9	14	71	4	78	27	31	39	1	70	16	17	37	22	43	71	97	97	6	85	83	65	1	76	67	88	55	80	45	26	11	51	48	51	98	25	66	49	36	51	64	34	9	48	32	55	58	77	68	21	19	3	18	21	64	25	87	80	65	50	39	8	45	99	87	85	36	2	19	61	1	89	40	89	41	27	73	72	59	5	18	67	81	22	97	
97	14	81	88	24	45	41	75	44	66	34	23	51	8	92	95	20	85	95	27	65	43	91	80	38	78	89	71	91	55	82	29	93	74	94	43	20	15	21	76	96	18	48	6	24	13	17	54	69	79	26	76	35	23	39	75	7	74	79	5	86	81	87	25	99	99	32	81	12	71	23	66	14	73	49	41	19	32	64	59	46	99	58	91	13	68	38	85	27	33	39	48	88	76	8	99	97	69	74	82	82	89	47	73	38	32	58	82	91	22	86	75	76	90	78	29	51	41	21	40	33	69	50	83	74	38	80	69	57	94	17	79	55	22	56	28	2	25	14	39	38	18	1	73	77	26	93	1	44	86	
6209	5403	4039	2000	718	3542	4448	3090	292	4162	3294	781	5683	4431	7081	160	6070	4857	2106	634	5408	5685	7184	2602	7056	1792	4205	646	1617	5187	1946	1643	6662	1290	539	5643	2094	2198	241	2823	3546	6245	741	6316	5809	4732	534	2859	1421	1590	2188	4977	151	585	3253	4688	1165	319	973	4992	78	3824	5461	3644	5044	1018	85	1152	2506	5334	188	4371	3235	5942	7339	770	4967	6262	2769	1404	2263	2765	718	1008	6570	230	7333	5398	5935	6871	2674	4395	6166	1192	107	3221	935	259	2620	5462	5171	5159	7172	946	6680	5504	3299	668	147	5015	5318	709	3169	4171	4742	6711	2386	6261	1469	856	5054	5186	344	5253	2549	6440	5008	4472	6255	2369	7390	346	7021	5291	4751	6484	3740	7413	5386	2280	4404	942	2740	4057	3601	1829	5704	4907	3739	1923	
0	70	47	23	15	65	45	44	36	52	70	48	75	52	89	73	56	41	77	49	77	97	42	50	77	54	79	56	84	46	59	81	71	29	53	50	58	38	64	87	27	32	63	54	78	43	44	71	35	71	25	85	70	38	68	49	47	77	57	73	66	54	26	38	44	75	63	68	68	68	48	11	41	53	77	59	36	29	38	58	69	8	54	47	68	62	69	67	22	70	67	66	39	76	49	59	45	78	59	60	29	41	61	30	51	46	91	42	63	18	46	71	46	86	50	10	82	56	73	41	58	68	87	75	26	80	70	33	47	23	69	64	64	50	67	76	73	66	57	27	42	48	78	35	59	65	55	69	62	71	89	
70	0	23	57	67	78	26	41	50	64	18	22	28	77	61	58	85	35	28	51	67	64	60	28	47	16	50	14	62	29	27	48	36	41	53	74	26	67	23	63	43	60	56	73	75	35	51	12	64	24	66	66	77	39	64	23	52	47	65	23	5	71	61	74	63	57	41	51	3	26	22	68	68	60	42	31	59	52	33	19	63	68	72	40	28	44	36	31	49	89	14	25	49	55	21	38	78	47	43	72	44	29	9	53	36	66	56	38	27	63	60	1	50	51	60	62	64	85	16	70	48	52	61	38	71	65	20	65	68	71	94	6	64	76	85	65	24	72	67	57	51	56	47	35	46	17	84	91	76	43	67	
47	23	0	36	45	66	7	25	32	50	27	1	35	61	63	54	69	17	37	38	62	68	44	16	48	7	51	9	61	13	23	51	37	18	41	58	21	48	25	63	20	41	47	59	68	19	36	25	45	30	45	65	67	21	56	9	37	48	53	31	19	57	40	55	47	54	37	47	21	30	2	45	50	47	45	26	41	31	12	16	56	45	57	26	30	38	36	31	26	76	23	27	32	53	2	32	60	48	36	59	22	6	14	33	25	50	60	21	26	41	45	24	35	55	46	39	62	68	28	52	39	47	61	41	50	62	28	46	52	49	79	17	54	60	72	60	32	62	55	37	35	42	48	12	38	21	68	77	63	42	67	
23	57	36	0	11	44	31	22	12	30	53	36	55	33	65	49	39	23	57	26	53	74	19	32	54	43	56	44	60	29	39	58	49	23	30	30	39	18	45	64	22	10	40	34	55	24	21	55	14	51	9	62	48	19	44	34	23	55	34	54	52	33	5	21	22	52	41	45	56	49	38	14	21	30	55	38	13	6	24	42	45	16	33	26	47	39	47	46	13	51	51	46	16	53	38	37	28	56	36	38	13	31	48	7	30	25	68	22	43	6	23	58	22	63	26	13	58	38	56	21	35	44	63	53	13	56	52	13	26	13	51	52	40	31	48	52	54	44	34	4	19	25	56	25	36	48	37	50	41	49	65	
15	67	45	11	0	50	41	34	24	38	64	46	67	37	76	60	41	34	69	36	63	85	28	43	65	52	67	54	71	40	51	70	61	29	40	34	50	23	57	74	27	17	50	39	63	35	32	66	20	63	10	72	55	30	53	45	34	66	42	66	63	39	12	23	30	62	52	56	66	60	46	4	26	39	67	50	22	18	34	53	55	7	38	37	59	50	59	58	19	55	62	58	27	63	47	48	30	67	48	44	23	39	58	18	42	31	79	33	54	5	31	68	33	75	35	9	68	41	67	25	46	55	74	65	11	66	63	18	31	8	54	62	49	35	52	62	66	51	42	14	30	34	67	33	47	59	40	54	47	60	75	
65	78	66	44	50	0	58	40	36	15	64	65	59	13	43	28	17	49	60	27	23	52	25	51	42	72	41	70	37	52	50	46	47	63	25	15	52	26	55	40	62	34	24	10	17	46	30	69	30	58	39	34	7	45	17	58	28	43	13	61	72	11	39	28	22	32	38	31	79	55	68	54	23	18	47	47	31	42	55	59	19	57	11	39	53	35	46	50	55	10	65	55	35	34	67	40	22	44	35	6	50	64	69	40	42	19	51	45	51	46	22	79	30	49	20	56	32	16	67	24	30	30	41	49	39	29	62	31	18	43	17	77	15	15	7	24	61	8	11	40	31	23	44	60	32	62	17	13	3	41	37	
45	26	7	31	41	58	0	18	25	43	25	7	32	53	57	47	62	9	34	30	55	63	36	9	42	14	45	13	54	6	18	45	32	18	34	50	16	42	21	57	19	34	40	51	61	11	28	25	38	27	39	58	59	14	49	4	30	42	45	29	22	49	34	49	39	47	30	40	25	26	9	42	43	40	40	20	34	26	7	13	48	42	50	18	26	31	30	26	23	68	22	23	24	46	8	25	53	43	29	52	18	8	17	26	18	43	55	13	21	36	37	27	27	50	38	36	55	61	27	45	32	40	55	36	44	55	26	39	45	44	72	21	46	53	65	53	30	54	47	31	27	34	43	10	31	20	60	69	55	36	60	
44	41	25	22	34	40	18	0	11	24	32	25	33	36	46	32	44	9	35	12	39	54	19	13	33	32	35	31	42	12	18	37	27	26	16	33	18	26	24	45	27	21	24	33	44	6	10	35	23	30	28	44	41	7	32	19	11	33	27	33	35	31	23	33	22	34	19	26	41	27	28	36	27	21	33	16	18	16	16	22	32	38	32	3	25	18	25	24	23	50	31	25	8	34	26	15	36	34	15	34	16	24	31	15	8	25	47	5	21	28	19	42	9	42	20	33	41	43	35	29	16	26	44	31	33	40	31	25	27	34	54	38	29	35	46	37	33	36	29	20	10	16	34	22	16	27	43	51	37	27	47	
36	50	32	12	24	36	25	11	0	21	43	32	44	29	53	37	37	15	46	13	42	61	12	23	41	39	43	39	48	21	29	46	37	26	17	26	29	16	35	51	26	10	27	27	44	15	8	46	13	41	17	49	40	11	33	27	11	42	25	44	45	26	12	23	15	39	28	32	50	38	34	27	18	20	42	27	8	7	20	33	34	29	26	14	36	26	35	34	19	45	41	36	3	40	33	24	27	43	23	30	14	29	41	5	19	18	55	13	32	18	14	51	10	51	17	25	46	36	46	19	22	31	50	41	22	44	42	14	20	23	47	47	29	28	42	40	44	35	26	9	6	14	43	24	23	38	35	46	33	36	53	
52	64	50	30	38	15	43	24	21	0	51	50	48	13	42	25	22	33	50	12	25	51	10	36	36	56	36	55	36	37	37	40	37	47	11	12	38	15	43	39	47	20	16	9	25	31	14	56	18	47	27	35	19	30	16	43	13	37	4	50	58	7	26	21	8	28	27	24	65	43	52	42	13	4	40	34	16	27	39	45	17	44	8	24	41	24	36	38	40	25	51	42	19	30	51	27	19	38	23	9	35	48	55	25	28	7	47	29	38	34	7	65	15	44	4	43	32	21	55	15	18	23	39	40	29	30	49	20	8	32	29	62	12	14	21	24	49	14	5	25	15	8	38	44	20	48	21	27	13	33	39	
70	18	27	53	64	64	25	32	43	51	0	26	10	64	43	41	73	30	10	39	50	46	50	21	29	25	32	21	43	24	14	30	18	43	40	62	14	57	8	45	45	53	40	60	58	29	40	6	55	6	60	48	62	34	48	21	40	29	51	5	14	58	55	65	52	39	25	35	21	8	28	66	58	47	24	17	50	47	32	12	47	66	59	29	11	28	18	14	48	74	4	8	40	37	26	23	67	28	28	58	42	32	15	47	24	55	38	31	12	59	49	18	38	33	47	61	46	72	3	60	33	35	42	20	65	47	2	57	57	66	80	21	48	64	71	48	6	57	54	52	41	44	28	36	31	5	72	77	62	25	49	
48	22	1	36	46	65	7	25	32	50	26	0	34	61	62	53	69	17	35	38	61	67	43	15	47	7	50	8	60	13	22	50	36	19	41	58	20	48	23	62	21	41	47	58	67	18	36	24	45	29	45	64	66	21	55	8	37	47	52	30	18	56	40	55	46	53	36	46	20	28	3	46	50	47	44	25	41	32	12	15	55	46	57	26	29	37	35	30	27	75	22	25	31	52	1	31	60	47	35	59	23	7	13	33	24	50	59	20	25	41	45	23	34	54	45	40	61	68	27	52	38	46	60	40	50	61	26	46	52	50	79	16	53	60	72	59	31	61	54	37	35	42	47	13	37	20	67	77	63	41	66	
75	28	35	55	67	59	32	33	44	48	10	34	0	61	33	33	70	34	2	37	43	36	49	25	20	34	23	31	34	29	16	20	11	50	37	60	17	57	11	35	52	54	34	57	51	32	40	16	56	5	61	39	56	37	42	28	39	20	47	5	24	55	56	65	50	31	20	28	31	6	36	69	57	44	15	17	51	49	38	19	41	70	56	30	8	23	12	10	53	69	14	9	41	29	34	21	66	19	25	54	46	40	25	49	25	53	28	33	12	62	47	28	38	23	45	65	38	69	12	59	29	29	33	11	66	39	8	58	55	67	76	31	43	62	66	41	4	51	50	53	41	42	19	43	27	14	69	72	57	18	40	
52	77	61	33	37	13	53	36	29	13	64	61	61	0	52	36	8	44	63	25	34	62	17	48	49	68	49	67	46	48	50	53	51	54	24	3	51	15	56	50	54	23	29	5	30	42	25	69	19	60	27	45	20	40	25	55	25	50	15	63	71	7	28	15	14	40	41	37	77	57	63	41	12	17	53	47	21	32	49	58	27	44	6	37	54	38	49	52	45	18	65	56	29	42	62	41	9	51	37	11	42	58	67	31	41	10	59	40	52	35	16	77	27	57	17	45	42	8	68	12	32	36	50	53	26	39	63	20	8	30	18	74	22	2	15	34	63	18	13	29	26	20	51	53	34	61	7	17	11	46	48	
89	61	63	65	76	43	57	46	53	42	43	62	33	52	0	17	59	53	34	39	20	9	49	48	15	65	12	62	6	51	39	13	26	72	36	52	41	56	40	3	72	59	26	47	27	50	44	49	58	37	67	9	37	53	26	54	42	15	38	38	57	46	63	63	48	13	27	20	64	36	65	79	55	38	19	37	54	60	59	48	25	82	47	43	34	27	27	32	69	51	47	38	49	12	62	32	60	15	30	41	62	65	57	58	40	49	9	50	37	71	46	61	43	11	42	78	11	58	46	57	30	21	2	23	70	14	41	60	50	73	59	64	30	54	49	19	37	35	40	62	46	42	15	65	30	46	59	55	43	20	7	
73	58	54	49	60	28	47	32	37	25	41	53	33	36	17	0	44	40	35	23	9	26	32	38	14	57	13	55	11	41	32	17	22	59	19	36	33	39	34	15	59	42	9	31	17	37	28	47	41	35	50	12	23	39	11	45	26	15	21	37	53	29	47	46	31	4	17	7	60	32	56	63	38	21	20	28	38	44	47	41	9	65	30	29	30	16	22	27	55	37	43	33	34	6	54	22	43	16	18	26	48	55	51	43	29	32	23	37	31	55	29	59	27	21	25	63	8	43	44	40	15	7	14	22	53	8	39	43	33	56	45	59	14	37	35	7	37	20	23	46	30	25	16	53	16	41	43	41	28	15	15	
56	85	69	39	41	17	62	44	37	22	73	69	70	8	59	44	0	52	72	34	40	69	25	57	57	76	57	75	53	57	59	61	60	61	33	11	60	21	65	57	60	29	37	13	35	50	34	78	25	69	31	51	24	48	33	63	33	58	23	72	80	15	33	18	22	48	50	45	86	66	71	45	18	26	61	56	28	39	57	66	35	48	14	45	63	47	58	61	52	16	73	65	37	50	70	50	11	59	45	18	49	66	76	38	49	19	67	48	61	39	25	86	35	65	25	49	49	1	77	17	41	44	57	62	30	46	72	25	17	33	13	82	30	9	14	40	72	24	21	35	34	29	59	61	43	70	1	13	16	54	55	
41	35	17	23	34	49	9	9	15	33	30	17	34	44	53	40	52	0	36	21	48	60	26	9	39	24	41	23	49	6	18	43	31	18	25	41	17	32	23	52	19	25	33	41	53	3	19	32	29	30	30	52	50	4	41	12	20	39	36	32	30	39	25	39	29	41	25	34	34	27	19	35	34	31	38	18	24	17	7	19	41	36	40	11	26	25	29	26	18	59	28	25	14	41	18	20	43	40	23	42	12	15	25	17	12	33	53	4	21	29	28	36	18	47	29	31	49	51	33	35	25	33	51	35	35	48	29	30	35	36	62	31	38	43	55	46	32	45	38	22	18	25	40	13	24	25	50	60	46	33	55	
77	28	37	57	69	60	34	35	46	50	10	35	2	63	34	35	72	36	0	39	44	36	51	27	21	35	24	32	35	31	18	21	13	52	39	62	18	59	13	36	53	56	36	59	53	34	42	16	58	6	63	40	58	39	44	29	41	21	49	5	24	57	58	67	52	32	22	30	31	8	38	71	59	46	16	19	53	51	39	20	42	72	58	32	10	25	14	12	55	71	14	11	43	30	35	23	68	20	26	56	48	41	25	50	27	55	28	35	14	64	49	28	40	23	47	67	39	71	12	61	31	30	34	12	68	40	8	60	57	69	77	31	45	64	68	42	4	53	52	55	43	44	20	44	29	15	71	74	59	19	41	
49	51	38	26	36	27	30	12	13	12	39	38	37	25	39	23	34	21	39	0	28	48	12	24	29	44	30	43	34	25	25	34	28	38	4	23	26	20	30	38	38	19	13	22	32	19	5	43	19	35	27	36	29	19	20	31	2	30	14	38	46	19	24	28	13	26	18	19	52	32	40	40	20	9	32	21	15	21	28	32	20	42	20	12	29	15	26	27	32	38	39	31	10	26	39	16	28	31	13	21	26	37	42	19	15	15	43	17	26	31	10	52	4	38	8	39	32	33	42	22	9	18	37	31	31	30	37	22	18	34	42	49	17	25	34	26	38	23	16	22	7	5	31	34	11	36	33	39	25	25	39	
77	67	62	53	63	23	55	39	42	25	50	61	43	34	20	9	40	48	44	28	0	29	35	46	23	66	21	64	14	49	41	25	32	65	24	34	43	41	44	17	66	45	15	29	8	45	33	56	43	44	52	11	17	46	9	53	31	24	21	47	62	27	50	46	33	12	26	16	69	42	64	66	38	23	29	37	41	49	55	50	8	69	28	37	39	24	31	36	61	31	53	42	39	14	62	30	42	25	26	22	54	63	60	47	37	32	28	44	40	58	31	68	32	27	27	67	9	39	54	40	23	15	18	31	55	6	48	45	33	58	39	68	13	35	29	2	46	15	22	49	35	28	25	61	24	50	39	35	23	25	14	
97	64	68	74	85	52	63	54	61	51	46	67	36	62	9	26	69	60	36	48	29	0	58	54	21	69	18	66	15	58	44	17	30	78	45	62	46	66	44	12	79	68	35	57	36	57	53	52	67	40	76	18	46	60	36	59	51	20	48	41	60	55	72	72	58	22	34	29	67	39	70	88	64	48	23	42	63	68	66	52	34	90	56	50	38	35	32	36	77	60	50	41	58	21	68	39	70	20	38	51	70	71	60	67	47	58	8	57	42	80	55	64	51	13	51	86	20	68	48	66	38	30	11	26	79	23	44	69	60	82	68	67	40	63	58	28	40	44	49	70	55	51	20	72	38	49	68	64	52	26	15	
42	60	44	19	28	25	36	19	12	10	50	43	49	17	49	32	25	26	51	12	35	58	0	32	41	50	42	50	44	31	35	45	40	38	13	14	36	8	41	47	37	10	23	15	35	25	9	54	8	46	17	44	29	22	25	38	10	42	14	50	55	14	15	16	3	36	30	29	60	43	46	31	8	11	43	32	6	17	32	42	27	34	14	21	41	27	38	39	30	33	49	42	12	37	45	28	17	43	25	19	25	41	51	15	25	6	54	23	38	23	3	61	11	50	7	32	41	24	53	10	21	29	47	43	20	38	48	10	8	23	35	57	21	16	30	34	49	24	15	15	9	7	43	36	23	46	24	34	22	36	48	
50	28	16	32	43	51	9	13	23	36	21	15	25	48	48	38	57	9	27	24	46	54	32	0	33	20	36	18	45	4	9	36	23	25	26	46	8	38	14	48	26	33	32	45	52	8	23	23	36	21	39	49	52	13	40	7	24	33	38	23	22	43	34	46	35	38	21	31	28	18	18	44	40	33	31	11	31	26	12	10	40	45	44	12	18	22	21	18	27	62	19	16	21	37	16	16	49	34	20	45	21	17	18	26	9	38	46	10	13	38	32	29	21	41	32	40	46	56	24	42	23	31	46	28	44	46	20	37	40	45	66	25	39	48	58	44	23	46	40	31	23	29	34	18	22	16	56	63	49	27	51	
77	47	48	54	65	42	42	33	41	36	29	47	20	49	15	14	57	39	21	29	23	21	41	33	0	50	3	47	14	37	24	4	11	57	27	48	26	49	25	16	58	49	20	44	32	36	34	35	49	23	57	19	38	39	25	39	32	1	34	25	42	42	53	56	41	11	13	12	50	21	50	68	48	32	5	22	45	48	45	33	23	70	43	29	19	15	12	17	56	52	32	23	38	9	47	18	55	2	17	39	49	50	42	47	26	42	14	36	22	60	38	47	32	9	34	66	17	56	32	50	19	13	14	8	61	19	27	51	44	63	59	49	27	50	49	21	24	34	36	51	35	33	2	51	18	31	56	55	41	5	20	
54	16	7	43	52	72	14	32	39	56	25	7	34	68	65	57	76	24	35	44	66	69	50	20	50	0	53	3	64	19	26	52	39	25	47	65	24	56	25	66	27	48	52	65	73	25	42	21	52	30	52	68	72	28	61	13	43	50	59	30	14	63	47	63	53	57	40	50	14	30	6	52	58	53	46	29	48	39	19	17	60	52	64	32	31	41	38	33	33	82	21	27	38	56	5	35	67	50	40	66	30	13	10	40	30	57	61	27	28	48	51	17	41	56	52	46	65	75	25	59	44	50	64	42	57	65	26	53	59	57	86	10	59	67	78	64	31	67	61	44	41	48	50	19	42	20	74	83	69	45	70	
79	50	51	56	67	41	45	35	43	36	32	50	23	49	12	13	57	41	24	30	21	18	42	36	3	53	0	50	11	39	27	4	14	60	28	48	29	49	28	13	61	50	20	44	30	38	35	38	50	25	58	16	37	42	24	42	33	3	34	27	45	42	54	57	42	9	15	12	52	24	52	70	49	32	8	25	46	50	47	36	22	72	43	32	22	16	15	20	59	51	35	26	39	7	50	21	55	3	19	39	52	53	45	49	29	43	12	38	25	62	39	50	33	8	35	68	15	56	35	50	21	13	11	11	62	16	30	52	44	64	58	52	27	50	48	19	26	33	36	53	37	34	3	54	20	34	56	55	41	8	17	
56	14	9	44	54	70	13	31	39	55	21	8	31	67	62	55	75	23	32	43	64	66	50	18	47	3	50	0	61	18	23	49	36	27	45	64	21	55	22	63	29	48	50	64	70	24	41	18	52	26	53	65	71	28	59	12	42	47	57	26	11	62	48	62	53	54	37	48	12	26	8	54	57	52	43	26	48	39	20	14	58	54	63	30	28	39	35	30	35	81	17	24	38	53	7	33	67	47	37	64	31	15	7	40	28	56	58	26	25	49	50	15	40	52	51	48	62	74	22	59	42	48	61	39	58	62	23	53	58	58	85	8	57	66	77	61	27	65	59	45	41	47	47	21	40	17	74	82	68	42	67	
84	62	61	60	71	37	54	42	48	36	43	60	34	46	6	11	53	49	35	34	14	15	44	45	14	64	11	61	0	49	38	14	25	68	31	46	40	51	39	3	69	53	21	41	21	46	39	50	52	37	61	5	31	49	20	52	37	14	32	39	57	40	58	57	43	8	24	16	64	35	63	74	49	33	19	35	49	55	56	47	18	77	41	39	33	24	26	31	65	45	47	37	45	8	61	29	54	15	26	35	59	63	56	54	37	43	14	46	36	66	40	62	38	15	36	74	5	52	46	51	26	16	4	23	65	8	41	55	44	67	53	63	24	48	43	13	38	29	34	57	41	36	15	62	25	45	52	49	37	19	6	
46	29	13	29	40	52	6	12	21	37	24	13	29	48	51	41	57	6	31	25	49	58	31	4	37	19	39	18	49	0	14	40	28	21	28	45	12	37	18	51	22	31	34	46	54	6	23	26	34	25	36	52	53	10	42	6	24	37	39	27	24	44	31	45	34	41	24	34	29	23	15	41	39	34	35	15	30	23	8	13	42	41	44	13	22	25	26	22	23	62	22	20	20	40	14	19	48	38	23	46	17	14	19	23	12	38	50	8	17	35	32	30	22	45	33	36	49	56	27	41	26	34	50	32	41	49	24	36	40	42	66	25	40	48	59	47	27	48	41	28	22	29	38	14	25	19	55	64	50	31	55	
59	27	23	39	51	50	18	18	29	37	14	22	16	50	39	32	59	18	18	25	41	44	35	9	24	26	27	23	38	14	0	27	14	35	26	48	2	43	6	40	36	39	28	46	48	16	26	18	41	12	46	42	50	21	37	14	26	24	38	15	22	44	41	51	37	31	14	25	29	9	25	53	43	33	21	3	36	33	22	9	36	54	45	15	8	16	12	8	37	61	14	7	26	30	23	10	53	25	15	45	30	26	19	33	10	40	37	17	3	46	34	28	24	31	33	49	39	58	18	45	20	25	38	18	51	39	13	43	42	52	66	27	36	50	58	38	15	44	40	38	26	30	25	28	18	11	58	63	48	19	44	
81	48	51	58	70	46	45	37	46	40	30	50	20	53	13	17	61	43	21	34	25	17	45	36	4	52	4	49	14	40	27	0	13	61	31	52	29	53	27	14	62	53	24	48	34	40	38	36	53	24	61	19	41	43	28	42	36	3	38	25	44	46	57	60	45	13	17	16	51	23	52	73	52	36	6	25	49	52	48	35	26	75	47	33	21	19	14	19	60	55	34	25	42	11	50	22	59	2	22	43	53	54	44	51	30	46	10	40	24	64	42	48	36	5	39	70	18	60	32	54	24	17	12	10	65	20	28	56	48	67	63	51	31	54	52	23	24	38	40	55	40	37	2	55	22	33	60	59	45	9	19	
71	36	37	49	61	47	32	27	37	37	18	36	11	51	26	22	60	31	13	28	32	30	40	23	11	39	14	36	25	28	14	13	0	49	27	49	16	48	14	27	50	46	23	46	40	28	31	25	47	12	54	30	45	32	31	29	30	11	37	15	31	44	49	56	41	20	10	17	39	10	39	63	48	33	7	12	42	43	36	22	29	65	45	23	8	13	2	6	49	58	21	12	33	18	37	12	56	11	15	43	42	41	31	42	19	43	22	29	11	55	38	37	29	17	35	60	27	59	21	50	19	17	25	4	58	29	16	49	45	60	64	38	32	51	55	30	14	40	39	47	32	33	11	42	17	20	58	61	46	7	31	
29	41	18	23	29	63	18	26	26	47	43	19	50	54	72	59	61	18	52	38	65	78	38	25	57	25	60	27	68	21	35	61	49	0	42	51	33	40	39	71	2	31	50	54	70	21	34	43	36	45	32	71	66	19	58	22	36	58	51	47	37	52	28	45	41	60	44	52	39	43	19	28	42	46	56	36	33	21	12	31	58	27	52	29	43	44	47	43	10	71	40	41	28	60	20	39	51	58	41	56	12	12	32	23	31	44	71	22	38	26	40	42	34	66	43	21	68	61	45	43	43	52	70	53	36	67	44	36	46	35	73	35	55	53	68	64	48	61	52	26	32	40	58	7	43	38	60	72	60	51	74	
53	53	41	30	40	25	34	16	17	11	40	41	37	24	36	19	33	25	39	4	24	45	13	26	27	47	28	45	31	28	26	31	27	42	0	22	27	21	31	34	42	22	10	20	28	22	8	45	22	35	30	32	25	23	16	34	6	28	12	39	48	18	27	29	14	22	17	16	54	32	44	43	21	7	30	23	18	25	32	34	16	46	19	15	30	14	25	27	36	35	40	31	14	23	42	16	29	29	12	19	30	41	44	23	17	16	40	21	27	35	11	54	8	36	8	43	28	32	43	23	8	15	34	30	34	26	38	24	18	36	40	52	13	25	31	22	38	20	14	26	11	6	29	38	10	37	32	37	22	23	35	
50	74	58	30	34	15	50	33	26	12	62	58	60	3	52	36	11	41	62	23	34	62	14	46	48	65	48	64	46	45	48	52	49	51	22	0	49	12	54	50	50	20	28	5	31	39	22	67	16	58	24	45	22	37	26	52	22	49	14	61	68	6	25	13	11	40	39	36	74	55	60	38	9	16	52	45	18	29	46	55	27	41	5	34	52	36	48	50	42	21	62	54	26	41	59	39	8	50	35	12	39	55	64	27	38	7	59	37	50	32	13	75	24	56	14	42	42	10	66	9	30	35	50	52	24	39	60	17	5	27	21	71	22	2	18	34	61	19	12	26	23	17	50	50	32	59	10	20	13	45	49	
58	26	21	39	50	52	16	18	29	38	14	20	17	51	41	33	60	17	18	26	43	46	36	8	26	24	29	21	40	12	2	29	16	33	27	49	0	43	6	42	35	39	30	48	50	15	26	17	41	12	46	44	51	20	38	13	26	26	39	15	20	45	41	51	38	33	16	26	27	10	23	52	44	34	23	5	36	33	21	7	38	53	46	15	9	18	14	10	36	62	13	7	26	32	21	12	53	26	17	46	29	25	17	33	10	41	39	17	5	45	35	26	25	33	34	48	41	59	17	46	22	27	40	20	51	41	13	43	43	52	68	25	38	51	59	40	15	46	41	38	27	31	26	26	20	10	59	65	50	21	46	
38	67	48	18	23	26	42	26	16	15	57	48	57	15	56	39	21	32	59	20	41	66	8	38	49	56	49	55	51	37	43	53	48	40	21	12	43	0	49	54	39	8	30	16	40	31	17	61	4	54	12	51	32	27	31	44	18	50	19	57	61	15	13	8	8	43	38	37	66	51	50	27	3	18	51	40	7	18	36	48	33	30	15	28	49	35	46	47	30	33	56	49	17	44	50	36	11	50	33	21	28	45	57	16	32	8	61	29	45	20	10	68	19	58	14	30	47	21	61	3	29	36	54	51	14	45	56	5	8	17	33	63	27	13	30	40	57	28	19	14	16	15	50	40	31	53	20	32	23	44	54	
64	23	25	45	57	55	21	24	35	43	8	23	11	56	40	34	65	23	13	30	44	44	41	14	25	25	28	22	39	18	6	27	14	39	31	54	6	49	0	41	40	45	32	52	51	21	32	13	47	6	52	43	54	26	41	17	31	25	43	9	18	50	47	57	43	33	18	28	25	5	26	58	50	39	21	8	42	39	26	8	40	59	51	21	6	20	13	8	42	66	9	2	32	32	24	15	59	25	20	50	35	29	17	39	16	46	36	23	4	51	40	24	30	30	39	54	41	64	12	51	25	28	39	17	57	42	7	49	48	58	72	24	41	56	63	42	9	49	45	44	32	36	25	31	23	6	63	69	54	20	45	
87	63	63	64	74	40	57	45	51	39	45	62	35	50	3	15	57	52	36	38	17	12	47	48	16	66	13	63	3	51	40	14	27	71	34	50	42	54	41	0	72	57	24	45	24	49	43	51	56	38	65	6	34	52	24	54	41	16	36	40	58	43	62	61	46	12	27	19	65	37	65	78	53	36	20	37	53	59	59	49	22	80	44	42	35	27	28	33	69	48	48	39	48	11	63	32	58	16	29	39	62	65	58	57	40	47	12	49	38	70	44	63	41	14	40	77	8	56	47	55	29	20	2	24	68	11	42	58	48	71	56	65	28	51	46	16	39	32	37	60	45	40	16	65	29	47	56	52	40	21	5	
27	43	20	22	27	62	19	27	26	47	45	21	52	54	72	59	60	19	53	38	66	79	37	26	58	27	61	29	69	22	36	62	50	2	42	50	35	39	40	72	0	30	51	53	70	22	34	44	35	47	31	72	66	19	58	24	36	59	51	49	39	52	27	44	41	61	45	53	41	45	21	26	42	46	57	37	32	21	14	33	58	25	52	30	45	45	48	45	9	71	42	42	28	60	22	40	50	59	42	56	12	14	34	23	32	44	72	22	40	24	40	44	34	67	43	19	68	60	47	42	43	53	71	54	35	67	45	35	45	34	72	37	55	52	67	64	49	61	52	25	32	40	59	8	43	39	59	71	59	53	75	
32	60	41	10	17	34	34	21	10	20	53	41	54	23	59	42	29	25	56	19	45	68	10	33	49	48	50	48	53	31	39	53	46	31	22	20	39	8	45	57	30	0	32	24	46	25	15	56	4	51	8	54	39	21	36	37	17	50	25	54	55	23	5	14	12	45	37	38	60	48	43	21	11	21	51	37	4	10	29	43	37	24	23	24	46	34	44	44	22	41	51	46	13	46	43	33	19	50	31	28	20	37	51	8	29	15	62	23	42	13	13	61	17	58	18	22	50	29	56	12	29	38	56	50	12	48	52	5	16	14	42	56	31	21	38	44	54	34	25	6	13	16	50	31	30	48	28	41	31	44	58	
63	56	47	40	50	24	40	24	27	16	40	47	34	29	26	9	37	33	36	13	15	35	23	32	20	52	20	50	21	34	28	24	23	50	10	28	30	30	32	24	51	32	0	24	20	30	18	46	31	34	40	22	21	31	8	39	16	21	14	37	50	22	37	37	22	13	14	8	57	31	50	53	29	12	24	24	28	34	40	37	8	56	23	22	29	12	22	26	46	34	41	31	24	14	48	17	35	22	12	19	39	48	47	33	22	23	31	29	28	45	19	56	17	28	15	53	18	36	43	31	8	7	24	25	43	17	38	33	24	46	41	55	8	30	31	13	37	17	16	36	21	15	22	46	9	39	36	37	22	17	25	
54	73	59	34	39	10	51	33	27	9	60	58	57	5	47	31	13	41	59	22	29	57	15	45	44	65	44	64	41	46	46	48	46	54	20	5	48	16	52	45	53	24	24	0	26	40	22	65	20	56	28	40	16	38	20	52	21	45	10	59	68	2	29	18	12	35	37	32	74	53	61	43	13	13	48	43	21	32	47	54	22	46	1	33	50	33	45	47	45	17	61	52	27	37	60	37	13	46	32	6	41	56	64	30	37	9	54	38	48	36	13	74	24	52	13	46	37	12	64	13	27	31	45	49	29	34	59	21	8	32	20	71	17	6	14	29	59	14	8	30	23	16	46	52	30	58	12	18	7	41	43	
78	75	68	55	63	17	61	44	44	25	58	67	51	30	27	17	35	53	53	32	8	36	35	52	32	73	30	70	21	54	48	34	40	70	28	31	50	40	51	24	70	46	20	26	0	50	36	64	43	52	52	18	10	51	12	59	34	32	21	55	70	25	51	44	33	20	34	23	77	50	70	67	38	25	37	44	42	51	60	57	12	70	26	42	47	31	40	44	64	24	61	50	42	22	68	37	39	33	32	19	58	68	68	49	43	31	36	49	47	59	32	76	36	36	28	68	16	34	62	39	28	23	25	40	54	13	56	45	32	57	32	75	15	32	22	10	54	12	21	51	38	30	33	66	30	58	34	28	19	33	21	
43	35	19	24	35	46	11	6	15	31	29	18	32	42	50	37	50	3	34	19	45	57	25	8	36	25	38	24	46	6	16	40	28	21	22	39	15	31	21	49	22	25	30	40	50	0	17	31	28	28	31	49	48	5	38	12	18	36	34	30	30	38	26	38	28	38	22	31	35	25	21	37	33	28	35	15	23	18	10	18	38	38	38	8	24	22	26	23	21	56	27	23	13	38	20	17	42	37	19	40	14	18	25	18	9	31	50	2	19	30	26	36	16	44	26	33	46	50	32	34	22	30	48	32	36	45	28	30	33	37	60	32	35	41	53	43	31	43	35	23	16	23	37	16	21	24	49	58	44	30	52	
44	51	36	21	32	30	28	10	8	14	40	36	40	25	44	28	34	19	42	5	33	53	9	23	34	42	35	41	39	23	26	38	31	34	8	22	26	17	32	43	34	15	18	22	36	17	0	44	16	37	23	41	32	15	24	29	2	34	17	40	46	20	19	25	11	31	21	24	51	34	38	35	17	12	36	23	11	16	25	32	25	37	21	11	32	19	29	30	27	39	40	32	6	31	37	19	26	35	16	23	22	34	42	14	16	15	47	15	28	26	9	52	2	43	9	34	37	33	44	19	14	23	42	34	27	35	39	18	17	29	43	48	21	25	36	31	40	27	18	17	2	6	35	30	15	37	32	41	27	29	44	
71	12	25	55	66	69	25	35	46	56	6	24	16	69	49	47	78	32	16	43	56	52	54	23	35	21	38	18	50	26	18	36	25	43	45	67	17	61	13	51	44	56	46	65	64	31	44	0	59	12	62	55	67	36	54	21	44	35	57	11	8	63	57	69	56	45	31	41	15	14	25	67	62	52	30	22	54	49	32	13	53	67	64	33	17	33	25	20	48	80	4	14	43	43	23	29	71	35	33	64	43	31	11	49	28	59	44	33	17	61	53	12	42	39	52	61	52	77	4	64	38	41	49	26	67	54	8	60	61	68	85	15	54	69	76	54	12	62	59	54	44	49	35	36	36	7	77	82	67	32	56	
35	64	45	14	20	30	38	23	13	18	55	45	56	19	58	41	25	29	58	19	43	67	8	36	49	52	50	52	52	34	41	53	47	36	22	16	41	4	47	56	35	4	31	20	43	28	16	59	0	53	9	53	35	24	34	41	17	50	22	56	59	19	9	10	10	44	37	38	64	50	47	24	7	19	51	39	5	14	33	46	35	26	19	26	48	35	45	46	26	37	54	48	15	45	47	35	15	51	32	25	24	41	54	12	31	11	62	26	44	16	12	65	18	58	16	26	49	25	59	7	29	37	56	50	12	47	54	2	12	14	37	60	29	17	34	42	56	31	22	10	15	16	51	36	31	51	24	36	27	44	56	
71	24	30	51	63	58	27	30	41	47	6	29	5	60	37	35	69	30	6	35	44	40	46	21	23	30	25	26	37	25	12	24	12	45	35	58	12	54	6	38	47	51	34	56	52	28	37	12	53	0	58	42	56	33	43	23	36	22	47	3	20	54	53	62	48	33	20	29	27	3	31	65	55	42	18	14	48	45	33	14	41	66	55	27	5	23	12	8	48	69	10	5	38	31	29	19	64	22	23	53	42	35	20	45	22	51	32	29	9	58	45	24	35	27	43	61	40	68	9	57	28	29	36	14	63	41	4	55	53	64	75	27	43	60	66	42	3	51	49	50	38	40	22	38	26	9	68	72	57	19	43	
25	66	45	9	10	39	39	28	17	27	60	45	61	27	67	50	31	30	63	27	52	76	17	39	57	52	58	53	61	36	46	61	54	32	30	24	46	12	52	65	31	8	40	28	52	31	23	62	9	58	0	62	44	26	43	42	25	58	31	61	61	28	5	13	19	53	44	46	65	55	47	14	15	29	59	44	12	13	33	49	44	17	28	31	53	42	51	51	22	45	58	53	20	54	46	41	20	59	39	34	22	40	56	13	36	21	70	29	49	8	21	67	25	66	25	18	58	31	63	15	37	46	64	57	5	56	59	7	21	6	44	61	39	25	42	51	61	41	31	8	21	24	59	34	38	55	30	44	36	52	65	
85	66	65	62	72	34	58	44	49	35	48	64	39	45	9	12	51	52	40	36	11	18	44	49	19	68	16	65	5	52	42	19	30	71	32	45	44	51	43	6	72	54	22	40	18	49	41	55	53	42	62	0	28	52	19	56	38	19	31	44	61	38	59	57	43	11	28	18	69	40	67	75	49	33	24	39	50	57	59	51	18	78	39	42	38	27	30	35	67	42	51	41	46	12	65	33	53	20	29	34	61	66	60	55	40	43	18	49	40	67	41	67	39	19	36	75	3	50	51	51	28	18	8	28	65	5	46	55	44	67	50	68	23	47	40	11	43	26	33	58	43	37	20	65	28	50	50	46	35	23	3	
70	77	67	48	55	7	59	41	40	19	62	66	56	20	37	23	24	50	58	29	17	46	29	52	38	72	37	71	31	53	50	41	45	66	25	22	51	32	54	34	66	39	21	16	10	48	32	67	35	56	44	28	0	48	13	59	30	39	15	59	72	16	44	35	26	27	36	28	79	53	69	59	29	20	43	46	35	46	57	59	15	62	17	40	50	33	44	48	59	14	63	53	38	29	68	39	29	40	34	10	54	66	69	44	42	24	45	46	50	52	26	78	32	44	23	61	26	23	65	30	29	27	35	45	46	23	60	37	23	49	22	76	13	22	12	18	58	5	14	44	34	26	40	63	31	61	24	18	9	38	31	
38	39	21	19	30	45	14	7	11	30	34	21	37	40	53	39	48	4	39	19	46	60	22	13	39	28	42	28	49	10	21	43	32	19	23	37	20	27	26	52	19	21	31	38	51	5	15	36	24	33	26	52	48	0	39	16	17	40	33	35	34	36	21	34	25	41	26	33	39	30	23	32	29	27	39	20	20	13	9	23	39	33	36	10	29	25	30	28	16	55	32	28	10	41	22	21	39	41	22	39	9	18	30	13	13	29	53	3	24	25	24	40	15	48	25	28	48	47	37	31	24	33	51	37	31	47	33	25	31	32	58	35	36	39	51	44	36	42	34	18	14	22	41	15	23	29	46	56	43	34	55	
68	64	56	44	53	17	49	32	33	16	48	55	42	25	26	11	33	41	44	20	9	36	25	40	25	61	24	59	20	42	37	28	31	58	16	26	38	31	41	24	58	36	8	20	12	38	24	54	34	43	43	19	13	39	0	48	22	26	12	46	59	19	41	37	24	15	23	14	66	40	58	57	29	14	30	33	31	40	48	46	2	60	20	30	37	20	30	34	52	27	50	40	30	17	57	26	34	27	21	15	46	56	56	38	31	23	34	37	37	49	22	65	24	32	18	58	16	32	52	31	17	13	24	32	45	13	46	36	24	48	34	64	4	27	24	8	45	9	13	40	26	19	27	54	18	48	32	30	17	24	23	
49	23	9	34	45	58	4	19	27	43	21	8	28	55	54	45	63	12	29	31	53	59	38	7	39	13	42	12	52	6	14	42	29	22	34	52	13	44	17	54	24	37	39	52	59	12	29	21	41	23	42	56	59	16	48	0	30	39	45	25	18	50	37	51	41	45	28	38	22	22	11	46	45	40	36	17	36	29	11	9	47	46	51	18	22	29	27	23	27	69	18	19	26	44	9	23	55	39	27	52	22	12	13	29	16	44	52	15	17	40	38	24	28	46	39	40	53	62	23	47	31	38	52	33	47	53	21	42	46	48	73	19	46	54	65	51	25	54	47	34	29	35	39	15	29	15	62	70	56	33	58	
47	52	37	23	34	28	30	11	11	13	40	37	39	25	42	26	33	20	41	2	31	51	10	24	32	43	33	42	37	24	26	36	30	36	6	22	26	18	31	41	36	17	16	21	34	18	2	44	17	36	25	38	30	17	22	30	0	33	15	40	46	19	21	26	11	29	20	22	52	33	39	37	18	10	34	23	13	18	27	33	23	39	20	12	31	17	28	29	30	38	40	32	8	29	38	18	27	34	15	22	24	36	42	16	16	14	45	16	28	29	8	52	2	41	8	36	35	33	44	20	12	21	40	33	29	33	38	19	17	31	42	49	19	24	34	29	39	25	17	19	4	5	34	32	13	37	32	40	25	27	42	
77	47	48	55	66	43	42	33	42	37	29	47	20	50	15	15	58	39	21	30	24	20	42	33	1	50	3	47	14	37	24	3	11	58	28	49	26	50	25	16	59	50	21	45	32	36	34	35	50	22	58	19	39	40	26	39	33	0	35	24	42	43	54	57	42	12	14	13	49	21	50	69	49	33	5	22	46	49	45	33	24	71	44	30	19	15	12	17	57	53	32	23	38	10	48	19	56	1	18	40	50	51	42	48	27	43	13	37	22	61	39	47	33	8	35	67	18	57	31	51	20	14	14	8	62	19	26	52	45	64	60	49	28	51	50	22	23	35	37	52	36	34	1	51	19	31	57	56	42	6	20	
57	65	53	34	42	13	45	27	25	4	51	52	47	15	38	21	23	36	49	14	21	48	14	38	34	59	34	57	32	39	38	38	37	51	12	14	39	19	43	36	51	25	14	10	21	34	17	57	22	47	31	31	15	33	12	45	15	35	0	50	60	8	30	25	12	25	27	22	66	43	55	46	17	5	38	34	21	31	43	46	13	49	9	26	41	24	35	38	44	23	52	43	23	27	54	28	22	36	23	7	39	51	56	29	29	11	44	32	39	38	11	66	18	42	8	47	28	22	55	19	18	21	36	39	34	26	49	24	12	37	28	64	8	16	19	20	49	10	2	30	19	11	36	48	20	49	22	25	10	31	35	
73	23	31	54	66	61	29	33	44	50	5	30	5	63	38	37	72	32	5	38	47	41	50	23	25	30	27	26	39	27	15	25	15	47	39	61	15	57	9	40	49	54	37	59	55	30	40	11	56	3	61	44	59	35	46	25	40	24	50	0	19	57	56	65	51	35	23	31	26	6	32	68	58	46	19	17	51	48	35	15	44	68	58	30	8	26	15	11	51	72	9	8	41	33	30	22	67	24	26	56	44	36	20	48	25	54	33	32	12	61	48	23	38	28	46	63	42	71	7	60	31	32	38	16	66	43	3	58	56	67	78	26	46	63	69	45	1	54	52	53	41	43	24	40	29	10	71	75	60	22	45	
66	5	19	52	63	72	22	35	45	58	14	18	24	71	57	53	80	30	24	46	62	60	55	22	42	14	45	11	57	24	22	44	31	37	48	68	20	61	18	58	39	55	50	68	70	30	46	8	59	20	61	61	72	34	59	18	46	42	60	19	0	65	56	69	57	51	36	46	7	21	19	64	63	55	38	25	54	47	29	13	58	64	66	34	23	38	31	26	45	83	10	19	43	50	17	33	72	42	38	67	40	25	5	48	30	61	52	32	22	58	55	6	44	47	54	58	59	79	12	64	42	46	56	34	66	60	16	60	63	66	88	7	58	71	79	60	20	67	62	52	45	51	42	31	40	11	78	85	70	38	63	
54	71	57	33	39	11	49	31	26	7	58	56	55	7	46	29	15	39	57	19	27	55	14	43	42	63	42	62	40	44	44	46	44	52	18	6	45	15	50	43	52	23	22	2	25	38	20	63	19	54	28	38	16	36	19	50	19	43	8	57	65	0	28	19	11	33	34	30	72	50	59	43	13	11	46	41	20	31	46	52	21	46	1	31	48	31	43	45	44	19	59	50	25	35	58	34	14	44	30	5	40	55	62	29	35	8	52	36	46	35	12	72	22	50	11	45	35	14	62	13	25	29	43	46	29	33	56	20	7	32	22	69	15	8	15	27	56	13	6	29	21	14	44	50	27	56	14	20	8	39	42	
26	61	40	5	12	39	34	23	12	26	55	40	56	28	63	47	33	25	58	24	50	72	15	34	53	47	54	48	58	31	41	57	49	28	27	25	41	13	47	62	27	5	37	29	51	26	19	57	9	53	5	59	44	21	41	37	21	54	30	56	56	28	0	16	18	50	40	43	60	50	42	16	16	26	55	39	9	8	28	44	42	18	28	26	48	38	47	47	18	46	53	48	15	51	42	37	22	55	35	33	17	35	51	8	31	20	67	24	44	8	19	61	21	62	23	17	55	33	58	16	33	42	61	53	10	54	54	8	21	11	46	56	37	26	43	49	56	40	30	3	17	22	55	29	34	50	32	45	36	48	63	
38	74	55	21	23	28	49	33	23	21	65	55	65	15	63	46	18	39	67	28	46	72	16	46	56	63	57	62	57	45	51	60	56	45	29	13	51	8	57	61	44	14	37	18	44	38	25	69	10	62	13	57	35	34	37	51	26	57	25	65	69	19	16	0	15	50	46	44	74	59	57	27	8	24	59	48	15	24	43	56	39	30	18	36	57	43	54	55	34	32	64	57	25	51	57	44	7	58	41	24	33	51	64	22	41	14	68	36	53	21	18	75	27	65	21	31	53	18	69	6	37	43	61	59	12	51	64	9	13	15	31	70	33	13	30	46	65	32	24	19	24	23	58	45	39	61	17	31	26	52	60	
44	63	47	22	30	22	39	22	15	8	52	46	50	14	48	31	22	29	52	13	33	58	3	35	41	53	42	53	43	34	37	45	41	41	14	11	38	8	43	46	41	12	22	12	33	28	11	56	10	48	19	43	26	25	24	41	11	42	12	51	57	11	18	15	0	35	31	29	63	45	49	34	7	10	44	34	9	20	35	44	25	36	11	23	42	28	39	40	33	30	51	43	15	36	48	29	15	43	26	16	29	44	53	18	27	3	53	26	39	26	3	64	13	50	6	35	39	21	55	9	22	28	46	44	21	37	50	12	5	24	32	60	19	13	26	32	51	22	12	18	12	8	43	39	24	48	21	30	19	37	46	
75	57	54	52	62	32	47	34	39	28	39	53	31	40	13	4	48	41	32	26	12	22	36	38	11	57	9	54	8	41	31	13	20	60	22	40	33	43	33	12	61	45	13	35	20	38	31	45	44	33	53	11	27	41	15	45	29	12	25	35	51	33	50	50	35	0	17	7	59	30	56	66	42	25	17	28	41	47	48	40	13	68	34	31	28	16	20	25	57	41	42	31	36	2	54	22	47	13	18	30	50	55	50	45	29	35	19	38	29	57	32	57	29	17	28	65	8	47	42	43	17	8	11	19	56	8	37	46	37	59	49	57	18	41	39	10	34	24	27	48	33	28	13	54	17	40	47	45	32	13	13	
63	41	37	41	52	38	30	19	28	27	25	36	20	41	27	17	50	25	22	18	26	34	30	21	13	40	15	37	24	24	14	17	10	44	17	39	16	38	18	27	45	37	14	37	34	22	21	31	37	20	44	28	36	26	23	28	20	14	27	23	36	34	40	46	31	17	0	10	43	17	39	55	38	23	14	11	33	35	32	24	22	57	35	16	14	3	8	11	43	49	27	17	25	16	37	5	46	14	5	34	36	38	34	34	13	33	27	23	13	47	28	42	19	22	25	53	25	49	29	40	9	10	25	13	49	25	23	40	35	51	55	41	23	41	46	24	22	31	29	38	23	23	14	38	7	24	49	52	37	7	30	
68	51	47	45	56	31	40	26	32	24	35	46	28	37	20	7	45	34	30	19	16	29	29	31	12	50	12	48	16	34	25	16	17	52	16	36	26	37	28	19	53	38	8	32	23	31	24	41	38	29	46	18	28	33	14	38	22	13	22	31	46	30	43	44	29	7	10	0	53	26	49	59	36	20	16	21	34	39	41	34	12	61	31	23	23	9	16	20	49	41	37	26	29	7	47	15	43	14	11	27	42	48	44	38	22	30	24	30	24	50	26	52	22	20	23	58	15	44	38	38	10	1	18	17	50	15	32	40	32	53	48	52	15	38	38	13	31	23	24	41	26	22	14	47	9	34	44	44	30	10	21	
68	3	21	56	66	79	25	41	50	65	21	20	31	77	64	60	86	34	31	52	69	67	60	28	50	14	52	12	64	29	29	51	39	39	54	74	27	66	25	65	41	60	57	74	77	35	51	15	64	27	65	69	79	39	66	22	52	49	66	26	7	72	60	74	63	59	43	53	0	28	20	66	68	61	45	32	59	51	32	20	65	66	72	40	31	45	38	33	47	90	17	27	49	57	19	39	77	49	44	73	43	27	9	52	36	66	59	37	29	61	61	4	50	54	60	60	66	85	19	70	49	54	63	41	70	67	23	65	69	70	94	4	65	76	86	67	27	73	68	57	51	57	49	33	47	18	84	91	77	45	70	
68	26	30	49	60	55	26	27	38	43	8	28	6	57	36	32	66	27	8	32	42	39	43	18	21	30	24	26	35	23	9	23	10	43	32	55	10	51	5	37	45	48	31	53	50	25	34	14	50	3	55	40	53	30	40	22	33	21	43	6	21	50	50	59	45	30	17	26	28	0	31	62	51	39	17	11	45	42	31	13	38	63	51	24	2	20	10	5	46	66	11	2	35	29	29	16	60	21	20	50	39	34	21	42	19	48	31	27	6	55	42	26	32	26	40	58	38	65	12	53	25	27	35	13	60	39	6	52	50	61	72	28	40	57	63	39	6	48	46	47	35	37	21	36	23	10	65	69	54	17	41	
48	22	2	38	46	68	9	28	34	52	28	3	36	63	65	56	71	19	38	40	64	70	46	18	50	6	52	8	63	15	25	52	39	19	44	60	23	50	26	65	21	43	50	61	70	21	38	25	47	31	47	67	69	23	58	11	39	50	55	32	19	59	42	57	49	56	39	49	20	31	0	46	53	50	47	28	43	33	14	17	58	46	59	28	32	40	38	33	27	78	24	28	34	55	2	34	62	50	38	62	24	7	14	35	27	52	62	23	28	42	47	23	37	56	48	40	64	70	29	54	41	49	63	43	51	64	29	48	54	51	81	16	56	62	74	62	33	64	57	39	37	44	50	13	40	22	70	79	65	44	69	
11	68	45	14	4	54	42	36	27	42	66	46	69	41	79	63	45	35	71	40	66	88	31	44	68	52	70	54	74	41	53	73	63	28	43	38	52	27	58	78	26	21	53	43	67	37	35	67	24	65	14	75	59	32	57	46	37	69	46	68	64	43	16	27	34	66	55	59	66	62	46	0	30	43	69	52	25	20	35	54	58	3	43	40	61	53	61	60	19	59	63	60	30	67	47	51	34	70	51	49	24	39	59	21	44	35	82	35	56	8	35	69	36	78	39	7	72	45	68	29	49	58	77	68	15	70	65	22	36	12	58	62	53	39	56	65	68	55	46	17	33	38	70	33	50	60	44	58	51	63	79	
41	68	50	21	26	23	43	27	18	13	58	50	57	12	55	38	18	34	59	20	38	64	8	40	48	58	49	57	49	39	43	52	48	42	21	9	44	3	50	53	42	11	29	13	38	33	17	62	7	55	15	49	29	29	29	45	18	49	17	58	63	13	16	8	7	42	38	36	68	51	53	30	0	16	51	41	10	21	38	50	31	33	12	29	49	35	46	47	33	30	57	50	19	43	52	36	9	50	33	18	30	47	58	19	33	6	60	30	46	23	10	69	19	57	13	33	46	18	61	2	29	35	53	51	16	43	57	8	5	19	30	65	25	10	27	38	58	26	17	17	17	15	50	42	31	54	17	29	20	44	53	
53	60	47	30	39	18	40	21	20	4	47	47	44	17	38	21	26	31	46	9	23	48	11	33	32	53	32	52	33	34	33	36	33	46	7	16	34	18	39	36	46	21	12	13	25	28	12	52	19	42	29	33	20	27	14	40	10	33	5	46	55	11	26	24	10	25	23	20	61	39	50	43	16	0	36	30	17	26	37	41	15	45	12	21	37	20	32	34	39	28	48	38	18	26	48	23	23	34	19	12	34	46	51	24	24	10	44	26	34	34	7	61	12	41	3	43	29	25	51	18	14	19	36	36	31	27	45	21	12	34	33	58	10	18	25	22	45	15	7	26	14	6	34	42	16	45	25	30	15	29	36	
77	42	45	55	67	47	40	33	42	40	24	44	15	53	19	20	61	38	16	32	29	23	43	31	5	46	8	43	19	35	21	6	7	56	30	52	23	51	21	20	57	51	24	48	37	35	36	30	51	18	59	24	43	39	30	36	34	5	38	19	38	46	55	59	44	17	14	16	45	17	47	69	51	36	0	20	47	49	43	29	28	71	47	30	15	16	9	13	56	57	28	19	39	14	44	18	59	4	19	44	49	48	38	48	26	46	15	36	18	61	41	42	34	9	38	67	23	60	27	53	22	17	18	4	63	24	22	54	48	65	64	45	32	54	54	27	18	39	40	52	37	36	4	49	20	27	60	61	46	7	25	
59	31	26	38	50	47	20	16	27	34	17	25	17	47	37	28	56	18	19	21	37	42	32	11	22	29	25	26	35	15	3	25	12	36	23	45	5	40	8	37	37	37	24	43	44	15	23	22	39	14	44	39	46	20	33	17	23	22	34	17	25	41	39	48	34	28	11	21	32	11	28	52	41	30	20	0	34	32	23	13	32	53	42	13	9	13	10	8	37	58	17	9	24	27	26	7	50	22	12	41	30	28	23	31	8	37	35	17	5	44	31	32	21	30	30	48	36	55	21	43	17	21	35	17	49	36	15	41	39	50	63	30	32	47	54	35	17	41	37	36	24	27	22	29	15	14	55	60	45	16	41	
36	59	41	13	22	31	34	18	8	16	50	41	51	21	54	38	28	24	53	15	41	63	6	31	45	48	46	48	49	30	36	49	42	33	18	18	36	7	42	53	32	4	28	21	42	23	11	54	5	48	12	50	35	20	31	36	13	46	21	51	54	20	9	15	9	41	33	34	59	45	43	25	10	17	47	34	0	11	29	41	33	28	20	21	43	30	40	41	24	38	49	43	10	42	42	30	19	47	28	25	21	37	49	9	26	12	58	21	39	17	9	60	13	54	13	26	46	28	54	11	25	33	52	46	16	44	49	7	13	18	40	55	27	20	35	40	51	31	21	9	10	12	47	32	26	46	27	38	28	40	53	
29	52	31	6	18	42	26	16	7	27	47	32	49	32	60	44	39	17	51	21	49	68	17	26	48	39	50	39	55	23	33	52	43	21	25	29	33	18	39	59	21	10	34	32	51	18	16	49	14	45	13	57	46	13	40	29	18	49	31	48	47	31	8	24	20	47	35	39	51	42	33	20	21	26	49	32	11	0	19	36	41	22	31	19	41	33	41	40	13	50	45	40	10	47	33	30	29	50	30	36	10	27	42	2	24	23	62	16	36	12	20	53	17	57	23	18	53	39	50	21	29	39	58	47	18	51	46	14	24	19	51	47	36	31	46	47	48	41	32	5	13	20	50	21	30	42	38	50	39	43	60	
38	33	12	24	34	55	7	16	20	39	32	12	38	49	59	47	57	7	39	28	55	66	32	12	45	19	47	20	56	8	22	48	36	12	32	46	21	36	26	59	14	29	40	47	60	10	25	32	33	33	33	59	57	9	48	11	27	45	43	35	29	46	28	43	35	48	32	41	32	31	14	35	38	37	43	23	29	19	0	20	48	35	46	18	31	32	34	31	16	65	29	28	20	48	13	26	48	46	29	49	11	8	24	20	18	39	58	11	26	29	34	34	25	53	35	29	56	57	34	40	32	40	57	40	38	55	32	34	41	37	68	28	45	48	61	53	35	52	44	25	24	31	46	6	31	26	56	66	52	39	62	
58	19	16	42	53	59	13	22	33	45	12	15	19	58	48	41	66	19	20	32	50	52	42	10	33	17	36	14	47	13	9	35	22	31	34	55	7	48	8	49	33	43	37	54	57	18	32	13	46	14	49	51	59	23	46	9	33	33	46	15	13	52	44	56	44	40	24	34	20	13	17	54	50	41	29	13	41	36	20	0	45	54	53	21	14	26	21	16	36	70	9	10	31	39	15	20	59	33	25	53	30	21	10	36	17	47	44	20	11	48	41	19	31	39	41	49	48	66	14	51	29	34	47	25	54	49	12	48	49	55	75	17	45	57	66	48	16	53	48	41	32	37	33	24	27	6	65	72	57	28	53	
69	63	56	45	55	19	48	32	34	17	47	55	41	27	25	9	35	41	42	20	8	34	27	40	23	60	22	58	18	42	36	26	29	58	16	27	38	33	40	22	58	37	8	22	12	38	25	53	35	41	44	18	15	39	2	47	23	24	13	44	58	21	42	39	25	13	22	12	65	38	58	58	31	15	28	32	33	41	48	45	0	61	22	30	36	19	29	33	53	29	49	39	31	15	56	25	35	25	20	17	47	56	55	39	30	25	32	37	36	50	23	64	24	30	19	59	14	34	50	33	16	12	22	30	47	12	45	37	26	50	36	63	5	29	26	7	43	11	15	41	27	20	25	54	18	46	34	32	19	23	21	
8	68	45	16	7	57	42	38	29	44	66	46	70	44	82	65	48	36	72	42	69	90	34	45	70	52	72	54	77	41	54	75	65	27	46	41	53	30	59	80	25	24	56	46	70	38	37	67	26	66	17	78	62	33	60	46	39	71	49	68	64	46	18	30	36	68	57	61	66	63	46	3	33	45	71	53	28	22	35	54	61	0	45	41	62	55	63	61	19	62	63	61	32	69	47	53	37	72	52	51	24	39	59	23	46	38	84	36	57	10	38	69	38	80	42	6	74	48	69	32	51	60	79	69	18	72	66	25	38	15	61	62	56	42	59	68	69	58	49	19	35	40	72	33	52	61	47	61	54	65	81	
54	72	57	33	38	11	50	32	26	8	59	57	56	6	47	30	14	40	58	20	28	56	14	44	43	64	43	63	41	44	45	47	45	52	19	5	46	15	51	44	52	23	23	1	26	38	21	64	19	55	28	39	17	36	20	51	20	44	9	58	66	1	28	18	11	34	35	31	72	51	59	43	12	12	47	42	20	31	46	53	22	45	0	32	49	32	43	46	44	18	59	51	25	36	58	35	13	45	31	6	40	55	62	29	36	8	53	36	47	35	12	73	22	51	12	45	36	13	63	13	26	30	44	47	29	34	57	20	7	32	22	70	16	7	15	28	57	14	7	29	22	15	45	51	28	56	13	19	8	40	43	
47	40	26	26	37	39	18	3	14	24	29	26	30	37	43	29	45	11	32	12	37	50	21	12	29	32	32	30	39	13	15	33	23	29	15	34	15	28	21	42	30	24	22	33	42	8	11	33	26	27	31	42	40	10	30	18	12	30	26	30	34	31	26	36	23	31	16	23	40	24	28	40	29	21	30	13	21	19	18	21	30	41	32	0	22	15	21	20	27	50	28	22	11	30	27	11	38	31	12	33	20	26	30	18	5	26	43	7	18	32	20	40	10	38	20	37	38	45	32	31	14	23	41	27	36	37	28	28	28	37	54	37	27	36	46	35	30	35	28	23	11	16	31	24	13	25	44	51	37	24	44	
68	28	30	47	59	53	26	25	36	41	11	29	8	54	34	30	63	26	10	29	39	38	41	18	19	31	22	28	33	22	8	21	8	43	30	52	9	49	6	35	45	46	29	50	47	24	32	17	48	5	53	38	50	29	37	22	31	19	41	8	23	48	48	57	42	28	14	23	31	2	32	61	49	37	15	9	43	41	31	14	36	62	49	22	0	17	7	2	45	63	13	4	33	26	30	13	58	19	17	48	38	34	23	41	17	45	30	26	5	54	40	29	30	24	37	57	35	62	14	51	22	24	33	11	58	36	9	50	47	59	69	30	37	55	60	37	8	46	43	45	33	35	19	36	20	12	62	66	51	14	39	
62	44	38	39	50	35	31	18	26	24	28	37	23	38	27	16	47	25	25	15	24	35	27	22	15	41	16	39	24	25	16	19	13	44	14	36	18	35	20	27	45	34	12	33	31	22	19	33	35	23	42	27	33	25	20	29	17	15	24	26	38	31	38	43	28	16	3	9	45	20	40	53	35	20	16	13	30	33	32	26	19	55	32	15	17	0	11	14	42	46	29	19	23	15	38	6	43	16	2	30	35	39	36	32	13	30	29	22	16	45	25	44	17	24	22	51	24	46	31	37	6	9	25	16	46	24	26	37	32	48	52	43	20	38	43	22	25	29	26	36	21	20	16	38	4	27	45	49	34	9	30	
69	36	36	47	59	46	30	25	35	36	18	35	12	49	27	22	58	29	14	26	31	32	38	21	12	38	15	35	26	26	12	14	2	47	25	48	14	46	13	28	48	44	22	45	40	26	29	25	45	12	51	30	44	30	30	27	28	12	35	15	31	43	47	54	39	20	8	16	38	10	38	61	46	32	9	10	40	41	34	21	29	63	43	21	7	11	0	5	47	57	21	11	31	18	35	10	54	12	13	42	40	39	30	40	17	41	24	27	10	53	36	36	27	19	33	58	28	57	22	48	17	16	26	6	56	29	16	47	43	58	63	37	31	50	53	29	14	39	37	44	30	31	12	40	15	19	57	60	45	7	32	
67	31	31	46	58	50	26	24	34	38	14	30	10	52	32	27	61	26	12	27	36	36	39	18	17	33	20	30	31	22	8	19	6	43	27	50	10	47	8	33	45	44	26	47	44	23	30	20	46	8	51	35	48	28	34	23	29	17	38	11	26	45	47	55	40	25	11	20	33	5	33	60	47	34	13	8	41	40	31	16	33	61	46	20	2	14	5	0	45	60	16	6	31	24	31	11	56	17	15	45	38	35	25	39	15	43	28	25	5	52	37	31	28	23	35	56	33	60	17	49	20	21	31	9	56	34	12	48	45	58	66	32	34	52	57	34	11	43	40	44	31	32	17	37	17	14	59	63	48	12	37	
22	49	26	13	19	55	23	23	19	40	48	27	53	45	69	55	52	18	55	32	61	77	30	27	56	33	59	35	65	23	37	60	49	10	36	42	36	30	42	69	9	22	46	45	64	21	27	48	26	48	22	67	59	16	52	27	30	57	44	51	45	44	18	34	33	57	43	49	47	46	27	19	33	39	56	37	24	13	16	36	53	19	44	27	45	42	47	45	0	63	45	43	21	57	28	38	41	58	39	49	7	20	40	15	30	36	70	20	40	15	33	50	28	65	36	13	64	51	50	34	39	49	67	53	26	63	48	26	37	25	64	43	49	43	59	59	51	54	45	16	25	33	58	14	39	42	50	63	52	50	71	
70	89	76	51	55	10	68	50	45	25	74	75	69	18	51	37	16	59	71	38	31	60	33	62	52	82	51	81	45	62	61	55	58	71	35	21	62	33	66	48	71	41	34	17	24	56	39	80	37	69	45	42	14	55	27	69	38	53	23	72	83	19	46	32	30	41	49	41	90	66	78	59	30	28	57	58	38	50	65	70	29	62	18	50	63	46	57	60	63	0	75	66	44	43	77	50	25	54	46	16	59	74	80	48	53	26	59	55	62	53	31	89	40	58	30	63	40	15	78	30	41	40	49	59	44	37	72	38	25	47	8	87	26	20	3	32	71	17	21	47	41	33	54	70	43	72	16	4	12	51	45	
67	14	23	51	62	65	22	31	41	51	4	22	14	65	47	43	73	28	14	39	53	50	49	19	32	21	35	17	47	22	14	34	21	40	40	62	13	56	9	48	42	51	41	61	61	27	40	4	54	10	58	51	63	32	50	18	40	32	52	9	10	59	53	64	51	42	27	37	17	11	24	63	57	48	28	17	49	45	29	9	49	63	59	28	13	29	21	16	45	75	0	10	39	40	21	24	67	32	29	59	39	28	10	45	24	55	42	29	13	57	49	15	38	37	48	58	49	73	5	59	34	37	46	24	63	50	6	56	57	64	81	17	50	64	72	51	10	58	54	50	40	44	32	33	32	3	72	78	63	28	53	
66	25	27	46	58	55	23	25	36	42	8	25	9	56	38	33	65	25	11	31	42	41	42	16	23	27	26	24	37	20	7	25	12	41	31	54	7	49	2	39	42	46	31	52	50	23	32	14	48	5	53	41	53	28	40	19	32	23	43	8	19	50	48	57	43	31	17	26	27	2	28	60	50	38	19	9	43	40	28	10	39	61	51	22	4	19	11	6	43	66	10	0	33	30	26	15	59	23	20	50	37	31	19	40	17	46	33	24	4	53	41	25	30	28	39	56	39	64	12	52	25	27	37	15	58	40	6	50	49	59	71	26	40	56	62	40	8	48	45	45	33	36	23	33	22	8	63	68	53	18	43	
39	49	32	16	27	35	24	8	3	19	40	31	41	29	49	34	37	14	43	10	39	58	12	21	38	38	39	38	45	20	26	42	33	28	14	26	26	17	32	48	28	13	24	27	42	13	6	43	15	38	20	46	38	10	30	26	8	38	23	41	43	25	15	25	15	36	25	29	49	35	34	30	19	18	39	24	10	10	20	31	31	32	25	11	33	23	31	31	21	44	39	33	0	36	33	21	28	39	20	29	16	29	39	9	16	18	52	11	29	22	13	50	6	47	15	29	43	36	43	21	19	28	47	37	25	41	39	17	20	26	47	45	27	28	41	37	41	33	24	13	4	12	39	25	19	36	36	45	32	32	49	
76	55	53	53	63	34	46	34	40	30	37	52	29	42	12	6	50	41	30	26	14	21	37	37	9	56	7	53	8	40	30	11	18	60	23	41	32	44	32	11	60	46	14	37	22	38	31	43	45	31	54	12	29	41	17	44	29	10	27	33	50	35	51	51	36	2	16	7	57	29	55	67	43	26	14	27	42	47	48	39	15	69	36	30	26	15	18	24	57	43	40	30	36	0	53	21	49	10	18	32	50	54	49	46	29	37	17	38	28	58	34	55	30	15	29	65	9	49	40	45	17	8	10	17	57	10	35	48	38	60	51	56	20	43	41	12	32	26	29	49	33	29	10	54	17	38	49	47	34	11	14	
49	21	2	38	47	67	8	26	33	51	26	1	34	62	62	54	70	18	35	39	62	68	45	16	47	5	50	7	61	14	23	50	37	20	42	59	21	50	24	63	22	43	48	60	68	20	37	23	47	29	46	65	68	22	57	9	38	48	54	30	17	58	42	57	48	54	37	47	19	29	2	47	52	48	44	26	42	33	13	15	56	47	58	27	30	38	35	31	28	77	21	26	33	53	0	32	61	48	36	60	24	8	13	34	25	51	60	22	25	43	46	22	36	54	47	41	62	70	27	53	40	47	61	41	51	62	27	48	53	51	80	15	55	61	73	60	31	62	55	38	36	43	48	14	38	20	69	78	64	42	67	
59	38	32	37	48	40	25	15	24	27	23	31	21	41	32	22	50	20	23	16	30	39	28	16	18	35	21	33	29	19	10	22	12	39	16	39	12	36	15	32	40	33	17	37	37	17	19	29	35	19	41	33	39	21	26	23	18	19	28	22	33	34	37	44	29	22	5	15	39	16	34	51	36	23	18	7	30	30	26	20	25	53	35	11	13	6	10	11	38	50	24	15	21	21	32	0	44	19	5	35	31	33	30	29	8	32	32	17	11	43	26	39	17	27	24	48	30	49	27	38	9	15	31	16	46	30	21	37	34	47	56	38	25	41	47	28	22	34	30	34	20	21	19	33	7	21	48	53	38	12	35	
45	78	60	28	30	22	53	36	27	19	67	60	66	9	60	43	11	43	68	28	42	70	17	49	55	67	55	67	54	48	53	59	56	51	29	8	53	11	59	58	50	19	35	13	39	42	26	71	15	64	20	53	29	39	34	55	27	56	22	67	72	14	22	7	15	47	46	43	77	60	62	34	9	23	59	50	19	29	48	59	35	37	13	38	58	43	54	56	41	25	67	59	28	49	61	44	0	57	41	20	39	56	68	27	43	13	66	40	55	28	18	78	28	63	21	38	50	11	71	7	37	42	58	59	19	47	66	14	11	22	24	74	30	7	23	42	66	27	20	25	26	23	57	51	39	64	10	24	20	52	57	
78	47	48	56	67	44	43	34	43	38	28	47	19	51	15	16	59	40	20	31	25	20	43	34	2	50	3	47	15	38	25	2	11	58	29	50	26	50	25	16	59	50	22	46	33	37	35	35	51	22	59	20	40	41	27	39	34	1	36	24	42	44	55	58	43	13	14	14	49	21	50	70	50	34	4	22	47	50	46	33	25	72	45	31	19	16	12	17	58	54	32	23	39	10	48	19	57	0	19	41	50	51	42	48	27	44	12	37	22	62	40	47	34	7	36	68	18	58	31	52	21	15	14	8	63	20	26	53	46	65	61	49	29	52	51	23	23	36	38	53	37	35	0	52	20	31	58	57	43	7	20	
59	43	36	36	48	35	29	15	23	23	28	35	25	37	30	18	45	23	26	13	26	38	25	20	17	40	19	37	26	23	15	22	15	41	12	35	17	33	20	29	42	31	12	32	32	19	16	33	32	23	39	29	34	22	21	27	15	18	23	26	38	30	35	41	26	18	5	11	44	20	38	51	33	19	19	12	28	30	29	25	20	52	31	12	17	2	13	15	39	46	29	20	20	18	36	5	41	19	0	30	32	37	35	29	11	28	31	19	16	42	23	44	14	27	20	48	26	44	32	35	5	11	28	18	44	26	26	34	30	46	51	42	20	37	42	24	26	29	25	33	18	18	19	36	2	26	44	48	33	12	32	
60	72	59	38	44	6	52	34	30	9	58	59	54	11	41	26	18	42	56	21	22	51	19	45	39	66	39	64	35	46	45	43	43	56	19	12	46	21	50	39	56	28	19	6	19	40	23	64	25	53	34	34	10	39	15	52	22	40	7	56	67	5	33	24	16	30	34	27	73	50	62	49	18	12	44	41	25	36	49	53	17	51	6	33	48	30	42	45	49	16	59	50	29	32	60	35	20	41	30	0	44	58	63	34	36	13	49	38	46	41	16	73	24	47	13	51	31	17	62	19	25	26	39	45	35	28	56	26	13	38	21	71	12	13	12	23	56	7	5	34	25	17	41	54	27	56	17	18	3	37	37	
29	44	22	13	23	50	18	16	14	35	42	23	46	42	62	48	49	12	48	26	54	70	25	21	49	30	52	31	59	17	30	53	42	12	30	39	29	28	35	62	12	20	39	41	58	14	22	43	24	42	22	61	54	9	46	22	24	50	39	44	40	40	17	33	29	50	36	42	43	39	24	24	30	34	49	30	21	10	11	30	47	24	40	20	38	35	40	38	7	59	39	37	16	50	24	31	39	50	32	44	0	18	35	11	23	32	63	13	34	18	28	45	22	58	31	18	57	49	44	31	33	42	61	46	27	56	41	24	34	26	61	39	43	41	56	53	44	49	40	14	20	28	50	12	33	36	48	59	47	43	64	
41	29	6	31	39	64	8	24	29	48	32	7	40	58	65	55	66	15	41	37	63	71	41	17	50	13	53	15	63	14	26	54	41	12	41	55	25	45	29	65	14	37	48	56	68	18	34	31	41	35	40	66	66	18	56	12	36	51	51	36	25	55	35	51	44	55	38	48	27	34	7	39	47	46	48	28	37	27	8	21	56	39	55	26	34	39	39	35	20	74	28	31	29	54	8	33	56	51	37	58	18	0	20	29	26	48	63	19	30	35	42	30	33	58	44	33	63	65	34	48	40	48	64	45	45	63	33	42	49	44	77	23	53	57	70	61	37	61	53	32	33	40	51	6	39	27	65	75	61	45	69	
61	9	14	48	58	69	17	31	41	55	15	13	25	67	57	51	76	25	25	42	60	60	51	18	42	10	45	7	56	19	19	44	31	32	44	64	17	57	17	58	34	51	47	64	68	25	42	11	54	20	56	60	69	30	56	13	42	42	56	20	5	62	51	64	53	50	34	44	9	21	14	59	58	51	38	23	49	42	24	10	55	59	62	30	23	36	30	25	40	80	10	19	39	49	13	30	68	42	35	63	35	20	0	43	26	57	52	28	20	53	51	10	40	47	50	53	58	75	15	60	39	44	56	34	61	58	16	55	59	61	84	7	55	67	76	58	21	64	58	48	41	47	42	26	38	11	74	82	67	37	62	
30	53	33	7	18	40	26	15	5	25	47	33	49	31	58	43	38	17	50	19	47	67	15	26	47	40	49	40	54	23	33	51	42	23	23	27	33	16	39	57	23	8	33	30	49	18	14	49	12	45	13	55	44	13	38	29	16	48	29	48	48	29	8	22	18	45	34	38	52	42	35	21	19	24	48	31	9	2	20	36	39	23	29	18	41	32	40	39	15	48	45	40	9	46	34	29	27	48	29	34	11	29	43	0	23	21	61	16	36	13	18	54	15	56	21	20	51	37	50	20	28	37	56	46	18	50	46	13	22	19	49	48	34	29	44	46	48	39	30	5	12	18	48	23	29	42	36	48	37	41	58	
51	36	25	30	42	42	18	8	19	28	24	24	25	41	40	29	49	12	27	15	37	47	25	9	26	30	29	28	37	12	10	30	19	31	17	38	10	32	16	40	32	29	22	37	43	9	16	28	31	22	36	40	42	13	31	16	16	27	29	25	30	35	31	41	27	29	13	22	36	19	27	44	33	24	26	8	26	24	18	17	30	46	36	5	17	13	17	15	30	53	24	17	16	29	25	8	43	27	11	36	23	26	26	23	0	30	40	9	13	37	25	36	14	35	24	41	37	49	28	35	14	22	39	23	41	37	23	33	33	42	58	34	29	40	49	35	25	37	31	28	16	20	27	25	13	21	48	55	40	20	43	
46	66	50	25	31	19	43	25	18	7	55	50	53	10	49	32	19	33	55	15	32	58	6	38	42	57	43	56	43	38	40	46	43	44	16	7	41	8	46	47	44	15	23	9	31	31	15	59	11	51	21	43	24	29	23	44	14	43	11	54	61	8	20	14	3	35	33	30	66	48	52	35	6	10	46	37	12	23	39	47	25	38	8	26	45	30	41	43	36	26	55	46	18	37	51	32	13	44	28	13	32	48	57	21	30	0	54	29	42	28	5	67	16	51	8	37	39	18	58	8	24	29	46	46	22	37	53	13	2	25	29	63	19	10	23	32	54	20	10	21	15	10	44	43	26	51	17	27	16	39	46	
91	56	60	68	79	51	55	47	55	47	38	59	28	59	9	23	67	53	28	43	28	8	54	46	14	61	12	58	14	50	37	10	22	71	40	59	39	61	36	12	72	62	31	54	36	50	47	44	62	32	70	18	45	53	34	52	45	13	44	33	52	52	67	68	53	19	27	24	59	31	62	82	60	44	15	35	58	62	58	44	32	84	53	43	30	29	24	28	70	59	42	33	52	17	60	32	66	12	31	49	63	63	52	61	40	54	0	50	34	74	51	56	46	5	47	80	19	66	40	62	33	25	10	18	74	22	36	64	56	77	67	59	37	61	57	27	32	43	46	65	49	46	12	65	32	41	66	63	51	19	17	
42	38	21	22	33	45	13	5	13	29	31	20	33	40	50	37	48	4	35	17	44	57	23	10	36	27	38	26	46	8	17	40	29	22	21	37	17	29	23	49	22	23	29	38	49	2	15	33	26	29	29	49	46	3	37	15	16	37	32	32	32	36	24	36	26	38	23	30	37	27	23	35	30	26	36	17	21	16	11	20	37	36	36	7	26	22	27	25	20	55	29	24	11	38	22	17	40	37	19	38	13	19	28	16	9	29	50	0	21	28	24	38	14	45	25	31	45	48	34	32	21	30	48	33	34	45	30	27	31	35	58	34	34	39	51	42	32	41	34	21	14	21	37	17	20	26	47	56	42	30	52	
63	27	26	43	54	51	21	21	32	38	12	25	12	52	37	31	61	21	14	26	40	42	38	13	22	28	25	25	36	17	3	24	11	38	27	50	5	45	4	38	40	42	28	48	47	19	28	17	44	9	49	40	50	24	37	17	28	22	39	12	22	46	44	53	39	29	13	24	29	6	28	56	46	34	18	5	39	36	26	11	36	57	47	18	5	16	10	5	40	62	13	4	29	28	25	11	55	22	16	46	34	30	20	36	13	42	34	21	0	49	37	28	26	28	35	52	37	60	16	48	21	24	36	15	54	38	10	46	44	55	68	28	36	52	58	38	12	45	41	41	29	32	22	31	19	10	59	64	49	17	42	
18	63	41	6	5	46	36	28	18	34	59	41	62	35	71	55	39	29	64	31	58	80	23	38	60	48	62	49	66	35	46	64	55	26	35	32	45	20	51	70	24	13	45	36	59	30	26	61	16	58	8	67	52	25	49	40	29	61	38	61	58	35	8	21	26	57	47	50	61	55	42	8	23	34	61	44	17	12	29	48	50	10	35	32	54	45	53	52	15	53	57	53	22	58	43	43	28	62	42	41	18	35	53	13	37	28	74	28	49	0	27	64	28	69	31	10	63	39	62	23	41	50	69	59	10	62	58	15	28	9	52	57	45	33	50	57	61	48	38	9	24	30	62	29	42	54	38	52	43	55	70	
46	60	45	23	31	22	37	19	14	7	49	45	47	16	46	29	25	28	49	10	31	55	3	32	38	51	39	50	40	32	34	42	38	40	11	13	35	10	40	44	40	13	19	13	32	26	9	53	12	45	21	41	26	24	22	38	8	39	11	48	55	12	19	18	3	32	28	26	61	42	47	35	10	7	41	31	9	20	34	41	23	38	12	20	40	25	36	37	33	31	49	41	13	34	46	26	18	40	23	16	28	42	51	18	25	5	51	24	37	27	0	61	10	47	4	36	37	24	52	12	19	26	44	41	24	35	47	14	8	26	34	58	18	15	27	30	48	21	12	18	10	5	40	38	21	46	23	32	19	34	44	
71	1	24	58	68	79	27	42	51	65	18	23	28	77	61	59	86	36	28	52	68	64	61	29	47	17	50	15	62	30	28	48	37	42	54	75	26	68	24	63	44	61	56	74	76	36	52	12	65	24	67	67	78	40	65	24	52	47	66	23	6	72	61	75	64	57	42	52	4	26	23	69	69	61	42	32	60	53	34	19	64	69	73	40	29	44	36	31	50	89	15	25	50	55	22	39	78	47	44	73	45	30	10	54	36	67	56	38	28	64	61	0	50	51	61	63	64	85	16	71	49	52	61	39	72	65	20	66	69	72	94	7	64	77	86	66	24	73	68	58	52	57	47	36	47	17	85	91	77	44	68	
46	50	35	22	33	30	27	9	10	15	38	34	38	27	43	27	35	18	40	4	32	51	11	21	32	41	33	40	38	22	24	36	29	34	8	24	25	19	30	41	34	17	17	24	36	16	2	42	18	35	25	39	32	15	24	28	2	33	18	38	44	22	21	27	13	29	19	22	50	32	37	36	19	12	34	21	13	17	25	31	24	38	22	10	30	17	27	28	28	40	38	30	6	30	36	17	28	34	14	24	22	33	40	15	14	16	46	14	26	28	10	50	0	41	10	35	36	35	42	21	12	21	41	32	29	34	37	20	18	31	44	47	21	26	37	31	38	27	19	19	3	7	34	30	13	35	34	42	28	27	43	
86	51	55	63	75	49	50	42	51	44	33	54	23	57	11	21	65	47	23	38	27	13	50	41	9	56	8	52	15	45	31	5	17	66	36	56	33	58	30	14	67	58	28	52	36	44	43	39	58	27	66	19	44	48	32	46	41	8	42	28	47	50	62	65	50	17	22	20	54	26	56	78	57	41	9	30	54	57	53	39	30	80	51	38	24	24	19	23	65	58	37	28	47	15	54	27	63	7	27	47	58	58	47	56	35	51	5	45	28	69	47	51	41	0	43	75	19	64	35	59	29	21	12	13	70	22	31	60	53	72	66	54	35	58	56	26	27	41	44	60	45	42	7	59	27	36	64	62	49	14	19	
50	60	46	26	35	20	38	20	17	4	47	45	45	17	42	25	25	29	47	8	27	51	7	32	34	52	35	51	36	33	33	39	35	43	8	14	34	14	39	40	43	18	15	13	28	26	9	52	16	43	25	36	23	25	18	39	8	35	8	46	54	11	23	21	6	28	25	23	60	40	48	39	13	3	38	30	13	23	35	41	19	42	12	20	37	22	33	35	36	30	48	39	15	29	47	24	21	36	20	13	31	44	50	21	24	8	47	25	35	31	4	61	10	43	0	40	33	25	51	15	16	22	39	38	28	31	46	18	10	31	33	58	13	17	26	26	46	18	9	22	11	3	36	40	18	44	24	31	17	31	40	
10	62	39	13	9	56	36	33	25	43	61	40	65	45	78	63	49	31	67	39	67	86	32	40	66	46	68	48	74	36	49	70	60	21	43	42	48	30	54	77	19	22	53	46	68	33	34	61	26	61	18	75	61	28	58	40	36	67	47	63	58	45	17	31	35	65	53	58	60	58	40	7	33	43	67	48	26	18	29	49	59	6	45	37	57	51	58	56	13	63	58	56	29	65	41	48	38	68	48	51	18	33	53	20	41	37	80	31	52	10	36	63	35	75	40	0	71	49	63	33	48	57	76	64	19	70	60	25	38	17	62	56	54	43	60	65	63	57	48	17	32	38	68	27	48	55	48	62	53	61	78	
82	64	62	58	68	32	55	41	46	32	46	61	38	42	11	8	49	49	39	32	9	20	41	46	17	65	15	62	5	49	39	18	27	68	28	42	41	47	41	8	68	50	18	37	16	46	37	52	49	40	58	3	26	48	16	53	35	18	28	42	59	35	55	53	39	8	25	15	66	38	64	72	46	29	23	36	46	53	56	48	14	74	36	38	35	24	28	33	64	40	49	39	43	9	62	30	50	18	26	31	57	63	58	51	37	39	19	45	37	63	37	64	36	19	33	71	0	48	49	47	24	15	9	26	61	3	44	51	40	64	48	65	20	44	38	8	41	24	29	54	39	33	18	62	25	47	48	44	32	20	7	
56	85	68	38	41	16	61	43	36	21	72	68	69	8	58	43	1	51	71	33	39	68	24	56	56	75	56	74	52	56	58	60	59	61	32	10	59	21	64	56	60	29	36	12	34	50	33	77	25	68	31	50	23	47	32	62	33	57	22	71	79	14	33	18	21	47	49	44	85	65	70	45	18	25	60	55	28	39	57	66	34	48	13	45	62	46	57	60	51	15	73	64	36	49	70	49	11	58	44	17	49	65	75	37	49	18	66	48	60	39	24	85	35	64	25	49	48	0	76	17	40	43	56	61	30	45	71	25	16	33	13	82	29	8	14	39	71	23	20	35	33	28	58	60	42	69	1	13	15	53	54	
73	16	28	56	67	67	27	35	46	55	3	27	12	68	46	44	77	33	12	42	54	48	53	24	32	25	35	22	46	27	18	32	21	45	43	66	17	61	12	47	47	56	43	64	62	32	44	4	59	9	63	51	65	37	52	23	44	31	55	7	12	62	58	69	55	42	29	38	19	12	29	68	61	51	27	21	54	50	34	14	50	69	63	32	14	31	22	17	50	78	5	12	43	40	27	27	71	31	32	62	44	34	15	50	28	58	40	34	16	62	52	16	42	35	51	63	49	76	0	63	37	39	45	23	68	51	5	61	60	69	84	19	52	68	74	51	8	60	57	55	44	48	31	38	35	8	76	80	65	29	52	
41	70	52	21	25	24	45	29	19	15	60	52	59	12	57	40	17	35	61	22	40	66	10	42	50	59	50	59	51	41	45	54	50	43	23	9	46	3	51	55	42	12	31	13	39	34	19	64	7	57	15	51	30	31	31	47	20	51	19	60	64	13	16	6	9	43	40	38	70	53	54	29	2	18	53	43	11	21	40	51	33	32	13	31	51	37	48	49	34	30	59	52	21	45	53	38	7	52	35	19	31	48	60	20	35	8	62	32	48	23	12	71	21	59	15	33	47	17	63	0	31	37	55	53	15	45	58	8	7	18	30	66	27	10	27	40	60	27	18	18	19	17	52	43	33	56	16	29	21	46	54	
58	48	39	35	46	30	32	16	22	18	33	38	29	32	30	15	41	25	31	9	23	38	21	23	19	44	21	42	26	26	20	24	19	43	8	30	22	29	25	29	43	29	8	27	28	22	14	38	29	28	37	28	29	24	17	31	12	20	18	31	42	25	33	37	22	17	9	10	49	25	41	49	29	14	22	17	25	29	32	29	16	51	26	14	22	6	17	20	39	41	34	25	19	17	40	9	37	21	5	25	33	40	39	28	14	24	33	21	21	41	19	49	12	29	16	48	24	40	37	31	0	9	28	22	41	23	31	31	26	43	46	47	15	32	37	21	31	24	20	32	16	14	21	38	2	31	39	43	28	15	31	
68	52	47	44	55	30	40	26	31	23	35	46	29	36	21	7	44	33	30	18	15	30	29	31	13	50	13	48	16	34	25	17	17	52	15	35	27	36	28	20	53	38	7	31	23	30	23	41	37	29	46	18	27	33	13	38	21	14	21	32	46	29	42	43	28	8	10	1	54	27	49	58	35	19	17	21	33	39	40	34	12	60	30	23	24	9	16	21	49	40	37	27	28	8	47	15	42	15	11	26	42	48	44	37	22	29	25	30	24	50	26	52	21	21	22	57	15	43	39	37	9	0	19	18	49	15	33	39	31	52	47	52	14	37	37	13	31	22	23	41	25	21	15	47	9	35	43	43	29	11	21	
87	61	61	63	74	41	55	44	50	39	42	60	33	50	2	14	57	51	34	37	18	11	47	46	14	64	11	61	4	50	38	12	25	70	34	50	40	54	39	2	71	56	24	45	25	48	42	49	56	36	64	8	35	51	24	52	40	14	36	38	56	43	61	61	46	11	25	18	63	35	63	77	53	36	18	35	52	58	57	47	22	79	44	41	33	25	26	31	67	49	46	37	47	10	61	31	58	14	28	39	61	64	56	56	39	46	10	48	36	69	44	61	41	12	39	76	9	56	45	55	28	19	0	22	68	12	40	58	48	70	57	63	28	52	47	17	37	33	37	60	44	40	14	64	28	45	56	53	41	19	7	
75	38	41	53	65	49	36	31	41	40	20	40	11	53	23	22	62	35	12	31	31	26	43	28	8	42	11	39	23	32	18	10	4	53	30	52	20	51	17	24	54	50	25	49	40	32	34	26	50	14	57	28	45	37	32	33	33	8	39	16	34	46	53	59	44	19	13	17	41	13	43	68	51	36	4	17	46	47	40	25	30	69	47	27	11	16	6	9	53	59	24	15	37	17	41	16	59	8	18	45	46	45	34	46	23	46	18	33	15	59	41	39	32	13	38	64	26	61	23	53	22	18	22	0	62	28	18	53	48	64	66	41	33	54	56	29	15	41	41	51	36	36	8	46	20	23	61	62	48	7	29	
26	71	50	13	11	39	44	33	22	29	65	50	66	26	70	53	30	35	68	31	55	79	20	44	61	57	62	58	65	41	51	65	58	36	34	24	51	14	57	68	35	12	43	29	54	36	27	67	12	63	5	65	46	31	45	47	29	62	34	66	66	29	10	12	21	56	49	50	70	60	51	15	16	31	63	49	16	18	38	54	47	18	29	36	58	46	56	56	26	44	63	58	25	57	51	46	19	63	44	35	27	45	61	18	41	22	74	34	54	10	24	72	29	70	28	19	61	30	68	15	41	49	68	62	0	59	64	10	22	3	43	66	41	24	41	54	66	42	33	13	25	28	63	39	43	60	29	43	37	56	68	
80	65	62	56	66	29	55	40	44	30	47	61	39	39	14	8	46	48	40	30	6	23	38	46	19	65	16	62	8	49	39	20	29	67	26	39	41	45	42	11	67	48	17	34	13	45	35	54	47	41	56	5	23	47	13	53	33	19	26	43	60	33	54	51	37	8	25	15	67	39	64	70	43	27	24	36	44	51	55	49	12	72	34	37	36	24	29	34	63	37	50	40	41	10	62	30	47	20	26	28	56	63	58	50	37	37	22	45	38	62	35	65	34	22	31	70	3	45	51	45	23	15	12	28	59	0	45	49	38	62	45	66	18	41	35	5	43	21	27	53	38	32	20	61	24	48	45	41	29	21	9	
70	20	28	52	63	62	26	31	42	49	2	26	8	63	41	39	72	29	8	37	48	44	48	20	27	26	30	23	41	24	13	28	16	44	38	60	13	56	7	42	45	52	38	59	56	28	39	8	54	4	59	46	60	33	46	21	38	26	49	3	16	56	54	64	50	37	23	32	23	6	29	65	57	45	22	15	49	46	32	12	45	66	57	28	9	26	16	12	48	72	6	6	39	35	27	21	66	26	26	56	41	33	16	46	23	53	36	30	10	58	47	20	37	31	46	60	44	71	5	58	31	33	40	18	64	45	0	56	55	65	78	23	46	63	69	46	4	55	52	51	39	43	26	36	29	6	70	75	60	23	47	
33	65	46	13	18	31	39	25	14	20	57	46	58	20	60	43	25	30	60	22	45	69	10	37	51	53	52	53	55	36	43	56	49	36	24	17	43	5	49	58	35	5	33	21	45	30	18	60	2	55	7	55	37	25	36	42	19	52	24	58	60	20	8	9	12	46	40	40	65	52	48	22	8	21	54	41	7	14	34	48	37	25	20	28	50	37	47	48	26	38	56	50	17	48	48	37	14	53	34	26	24	42	55	13	33	13	64	27	46	15	14	66	20	60	18	25	51	25	61	8	31	39	58	53	10	49	56	0	13	12	38	61	31	18	35	44	58	33	24	10	17	18	53	36	33	53	24	37	28	47	58	
47	68	52	26	31	18	45	27	20	8	57	52	55	8	50	33	17	35	57	18	33	60	8	40	44	59	44	58	44	40	42	48	45	46	18	5	43	8	48	48	45	16	24	8	32	33	17	61	12	53	21	44	23	31	24	46	17	45	12	56	63	7	21	13	5	37	35	32	69	50	54	36	5	12	48	39	13	24	41	49	26	38	7	28	47	32	43	45	37	25	57	49	20	38	53	34	11	46	30	13	34	49	59	22	33	2	56	31	44	28	8	69	18	53	10	38	40	16	60	7	26	31	48	48	22	38	55	13	0	25	27	65	20	7	22	33	56	20	11	22	17	12	46	45	28	54	15	25	15	41	47	
23	71	49	13	8	43	44	34	23	32	66	50	67	30	73	56	33	36	69	34	58	82	23	45	63	57	64	58	67	42	52	67	60	35	36	27	52	17	58	71	34	14	46	32	57	37	29	68	14	64	6	67	49	32	48	48	31	64	37	67	66	32	11	15	24	59	51	53	70	61	51	12	19	34	65	50	18	19	37	55	50	15	32	37	59	48	58	58	25	47	64	59	26	60	51	47	22	65	46	38	26	44	61	19	42	25	77	35	55	9	26	72	31	72	31	17	64	33	69	18	43	52	70	64	3	62	65	12	25	0	46	66	44	27	45	57	67	45	36	14	27	30	65	38	45	61	32	46	40	58	71	
69	94	79	51	54	17	72	54	47	29	80	79	76	18	59	45	13	62	77	42	39	68	35	66	59	86	58	85	53	66	66	63	64	73	40	21	68	33	72	56	72	42	41	20	32	60	43	85	37	75	44	50	22	58	34	73	42	60	28	78	88	22	46	31	32	49	55	48	94	72	81	58	30	33	64	63	40	51	68	75	36	61	22	54	69	52	63	66	64	8	81	71	47	51	80	56	24	61	51	21	61	77	84	49	58	29	67	58	68	52	34	94	44	66	33	62	48	13	84	30	46	47	57	66	43	45	78	38	27	46	0	91	32	20	10	40	78	25	26	48	44	37	61	72	49	78	14	4	18	58	53	
64	6	17	52	62	77	21	38	47	62	21	16	31	74	64	59	82	31	31	49	68	67	57	25	49	10	52	8	63	25	27	51	38	35	52	71	25	63	24	65	37	56	55	71	75	32	48	15	60	27	61	68	76	35	64	19	49	49	64	26	7	69	56	70	60	57	41	52	4	28	16	62	65	58	45	30	55	47	28	17	63	62	70	37	30	43	37	32	43	87	17	26	45	56	15	38	74	49	42	71	39	23	7	48	34	63	59	34	28	57	58	7	47	54	58	56	65	82	19	66	47	52	63	41	66	66	23	61	65	66	91	0	63	73	83	66	27	71	66	53	48	54	49	29	45	18	81	89	74	44	69	
64	64	54	40	49	15	46	29	29	12	48	53	43	22	30	14	30	38	45	17	13	40	21	39	27	59	27	57	24	40	36	31	32	55	13	22	38	27	41	28	55	31	8	17	15	35	21	54	29	43	39	23	13	36	4	46	19	28	8	46	58	15	37	33	19	18	23	15	65	40	56	53	25	10	32	32	27	36	45	45	5	56	16	27	37	20	31	34	49	26	50	40	27	20	55	25	30	29	20	12	43	53	55	34	29	19	37	34	36	45	18	64	21	35	13	54	20	29	52	27	15	14	28	33	41	18	46	31	20	44	32	63	0	23	22	12	45	8	9	36	23	15	29	51	17	47	29	29	14	26	27	
50	76	60	31	35	15	53	35	28	14	64	60	62	2	54	37	9	43	64	25	35	63	16	48	50	67	50	66	48	48	50	54	51	53	25	2	51	13	56	51	52	21	30	6	32	41	25	69	17	60	25	47	22	39	27	54	24	51	16	63	71	8	26	13	13	41	41	38	76	57	62	39	10	18	54	47	20	31	48	57	29	42	7	36	55	38	50	52	43	20	64	56	28	43	61	41	7	52	37	13	41	57	67	29	40	10	61	39	52	33	15	77	26	58	17	43	44	8	68	10	32	37	52	54	24	41	63	18	7	27	20	73	23	0	17	35	63	20	14	27	25	20	52	52	34	61	7	19	13	47	50	
67	85	72	48	52	7	65	46	42	21	71	72	66	15	49	35	14	55	68	34	29	58	30	58	49	78	48	77	43	59	58	52	55	68	31	18	59	30	63	46	67	38	31	14	22	53	36	76	34	66	42	40	12	51	24	65	34	50	19	69	79	15	43	30	26	39	46	38	86	63	74	56	27	25	54	54	35	46	61	66	26	59	15	46	60	43	53	57	59	3	72	62	41	41	73	47	23	51	42	12	56	70	76	44	49	23	57	51	58	50	27	86	37	56	26	60	38	14	74	27	37	37	47	56	41	35	69	35	22	45	10	83	22	17	0	30	68	14	17	44	37	30	51	66	39	69	15	6	9	48	43	
76	65	60	52	62	24	53	37	40	24	48	59	41	34	19	7	40	46	42	26	2	28	34	44	21	64	19	61	13	47	38	23	30	64	22	34	40	40	42	16	64	44	13	29	10	43	31	54	42	42	51	11	18	44	8	51	29	22	20	45	60	27	49	46	32	10	24	13	67	39	62	65	38	22	27	35	40	47	53	48	7	68	28	35	37	22	29	34	59	32	51	40	37	12	60	28	42	23	24	23	53	61	58	46	35	32	27	42	38	57	30	66	31	26	26	65	8	39	51	40	21	13	17	29	54	5	46	44	33	57	40	66	12	35	30	0	44	16	21	48	34	27	23	59	22	48	40	36	24	22	14	
73	24	32	54	66	61	30	33	44	49	6	31	4	63	37	37	72	32	4	38	46	40	49	23	24	31	26	27	38	27	15	24	14	48	38	61	15	57	9	39	49	54	37	59	54	31	40	12	56	3	61	43	58	36	45	25	39	23	49	1	20	56	56	65	51	34	22	31	27	6	33	68	58	45	18	17	51	48	35	16	43	69	57	30	8	25	14	11	51	71	10	8	41	32	31	22	66	23	26	56	44	37	21	48	25	54	32	32	12	61	48	24	38	27	46	63	41	71	8	60	31	31	37	15	66	43	4	58	56	67	78	27	45	63	68	44	0	54	51	53	41	43	23	40	29	10	70	74	59	21	44	
66	72	62	44	51	8	54	36	35	14	57	61	51	18	35	20	24	45	53	23	15	44	24	46	34	67	33	65	29	48	44	38	40	61	20	19	46	28	49	32	61	34	17	14	12	43	27	62	31	51	41	26	5	42	9	54	25	35	10	54	67	13	40	32	22	24	31	23	73	48	64	55	26	15	39	41	31	41	52	53	11	58	14	35	46	29	39	43	54	17	58	48	33	26	62	34	27	36	29	7	49	61	64	39	37	20	43	41	45	48	21	73	27	41	18	57	24	23	60	27	24	22	33	41	42	21	55	33	20	45	25	71	8	20	14	16	54	0	9	40	29	21	36	57	26	55	24	21	8	34	30	
57	67	55	34	42	11	47	29	26	5	54	54	50	13	40	23	21	38	52	16	22	49	15	40	36	61	36	59	34	41	40	40	39	52	14	12	41	19	45	37	52	25	16	8	21	35	18	59	22	49	31	33	14	34	13	47	17	37	2	52	62	6	30	24	12	27	29	24	68	46	57	46	17	7	40	37	21	32	44	48	15	49	7	28	43	26	37	40	45	21	54	45	24	29	55	30	20	38	25	5	40	53	58	30	31	10	46	34	41	38	12	68	19	44	9	48	29	20	57	18	20	23	37	41	33	27	52	24	11	36	26	66	9	14	17	21	51	9	0	30	20	12	38	49	22	51	20	23	8	33	36	
27	57	37	4	14	40	31	20	9	25	52	37	53	29	62	46	35	22	55	22	49	70	15	31	51	44	53	45	57	28	38	55	47	26	26	26	38	14	44	60	25	6	36	30	51	23	17	54	10	50	8	58	44	18	40	34	19	52	30	53	52	29	3	19	18	48	38	41	57	47	39	17	17	26	52	36	9	5	25	41	41	19	29	23	45	36	44	44	16	47	50	45	13	49	38	34	25	53	33	34	14	32	48	5	28	21	65	21	41	9	18	58	19	60	22	17	54	35	55	18	32	41	60	51	13	53	51	10	22	14	48	53	36	27	44	48	53	40	30	0	15	21	53	26	33	47	34	47	37	46	61	
42	51	35	19	30	31	27	10	6	15	41	35	41	26	46	30	34	18	43	7	35	55	9	23	35	41	37	41	41	22	26	40	32	32	11	23	27	16	32	45	32	13	21	23	38	16	2	44	15	38	21	43	34	14	26	29	4	36	19	41	45	21	17	24	12	33	23	26	51	35	37	33	17	14	37	24	10	13	24	32	27	35	22	11	33	21	30	31	25	41	40	33	4	33	36	20	26	37	18	25	20	33	41	12	16	15	49	14	29	24	10	52	3	45	11	32	39	33	44	19	16	25	44	36	25	38	39	17	17	27	44	48	23	25	37	34	41	29	20	15	0	8	37	29	17	37	33	42	28	30	46	
48	56	42	25	34	23	34	16	14	8	44	42	42	20	42	25	29	25	44	5	28	51	7	29	33	48	34	47	36	29	30	37	33	40	6	17	31	15	36	40	40	16	15	16	30	23	6	49	16	40	24	37	26	22	19	35	5	34	11	43	51	14	22	23	8	28	23	22	57	37	44	38	15	6	36	27	12	20	31	37	20	40	15	16	35	20	31	32	33	33	44	36	12	29	43	21	23	35	18	17	28	40	47	18	20	10	46	21	32	30	5	57	7	42	3	38	33	28	48	17	14	21	40	36	28	32	43	18	12	30	37	54	15	20	30	27	43	21	12	21	8	0	35	37	16	41	27	35	21	29	41	
78	47	48	56	67	44	43	34	43	38	28	47	19	51	15	16	59	40	20	31	25	20	43	34	2	50	3	47	15	38	25	2	11	58	29	50	26	50	25	16	59	50	22	46	33	37	35	35	51	22	59	20	40	41	27	39	34	1	36	24	42	44	55	58	43	13	14	14	49	21	50	70	50	34	4	22	47	50	46	33	25	72	45	31	19	16	12	17	58	54	32	23	39	10	48	19	57	0	19	41	50	51	42	48	27	44	12	37	22	62	40	47	34	7	36	68	18	58	31	52	21	15	14	8	63	20	26	53	46	65	61	49	29	52	51	23	23	36	38	53	37	35	0	52	20	31	58	57	43	7	20	
35	35	12	25	33	60	10	22	24	44	36	13	43	53	65	53	61	13	44	34	61	72	36	18	51	19	54	21	62	14	28	55	42	7	38	50	26	40	31	65	8	31	46	52	66	16	30	36	36	38	34	65	63	15	54	15	32	51	48	40	31	50	29	45	39	54	38	47	33	36	13	33	42	42	49	29	32	21	6	24	54	33	51	24	36	38	40	37	14	70	33	33	25	54	14	33	51	52	36	54	12	6	26	23	25	43	65	17	31	29	38	36	30	59	40	27	62	60	38	43	38	47	64	46	39	61	36	36	45	38	72	29	51	52	66	59	40	57	49	26	29	37	52	0	37	30	59	70	57	45	68	
59	46	38	36	47	32	31	16	23	20	31	37	27	34	30	16	43	24	29	11	24	38	23	22	18	42	20	40	25	25	18	22	17	43	10	32	20	31	23	29	43	30	9	30	30	21	15	36	31	26	38	28	31	23	18	29	13	19	20	29	40	27	34	39	24	17	7	9	47	23	40	50	31	16	20	15	26	30	31	27	18	52	28	13	20	4	15	17	39	43	32	22	19	17	38	7	39	20	2	27	33	39	38	29	13	26	32	20	19	42	21	47	13	27	18	48	25	42	35	33	2	9	28	20	43	24	29	33	28	45	49	45	17	34	39	22	29	26	22	33	17	16	20	37	0	29	42	45	30	13	31	
65	17	21	48	59	62	20	27	38	48	5	20	14	61	46	41	70	25	15	36	50	49	46	16	31	20	34	17	45	19	11	33	20	38	37	59	10	53	6	47	39	48	39	58	58	24	37	7	51	9	55	50	61	29	48	15	37	31	49	10	11	56	50	61	48	40	24	34	18	10	22	60	54	45	27	14	46	42	26	6	46	61	56	25	12	27	19	14	42	72	3	8	36	38	20	21	64	31	26	56	36	27	11	42	21	51	41	26	10	54	46	17	35	36	44	55	47	69	8	56	31	35	45	23	60	48	6	53	54	61	78	18	47	61	69	48	10	55	51	47	37	41	31	30	29	0	69	75	60	26	51	
55	84	68	37	40	17	60	43	35	21	72	67	69	7	59	43	1	50	71	33	39	68	24	56	56	74	56	74	52	55	58	60	58	60	32	10	59	20	63	56	59	28	36	12	34	49	32	77	24	68	30	50	24	46	32	62	32	57	22	71	78	14	32	17	21	47	49	44	84	65	70	44	17	25	60	55	27	38	56	65	34	47	13	44	62	45	57	59	50	16	72	63	36	49	69	48	10	58	44	17	48	65	74	36	48	17	66	47	59	38	23	85	34	64	24	48	48	1	76	16	39	43	56	61	29	45	70	24	15	32	14	81	29	7	15	40	70	24	20	34	33	27	58	59	42	69	0	14	15	53	54	
69	91	77	50	54	13	69	51	46	27	77	77	72	17	55	41	13	60	74	39	35	64	34	63	55	83	55	82	49	64	63	59	61	72	37	20	65	32	69	52	71	41	37	18	28	58	41	82	36	72	44	46	18	56	30	70	40	56	25	75	85	20	45	31	30	45	52	44	91	69	79	58	29	30	61	60	38	50	66	72	32	61	19	51	66	49	60	63	63	4	78	68	45	47	78	53	24	57	48	18	59	75	82	48	55	27	63	56	64	52	32	91	42	62	31	62	44	13	80	29	43	43	53	62	43	41	75	37	25	46	4	89	29	19	6	36	74	21	23	47	42	35	57	70	45	75	14	0	15	55	49	
62	76	63	41	47	3	55	37	33	13	62	63	57	11	43	28	16	46	59	25	23	52	22	49	41	69	41	68	37	50	48	45	46	60	22	13	50	23	54	40	59	31	22	7	19	44	27	67	27	57	36	35	9	43	17	56	25	42	10	60	70	8	36	26	19	32	37	30	77	54	65	51	20	15	46	45	28	39	52	57	19	54	8	37	51	34	45	48	52	12	63	53	32	34	64	38	20	43	33	3	47	61	67	37	40	16	51	42	49	43	19	77	28	49	17	53	32	15	65	21	28	29	41	48	37	29	60	28	15	40	18	74	14	13	9	24	59	8	8	37	28	21	43	57	30	60	15	15	0	40	38	
71	43	42	49	60	41	36	27	36	33	25	41	18	46	20	15	54	33	19	25	25	26	36	27	5	45	8	42	19	31	19	9	7	51	23	45	21	44	20	21	53	44	17	41	33	30	29	32	44	19	52	23	38	34	24	33	27	6	31	22	38	39	48	52	37	13	7	10	45	17	44	63	44	29	7	16	40	43	39	28	23	65	40	24	14	9	7	12	50	51	28	18	32	11	42	12	52	7	12	37	43	45	37	41	20	39	19	30	17	55	34	44	27	14	31	61	20	53	29	46	15	11	19	7	56	21	23	47	41	58	58	44	26	47	48	22	21	34	33	46	30	29	7	45	13	26	53	55	40	0	25	
89	67	67	65	75	37	60	47	53	39	49	66	40	48	7	15	55	55	41	39	14	15	48	51	20	70	17	67	6	55	44	19	31	74	35	49	46	54	45	5	75	58	25	43	21	52	44	56	56	43	65	3	31	55	23	58	42	20	35	45	63	42	63	60	46	13	30	21	70	41	69	79	53	36	25	41	53	60	62	53	21	81	43	44	39	30	32	37	71	45	53	43	49	14	67	35	57	20	32	37	64	69	62	58	43	46	17	52	42	70	44	68	43	19	40	78	7	54	52	54	31	21	7	29	68	9	47	58	47	71	53	69	27	50	43	14	44	30	36	61	46	41	20	68	31	51	54	49	38	25	0	

