10  150
98	1	49	49	34	22	85	94	75	50	5	46	29	23	69	30	40	13	97	63	98	75	2	87	60	30	85	72	53	34	23	5	25	79	82	6	99	96	24	85	14	90	4	95	100	89	55	62	66	25	35	79	59	38	47	40	65	18	5	76	11	80	45	99	42	78	77	9	29	57	52	53	86	58	54	7	41	58	89	75	63	80	85	56	58	31	64	88	59	27	3	21	19	52	57	15	25	99	53	27	47	65	16	87	39	26	54	5	13	75	61	27	81	47	55	93	19	10	11	80	17	52	19	12	89	42	13	16	100	86	7	93	76	71	87	96	79	11	84	75	78	77	88	92	26	42	30	56	67	22	
75	80	71	30	71	19	35	30	92	86	48	20	13	7	45	16	66	2	61	68	1	71	3	88	16	60	54	16	75	79	33	2	71	70	2	35	56	78	75	88	5	21	2	27	27	31	85	33	83	44	94	94	41	12	56	28	17	35	76	65	33	57	48	79	41	46	47	84	48	90	29	80	89	35	51	70	78	98	29	43	93	75	42	26	17	81	11	3	94	37	55	23	24	55	49	70	57	20	95	36	100	22	22	57	9	54	33	55	77	3	15	61	83	67	19	42	22	29	42	12	76	4	7	65	47	1	74	84	18	19	88	89	43	8	80	64	60	24	41	27	12	7	83	90	65	3	95	59	24	70	
29	45	20	85	2	7	79	89	66	20	51	86	22	80	86	44	34	36	63	4	23	73	49	38	77	24	81	85	93	38	73	87	53	80	12	50	63	7	75	80	68	69	11	81	45	90	15	96	18	97	67	68	76	20	31	88	44	50	100	30	86	77	93	25	99	89	67	81	66	62	68	98	30	9	82	77	59	37	96	92	67	62	52	9	55	35	81	16	32	42	20	69	3	17	90	97	55	32	26	77	40	8	69	36	2	14	75	66	19	84	73	28	21	39	22	32	63	27	99	46	96	68	66	52	27	39	45	81	12	61	60	52	67	26	68	49	39	43	31	52	32	31	66	65	23	24	13	60	61	44	
64	68	90	84	93	40	90	65	19	20	64	18	68	36	82	33	32	61	99	51	18	56	61	19	75	28	19	5	87	30	59	76	32	37	74	37	81	14	81	56	51	24	9	36	74	74	74	91	6	60	42	79	30	17	18	32	78	11	58	59	34	95	23	52	38	73	11	67	42	68	40	15	57	68	48	38	36	28	84	99	16	99	33	61	93	86	72	92	30	70	91	56	74	25	71	45	95	63	65	2	14	13	62	86	33	92	83	38	34	74	6	98	61	98	37	23	58	31	42	63	66	28	74	55	52	4	75	65	93	61	6	62	62	74	93	52	51	2	23	42	80	5	90	70	23	42	25	77	7	37	
3	50	97	76	65	6	44	33	57	64	2	82	4	57	82	93	33	39	62	69	75	44	12	29	35	37	60	81	70	31	47	3	80	97	14	66	27	50	53	27	97	34	69	11	34	87	96	27	36	11	96	32	55	30	99	69	95	63	7	31	49	79	16	43	54	89	85	21	22	17	10	17	24	9	19	97	75	44	54	50	9	74	59	92	77	78	35	65	79	50	79	75	41	10	77	89	58	54	56	24	19	30	74	51	22	63	56	55	7	11	36	50	9	76	38	20	61	54	43	72	45	43	70	60	28	100	25	87	78	58	52	27	90	2	34	92	29	10	61	64	15	59	48	30	51	2	96	48	30	15	
76	60	8	27	48	99	97	16	79	98	52	8	76	49	7	35	3	18	33	6	94	71	85	53	25	11	100	82	74	77	8	12	12	15	33	27	64	71	35	19	89	1	74	52	8	70	47	23	27	22	78	45	92	87	8	46	32	28	75	82	93	72	25	82	60	40	41	9	43	19	35	57	33	89	89	80	7	40	92	51	76	15	61	65	73	90	78	82	58	32	48	13	51	64	13	55	54	51	5	80	92	55	92	69	16	69	94	20	11	72	25	93	51	21	31	43	29	21	90	97	24	89	43	24	23	50	5	52	60	81	50	87	92	54	4	87	70	68	43	43	34	47	31	16	80	82	89	95	33	91	
46	17	77	83	40	4	64	92	41	83	70	80	55	17	6	56	72	32	59	24	39	58	69	8	100	76	18	54	93	81	35	72	47	58	92	10	69	86	6	19	61	51	3	12	52	1	73	70	1	15	71	94	41	18	89	67	26	18	51	9	49	98	64	4	99	27	74	84	15	40	60	23	10	47	8	56	28	6	9	66	98	38	25	49	60	13	43	100	3	82	91	34	21	87	26	93	13	22	55	35	16	79	14	64	34	55	61	7	19	43	12	84	75	95	67	76	60	77	58	49	31	95	78	34	24	28	6	10	99	31	95	7	63	55	35	67	86	47	67	78	18	61	54	27	44	69	70	77	58	83	
40	22	13	76	81	26	24	41	67	91	74	33	81	60	98	62	67	22	17	88	60	95	69	53	88	65	22	35	37	70	24	43	73	92	52	35	97	47	45	88	50	38	55	97	30	71	20	34	35	86	85	32	99	100	71	49	43	32	31	57	99	90	83	13	19	99	58	70	50	45	59	70	74	19	65	85	88	31	79	45	38	80	50	26	73	52	73	22	28	29	92	91	13	86	10	88	18	45	42	74	94	87	94	31	35	67	28	46	25	48	77	11	57	91	75	4	1	24	81	85	29	23	33	83	67	23	37	3	89	3	18	27	9	54	32	53	10	83	72	22	43	43	71	87	48	72	26	93	26	4	
50	92	10	44	82	70	76	81	45	33	28	6	5	1	6	44	5	61	51	29	28	45	71	57	70	70	47	42	72	12	23	99	92	35	13	92	72	79	82	57	70	97	9	58	22	59	22	68	1	18	91	37	30	37	66	42	38	98	67	86	86	66	92	29	70	52	60	28	39	28	55	62	3	52	85	24	94	54	22	56	59	31	39	2	16	13	13	69	90	47	1	52	42	56	64	30	1	15	50	82	22	25	97	26	84	95	88	38	49	29	99	51	72	44	82	87	25	76	24	23	94	37	18	56	21	69	97	53	53	43	58	47	62	71	33	89	11	65	25	98	16	20	77	13	88	44	88	17	1	20	
42	5	73	26	66	81	3	87	75	67	50	91	40	85	4	54	19	12	30	42	84	67	28	50	3	18	4	58	99	87	91	31	36	31	2	14	71	71	73	78	13	53	68	57	29	20	98	56	39	69	45	45	30	75	22	36	58	55	74	54	38	53	44	85	3	35	10	42	37	40	20	4	54	11	36	79	37	43	93	47	4	50	9	35	6	17	38	85	46	31	4	39	6	42	14	48	70	63	76	89	47	65	35	17	67	56	35	34	53	12	45	89	53	60	30	14	34	55	18	92	2	70	51	64	80	41	57	76	89	80	37	79	62	90	11	59	51	16	2	43	44	50	11	34	56	22	71	23	13	14	
664	3373	6642	538	2104	1215	1344	536	2257	1382	3228	4738	5911	5333	1434	1854	3463	4665	2393	2819	1806	4889	4167	3219	3884	1988	610	5271	3285	3314	1608	6463	4344	1733	7227	7250	7446	2015	4006	4498	7271	955	3162	716	3279	5288	2686	3238	3101	3810	4852	6127	3250	99	929	3467	2324	7377	2458	4479	1301	112	1077	2257	1404	7046	3323	668	6290	4975	7476	6513	1781	6557	1844	2096	1857	1512	539	6450	7459	2894	2441	1941	4080	6829	1160	5894	1165	5641	6194	4325	851	4311	1934	5082	3407	1387	5867	1996	3943	3491	3629	3019	5792	4745	4215	3366	5147	262	432	4490	2139	2270	3420	4598	406	1359	3370	1932	5625	5339	2906	3603	7418	1331	5074	6659	7248	3383	5540	3802	2217	1435	5063	2792	2285	3727	2412	176	5707	3374	6170	2703	2781	1589	3242	7244	7196	251	
0	74	38	59	75	32	38	23	38	23	40	25	26	34	69	71	84	13	45	71	34	80	71	56	11	50	40	65	69	70	69	65	62	76	27	70	30	24	15	25	52	64	46	24	66	72	81	61	73	86	50	36	36	24	65	57	70	48	9	75	28	71	61	55	29	67	82	40	64	49	63	67	85	86	34	25	48	4	71	39	15	38	53	40	60	67	66	57	68	84	73	69	59	51	39	29	50	63	50	61	63	9	62	24	68	19	77	59	77	40	46	77	87	66	34	80	77	46	18	61	21	24	67	88	40	36	45	30	71	43	36	54	28	89	67	65	69	61	73	75	68	66	63	9	36	21	69	58	50	40	55	
74	0	38	63	33	46	36	53	36	58	40	60	49	41	65	40	12	62	51	4	54	11	3	41	63	46	46	14	63	44	5	34	35	35	49	30	47	54	62	49	44	39	54	51	11	36	32	28	5	19	38	38	50	61	34	17	38	60	66	8	50	35	36	37	60	13	20	50	39	45	12	10	11	11	40	51	43	71	53	47	61	40	24	39	18	47	14	45	24	9	20	38	40	29	38	45	25	17	27	38	30	67	14	50	40	55	18	24	7	53	52	5	24	18	42	11	14	32	56	40	53	58	59	15	59	42	30	62	51	53	42	56	51	19	33	10	13	22	7	24	31	15	22	65	38	54	56	37	24	38	19	
38	38	0	41	39	21	7	21	10	20	8	23	16	3	48	38	46	26	23	34	20	42	34	38	26	23	14	32	47	39	32	31	40	41	11	44	9	16	24	14	23	32	26	14	28	37	45	25	37	48	17	2	16	24	31	20	48	32	29	40	13	36	28	22	24	29	44	19	32	22	27	29	48	48	9	13	33	34	44	15	23	19	15	6	29	37	28	29	31	46	35	36	40	13	17	14	13	25	12	29	38	30	24	13	48	18	39	31	42	21	24	39	49	28	15	42	39	8	21	42	19	20	44	51	27	6	7	26	42	24	6	33	24	51	43	29	31	31	38	37	44	28	26	28	6	19	43	38	14	5	20	
59	63	41	0	37	61	48	57	51	37	32	34	53	42	10	28	64	56	18	59	25	59	61	79	51	18	26	65	10	24	59	30	80	36	40	82	38	39	45	50	19	25	14	44	52	32	44	34	65	61	27	42	27	35	30	51	88	11	52	70	36	33	27	26	30	49	54	22	25	20	59	53	68	69	50	40	74	58	18	26	45	60	42	34	65	19	48	17	40	68	46	29	81	37	58	52	48	46	40	25	77	50	50	45	87	48	51	69	70	21	16	61	57	45	56	59	54	37	53	82	53	36	10	68	19	35	41	29	19	17	35	7	62	65	82	60	50	69	68	44	82	47	41	52	47	53	14	78	49	36	54	
75	33	39	37	0	59	43	60	46	53	34	52	55	43	36	9	29	65	34	31	43	25	32	66	64	27	35	42	34	14	31	9	62	2	47	61	45	51	60	54	25	13	35	52	25	5	7	14	37	24	25	41	40	53	9	32	68	39	66	41	46	4	14	20	50	21	17	36	13	27	35	26	34	35	47	49	64	72	22	37	59	55	27	34	44	18	21	22	10	35	12	8	66	26	52	53	35	21	28	15	58	66	26	52	69	56	16	50	41	38	34	29	20	17	53	25	19	31	60	67	58	52	30	32	43	38	33	50	20	36	38	32	62	28	63	36	20	49	40	8	61	20	16	65	44	59	26	63	35	35	37	
32	46	21	61	59	0	16	9	13	29	29	33	9	19	69	59	58	19	43	43	36	54	43	24	24	44	34	34	68	60	42	52	30	61	21	37	22	25	27	12	45	53	46	18	41	58	64	45	43	62	38	19	34	34	52	31	38	51	26	45	26	57	49	43	37	43	59	38	53	43	34	42	58	58	12	22	16	28	65	34	26	6	32	28	30	59	43	50	49	55	52	57	27	33	8	8	25	41	31	50	30	29	37	17	36	18	54	27	47	40	44	50	65	44	6	54	54	29	15	29	12	30	65	62	44	26	26	39	64	43	26	54	5	64	35	36	45	29	43	55	36	43	43	25	15	13	65	26	25	26	27	
38	36	7	48	43	16	0	18	3	25	15	28	13	7	55	43	45	26	30	32	26	41	32	31	27	30	21	27	54	44	30	36	33	45	15	38	14	20	27	13	30	37	33	15	28	42	48	29	34	49	23	5	23	29	36	18	42	39	30	37	18	41	33	27	29	29	45	26	37	29	24	29	47	47	4	17	26	35	50	22	26	13	17	13	24	43	28	35	34	45	37	41	33	17	10	10	11	26	15	34	31	31	24	14	41	19	40	25	39	28	31	38	51	29	10	41	40	13	20	35	17	25	51	50	34	13	10	32	49	31	13	40	19	51	37	26	31	26	35	40	37	29	28	29	2	18	50	31	12	12	16	
23	53	21	57	60	9	18	0	17	22	28	26	5	18	66	59	63	10	39	49	31	59	49	33	15	42	31	42	65	60	48	52	39	62	17	46	18	18	18	7	43	53	42	12	46	58	66	46	50	67	38	19	30	26	52	36	47	46	17	52	21	58	49	43	30	47	63	34	53	41	41	47	64	64	13	17	25	19	64	31	17	14	35	27	37	58	47	49	52	62	55	57	36	34	15	8	29	44	33	50	39	20	42	12	45	10	58	36	54	35	41	55	69	48	10	59	58	29	6	38	4	23	62	67	39	24	27	32	63	39	24	50	5	69	44	42	49	37	51	58	45	47	46	16	16	5	62	35	30	26	33	
38	36	10	51	46	13	3	17	0	27	19	30	12	10	59	46	46	25	33	32	30	42	32	28	28	34	25	26	58	48	31	39	30	48	17	35	16	22	28	13	34	40	37	17	29	45	50	32	34	50	26	9	26	31	39	19	39	43	30	36	20	44	36	31	32	30	46	29	40	32	24	30	47	47	4	19	22	34	54	25	27	9	19	17	22	47	30	39	36	45	39	44	30	20	6	9	12	28	18	37	28	32	25	16	38	19	42	23	38	32	35	38	52	31	7	42	41	16	20	31	17	27	54	50	37	17	13	34	52	34	17	44	17	52	34	26	33	24	34	42	34	30	30	29	4	18	53	27	13	15	16	
23	58	20	37	53	29	25	22	27	0	19	4	20	18	47	48	66	18	22	54	12	61	55	53	14	27	17	52	47	47	53	43	57	54	10	62	11	5	8	17	29	41	24	11	48	49	59	40	57	67	27	20	13	4	43	40	65	26	15	61	7	49	39	32	8	48	61	17	41	26	48	49	68	68	23	8	46	21	48	16	8	32	34	20	49	43	47	34	47	67	52	47	55	31	31	21	33	44	31	38	55	13	44	12	64	12	57	50	62	17	23	59	67	46	26	61	58	26	17	57	18	1	45	70	18	16	27	10	48	21	16	32	28	70	61	50	50	51	59	53	61	47	43	15	23	17	46	53	34	20	40	
40	40	8	32	34	29	15	28	19	19	0	20	23	10	40	31	47	31	14	36	14	42	37	47	29	15	6	37	39	32	35	25	48	36	13	51	10	16	25	21	15	25	18	17	30	31	41	21	41	48	10	10	10	21	25	24	56	24	31	45	12	31	21	15	19	29	42	11	25	13	32	31	49	50	17	14	42	37	36	7	25	28	16	2	35	30	28	21	28	49	33	30	48	12	25	21	18	25	13	22	45	31	26	17	56	22	37	38	46	13	16	41	48	27	24	42	39	8	26	50	25	18	35	51	19	4	11	21	35	15	4	25	31	51	51	34	31	38	43	34	51	28	24	30	15	25	35	46	19	3	25	
25	60	23	34	52	33	28	26	30	4	20	0	24	21	44	47	67	22	20	56	9	62	57	57	17	25	16	55	44	45	55	42	60	53	13	66	14	8	11	21	27	40	21	15	50	48	59	40	60	68	27	23	12	1	42	42	69	23	18	63	10	48	38	31	4	49	62	16	40	25	50	51	70	70	26	11	50	24	46	15	11	36	36	21	52	42	48	33	47	68	53	46	59	32	35	25	36	45	33	38	59	16	46	16	68	16	57	53	65	14	20	61	67	47	30	62	59	27	21	61	22	3	42	72	15	17	29	5	46	18	17	29	32	71	65	52	51	54	61	53	65	48	44	18	26	21	43	57	37	22	43	
26	49	16	53	55	9	13	5	12	20	23	24	0	13	62	54	59	13	35	45	28	55	45	33	16	37	27	38	61	55	43	47	38	57	13	45	14	15	18	2	38	48	38	9	41	53	61	41	46	62	33	14	25	24	47	31	46	43	18	49	17	52	44	38	27	43	58	30	48	36	37	42	60	60	9	13	26	22	59	26	17	13	30	22	34	53	42	44	47	58	50	52	36	29	13	3	24	39	28	45	38	21	37	8	44	9	53	33	51	31	36	51	64	43	8	55	53	24	7	38	4	20	58	63	35	19	22	29	58	35	19	46	8	65	43	38	45	35	47	53	44	42	41	17	11	5	58	34	25	21	29	
34	41	3	42	43	19	7	18	10	18	10	21	13	0	50	41	50	23	24	37	19	45	37	38	23	25	15	34	49	42	35	34	40	44	8	45	7	13	21	11	25	35	27	10	32	40	48	28	40	52	20	2	16	22	34	23	49	33	25	43	11	40	31	25	22	32	47	19	35	24	30	33	51	51	7	10	32	31	46	15	20	18	19	9	31	40	31	31	34	50	38	39	40	17	16	11	16	29	16	32	38	26	28	9	48	14	42	32	44	21	25	42	53	32	13	45	43	12	17	42	15	18	46	54	27	7	11	24	45	24	7	34	21	55	44	32	34	33	41	41	44	31	29	24	5	16	45	38	17	8	22	
69	65	48	10	36	69	55	66	59	47	40	44	62	50	0	27	64	65	26	62	35	60	63	86	61	25	34	70	2	22	62	31	86	35	49	87	47	49	55	59	25	26	23	54	55	31	42	37	68	60	33	50	36	45	31	56	94	21	62	73	45	32	29	30	40	52	53	31	26	26	63	56	69	70	58	49	82	68	14	35	55	68	47	42	70	18	51	21	41	70	46	28	87	43	66	61	54	49	45	27	82	60	54	54	94	57	51	75	73	30	25	62	56	47	64	60	54	44	62	89	62	46	6	68	29	43	48	39	16	26	43	15	70	64	88	64	52	74	71	43	87	50	43	62	55	62	10	85	55	43	60	
71	40	38	28	9	59	43	59	46	48	31	47	54	41	27	0	37	63	27	37	37	33	39	69	60	21	30	47	25	5	37	7	66	8	44	66	42	47	55	52	19	6	28	49	31	4	15	15	44	33	21	40	35	48	7	35	73	31	62	48	42	5	10	16	44	27	26	31	6	21	40	31	42	43	47	46	66	68	13	32	55	55	28	32	49	9	26	14	15	43	20	2	69	26	52	52	36	25	28	9	62	61	31	49	74	53	24	54	48	32	27	36	29	22	53	33	27	30	58	70	56	47	21	41	36	35	33	44	11	29	35	24	62	37	67	41	27	53	46	16	66	25	20	62	44	56	17	66	37	33	40	
84	12	46	64	29	58	45	63	46	66	47	67	59	50	64	37	0	72	54	14	60	5	15	53	73	49	51	26	62	42	16	34	47	30	57	42	55	62	71	59	47	39	57	60	17	33	25	30	17	7	42	47	56	68	34	27	50	63	75	19	58	32	37	40	66	17	12	55	39	48	23	17	5	6	50	59	55	80	51	53	70	52	31	46	31	46	18	47	24	7	18	36	52	35	49	55	34	21	34	39	42	76	22	59	52	64	13	36	17	57	55	8	13	20	53	5	10	39	66	52	63	65	58	4	63	50	38	68	49	57	50	58	63	7	45	22	16	34	19	20	43	19	24	74	48	64	54	49	33	45	30	
13	62	26	56	65	19	26	10	25	18	31	22	13	23	65	63	72	0	40	58	30	67	58	43	6	44	33	51	65	62	56	56	49	67	18	56	20	17	12	12	45	56	42	13	54	63	72	51	59	75	41	25	30	22	56	44	57	45	7	62	21	62	53	46	26	55	70	35	56	43	50	55	73	73	22	17	35	9	66	32	11	24	42	31	47	60	54	51	58	71	62	61	46	40	25	16	37	52	39	53	49	11	50	13	55	9	65	46	64	35	41	64	76	55	20	67	66	35	5	48	8	19	63	76	37	27	34	28	65	39	27	50	15	77	54	51	57	47	60	64	55	54	53	6	24	7	64	45	38	30	42	
45	51	23	18	34	43	30	39	33	22	14	20	35	24	26	27	54	40	0	47	10	49	48	62	36	6	8	50	25	25	46	24	63	34	22	66	21	23	30	32	8	21	3	27	40	29	41	25	52	53	13	24	10	21	24	36	71	9	37	56	19	29	20	14	17	38	47	5	21	6	44	41	58	59	32	23	56	43	26	8	30	42	27	17	49	21	37	13	31	58	37	26	63	22	40	34	32	34	25	19	60	35	37	27	70	31	43	52	57	5	1	50	51	34	38	49	45	21	36	65	36	21	23	59	8	17	25	17	25	2	17	10	44	57	66	46	39	52	54	37	65	36	30	37	29	35	24	61	33	18	39	
71	4	34	59	31	43	32	49	32	54	36	56	45	37	62	37	14	58	47	0	50	12	1	40	59	42	42	13	60	42	1	31	34	33	45	31	43	50	58	45	40	36	50	47	7	33	31	25	6	20	34	34	46	57	31	13	38	56	62	10	46	32	33	33	56	10	20	46	36	41	8	6	14	15	36	47	41	67	51	43	57	37	20	34	17	44	11	42	22	13	18	35	39	25	35	41	21	13	23	35	29	63	10	46	40	51	17	23	10	49	48	6	25	15	38	12	14	28	52	39	49	54	56	18	55	38	26	58	48	49	38	52	48	21	33	8	10	21	9	23	31	12	18	61	34	50	53	36	20	34	16	
34	54	20	25	43	36	26	31	30	12	14	9	28	19	35	37	60	30	10	50	0	55	51	58	26	16	8	51	35	35	49	33	60	43	15	64	14	13	20	25	18	30	12	19	43	39	50	31	55	60	18	21	4	11	33	38	68	15	27	59	10	38	29	22	7	42	54	6	30	15	46	44	63	64	27	14	51	33	36	7	20	37	30	16	49	32	41	23	39	62	44	36	60	25	35	28	32	38	27	28	58	25	40	19	68	22	49	51	60	5	11	54	59	39	32	55	51	22	27	61	27	11	33	64	7	13	25	8	36	9	13	20	36	63	64	48	44	51	57	45	64	41	36	27	25	27	34	57	33	17	39	
80	11	42	59	25	54	41	59	42	61	42	62	55	45	60	33	5	67	49	12	55	0	13	52	68	44	46	25	58	38	13	29	46	26	53	41	51	57	66	55	42	34	52	56	13	29	22	25	16	8	37	43	51	63	29	23	50	58	70	19	53	27	32	35	61	13	9	50	34	43	20	12	9	10	46	55	53	76	47	48	65	48	26	41	29	41	13	42	19	10	13	31	51	30	46	51	30	17	29	34	41	72	17	55	51	60	8	35	17	52	50	6	13	15	49	0	5	34	62	51	59	60	53	9	58	45	34	63	44	51	45	53	59	10	44	20	11	33	18	16	42	14	19	70	43	60	50	48	29	40	27	
71	3	34	61	32	43	32	49	32	55	37	57	45	37	63	39	15	58	48	1	51	13	0	39	60	43	43	12	62	43	2	33	33	34	45	29	44	50	59	45	41	38	51	47	8	35	32	26	5	21	35	35	47	58	33	14	37	57	62	9	47	33	34	35	57	11	21	47	38	42	8	7	14	14	36	47	40	67	52	44	58	37	21	35	16	45	12	43	23	12	20	37	38	26	34	41	21	14	24	36	28	64	11	47	39	51	18	22	9	50	49	7	26	16	38	13	15	29	52	38	49	54	57	18	56	39	27	58	50	50	39	53	48	22	32	7	12	20	7	24	30	13	20	61	34	50	54	35	20	34	16	
56	41	38	79	66	24	31	33	28	53	47	57	33	38	86	69	53	43	62	40	58	52	39	0	48	61	53	27	85	72	39	62	8	68	44	17	44	48	51	36	61	65	65	42	42	67	69	54	36	60	53	37	55	57	62	34	14	71	50	35	48	65	60	57	59	45	60	58	65	60	32	42	51	50	31	45	8	52	79	53	50	21	41	45	23	72	45	66	56	48	55	67	3	44	22	31	33	45	41	62	12	53	39	41	12	42	56	17	37	60	63	46	65	49	26	52	54	42	39	5	36	53	81	56	65	45	38	62	77	63	45	72	28	60	13	32	47	19	35	60	15	46	50	49	32	37	80	4	32	43	29	
11	63	26	51	64	24	27	15	28	14	29	17	16	23	61	60	73	6	36	59	26	68	60	48	0	40	30	54	61	60	58	55	54	65	16	61	18	13	6	14	42	54	38	12	55	61	70	50	62	75	39	25	26	16	55	46	62	40	2	64	18	60	51	44	21	55	70	31	54	40	52	56	74	74	24	14	40	8	62	28	6	29	42	29	50	57	55	48	57	72	61	59	51	39	29	19	38	52	39	51	54	5	51	13	60	8	65	50	66	31	37	65	76	55	24	68	66	34	9	53	12	15	59	77	32	25	34	23	61	35	25	46	20	78	59	54	58	51	63	63	60	55	52	1	25	11	60	50	39	29	44	
50	46	23	18	27	44	30	42	34	27	15	25	37	25	25	21	49	44	6	42	16	44	43	61	40	0	11	47	24	19	41	18	61	28	26	64	24	27	35	35	2	14	8	31	35	23	35	19	48	47	8	25	14	27	18	33	69	14	42	52	23	23	13	9	23	33	41	9	14	1	40	36	53	54	33	27	56	48	22	12	35	43	24	17	46	16	32	7	25	53	32	20	62	19	40	36	30	29	21	12	58	41	32	31	69	35	37	50	53	11	6	45	45	29	39	44	39	19	40	64	39	26	20	53	15	18	23	23	21	8	18	10	46	51	64	42	34	50	50	31	63	31	25	41	30	39	20	60	30	18	36	
40	46	14	26	35	34	21	31	25	17	6	16	27	15	34	30	51	33	8	42	8	46	43	53	30	11	0	43	34	30	41	25	54	36	15	58	13	16	25	24	12	24	12	20	35	31	42	23	47	51	10	16	5	18	25	30	63	17	31	51	12	31	21	15	15	34	45	4	24	10	38	36	54	55	23	16	48	37	33	1	24	34	22	8	42	27	33	18	30	54	36	29	55	17	31	26	25	30	19	21	52	30	32	20	62	24	41	45	52	7	10	46	51	31	29	46	42	14	29	57	28	16	31	56	13	8	17	16	32	9	8	19	36	55	58	40	35	45	49	37	58	32	27	31	21	28	31	52	25	10	32	
65	14	32	65	42	34	27	42	26	52	37	55	38	34	70	47	26	51	50	13	51	25	12	27	54	47	43	0	68	51	12	41	21	44	42	18	41	47	54	39	46	45	54	43	17	44	43	33	9	33	38	32	47	56	41	14	26	60	57	10	45	43	41	39	56	20	33	48	45	46	7	16	25	24	30	44	29	61	60	44	53	28	23	35	5	53	21	49	32	22	30	45	26	28	26	35	19	22	25	43	16	59	16	42	27	46	29	10	12	51	51	19	38	25	31	25	27	29	46	26	43	52	64	29	57	38	26	58	57	52	38	58	39	33	20	5	21	8	9	34	19	22	27	56	29	44	61	23	18	34	12	
69	63	47	10	34	68	54	65	58	47	39	44	61	49	2	25	62	65	25	60	35	58	62	85	61	24	34	68	0	20	60	29	84	33	48	86	47	48	55	58	24	24	23	53	53	29	40	35	67	58	32	49	35	45	29	54	92	21	62	71	45	30	27	29	40	50	51	31	24	25	61	54	67	68	57	49	80	68	12	34	55	67	46	41	68	16	49	19	39	68	44	26	86	41	65	60	53	47	44	25	81	60	52	53	92	57	49	73	71	30	24	61	54	45	63	58	52	42	62	87	62	46	4	66	29	42	47	39	14	26	42	15	70	62	87	63	50	72	69	41	86	48	42	62	54	61	8	83	53	42	58	
70	44	39	24	14	60	44	60	48	47	32	45	55	42	22	5	42	62	25	42	35	38	43	72	60	19	30	51	20	0	42	10	70	13	44	70	42	46	55	53	18	7	25	49	35	9	20	18	48	38	22	41	34	46	10	38	77	28	61	53	42	10	11	17	42	32	31	29	7	20	44	36	47	48	48	45	69	68	8	31	54	57	31	33	52	4	31	12	20	48	25	6	72	28	54	53	39	29	31	10	66	60	35	49	77	53	29	58	52	30	25	41	34	27	54	38	32	31	58	73	57	46	16	46	33	36	35	42	6	27	36	20	63	42	71	45	31	57	51	21	70	29	24	61	45	57	12	69	39	34	43	
69	5	32	59	31	42	30	48	31	53	35	55	43	35	62	37	16	56	46	1	49	13	2	39	58	41	41	12	60	42	0	31	33	33	43	30	42	48	57	44	40	36	49	46	6	33	31	24	6	21	33	33	45	56	31	12	38	55	60	11	45	32	32	33	55	10	21	45	36	40	7	5	16	16	34	46	40	65	50	42	56	36	19	33	16	44	10	41	21	14	18	35	38	24	33	40	19	13	22	34	28	62	9	45	39	49	17	22	11	48	47	8	26	15	37	13	15	27	51	38	48	52	55	20	54	37	25	56	48	48	37	51	47	22	32	7	10	20	9	23	31	12	18	59	33	49	53	35	18	32	14	
65	34	31	30	9	52	36	52	39	43	25	42	47	34	31	7	34	56	24	31	33	29	33	62	55	18	25	41	29	10	31	0	59	10	38	59	36	41	50	45	15	5	25	43	25	6	17	8	38	31	15	33	30	44	0	28	66	30	56	42	37	5	4	10	40	21	24	26	5	17	33	25	38	39	40	40	59	63	19	27	50	48	21	25	42	12	20	13	10	39	16	5	62	19	45	45	29	19	21	5	55	56	24	43	67	47	21	47	42	29	24	31	28	16	46	29	24	23	51	63	50	42	24	38	33	29	26	41	17	26	29	24	55	35	60	35	21	46	41	14	59	19	13	56	37	50	21	59	29	26	33	
62	35	40	80	62	30	33	39	30	57	48	60	38	40	86	66	47	49	63	34	60	46	33	8	54	61	54	21	84	70	33	59	0	65	47	8	47	51	56	40	60	63	66	46	37	63	64	51	30	54	53	39	56	61	59	31	8	72	56	28	51	62	58	55	62	41	54	59	63	60	27	37	44	43	33	49	15	58	78	55	55	25	39	46	18	70	41	65	52	41	51	64	5	43	25	35	31	41	40	60	5	59	35	45	7	47	50	12	30	61	64	40	59	45	30	46	48	42	45	5	42	57	80	49	67	47	38	65	76	64	47	72	34	54	5	26	42	13	28	55	7	42	46	55	34	43	78	4	31	44	26	
76	35	41	36	2	61	45	62	48	54	36	53	57	44	35	8	30	67	34	33	43	26	34	68	65	28	36	44	33	13	33	10	65	0	49	63	47	52	61	56	26	13	35	53	27	5	7	16	39	25	26	43	41	54	10	34	71	39	67	43	47	5	15	21	50	24	18	37	13	28	38	28	35	37	49	50	66	73	21	38	60	57	29	36	47	17	23	22	12	37	14	8	68	28	54	54	37	23	30	15	60	67	29	53	72	58	18	52	43	39	34	31	21	19	55	26	21	32	62	69	60	53	29	33	43	40	35	51	19	36	40	32	64	29	65	38	23	51	42	10	64	22	18	67	46	60	25	65	37	37	39	
27	49	11	40	47	21	15	17	17	10	13	13	13	8	49	44	57	18	22	45	15	53	45	44	16	26	15	42	48	44	43	38	47	49	0	52	2	5	13	10	27	38	25	5	39	44	54	34	48	59	23	10	13	14	38	31	55	30	18	51	4	44	34	28	15	40	54	17	38	25	38	40	59	59	13	2	37	24	48	14	12	23	26	13	39	42	39	33	40	58	45	43	46	23	21	13	24	36	23	35	46	19	35	5	54	9	49	40	53	18	24	50	60	38	18	53	50	18	14	48	13	10	45	62	22	8	18	17	47	22	8	33	21	62	51	40	42	41	49	47	52	39	36	18	13	13	46	44	25	12	30	
70	30	44	82	61	37	38	46	35	62	51	66	45	45	87	66	42	56	66	31	64	41	29	17	61	64	58	18	86	70	30	59	8	63	52	0	52	57	63	47	63	63	69	52	35	63	62	51	25	49	55	43	61	67	59	31	8	76	63	23	56	61	59	57	68	39	50	63	63	62	25	35	39	38	39	54	23	65	78	59	62	32	40	49	17	71	39	66	51	36	49	64	14	45	32	42	34	40	42	61	7	66	35	51	10	54	48	13	25	65	67	35	55	44	37	41	45	45	52	12	49	62	82	44	71	51	41	70	76	67	51	74	41	49	3	24	40	13	23	53	1	41	46	62	40	50	79	13	33	48	27	
30	47	9	38	45	22	14	18	16	11	10	14	14	7	47	42	55	20	21	43	14	51	44	44	18	24	13	41	47	42	42	36	47	47	2	52	0	6	15	11	25	35	24	7	38	42	51	31	46	57	20	9	11	15	36	29	55	28	20	50	4	42	32	25	15	38	52	16	35	23	37	38	57	58	13	4	37	26	46	12	14	23	24	10	38	40	37	31	38	56	43	40	46	21	21	14	22	34	21	32	45	21	34	7	54	11	47	39	51	17	22	48	58	36	18	51	48	16	16	48	15	11	44	60	21	6	17	18	45	21	6	31	23	60	51	39	40	40	48	45	51	37	33	20	12	15	44	44	23	10	29	
24	54	16	39	51	25	20	18	22	5	16	8	15	13	49	47	62	17	23	50	13	57	50	48	13	27	16	47	48	46	48	41	51	52	5	57	6	0	9	12	28	40	25	6	44	47	57	37	53	64	25	15	13	9	41	36	60	28	15	56	4	47	37	30	12	44	58	18	40	26	43	45	64	64	18	3	41	21	49	15	8	27	31	16	44	43	43	34	44	63	49	45	50	27	26	17	29	40	28	37	50	15	40	7	59	8	53	45	58	18	24	55	64	43	21	57	54	22	13	52	14	5	46	66	21	12	23	14	48	22	12	33	24	67	56	45	46	46	54	51	56	43	40	14	18	13	47	48	30	17	35	
15	62	24	45	60	27	27	18	28	8	25	11	18	21	55	55	71	12	30	58	20	66	59	51	6	35	25	54	55	55	57	50	56	61	13	63	15	9	0	16	37	49	32	11	53	56	66	47	61	73	34	23	20	10	50	44	64	34	7	64	13	56	46	39	15	53	67	25	49	34	51	54	73	73	24	11	43	13	56	23	1	31	40	26	50	51	52	42	53	71	58	54	54	36	31	21	37	49	37	46	56	5	49	12	63	9	62	51	66	25	31	64	73	52	26	66	63	31	12	56	14	9	53	75	26	21	32	16	56	29	21	40	24	76	61	53	55	52	62	60	62	52	49	7	25	13	54	52	38	26	43	
25	49	14	50	54	12	13	7	13	17	21	21	2	11	59	52	59	12	32	45	25	55	45	36	14	35	24	39	58	53	44	45	40	56	10	47	11	12	16	0	36	46	35	6	41	52	60	40	47	62	31	13	23	21	45	31	48	40	17	50	14	51	42	36	24	42	58	27	46	34	37	42	60	60	9	10	28	21	57	24	15	15	29	20	35	51	42	42	46	58	49	50	38	28	15	5	24	39	27	43	40	19	37	5	47	7	53	35	51	29	34	51	64	42	10	55	53	23	7	40	4	18	55	63	33	17	21	27	56	32	17	43	11	65	45	39	44	36	48	52	46	42	40	16	11	5	55	36	25	19	29	
52	44	23	19	25	45	30	43	34	29	15	27	38	25	25	19	47	45	8	40	18	42	41	61	42	2	12	46	24	18	40	15	60	26	27	63	25	28	37	36	0	12	10	32	33	21	32	17	46	45	7	25	16	29	15	31	68	16	43	50	24	21	11	7	25	31	38	11	12	2	39	34	51	52	33	28	56	50	21	13	36	43	22	17	45	15	30	6	23	51	29	18	62	18	40	37	29	27	20	10	57	42	31	32	68	36	34	49	51	13	8	43	43	27	39	42	37	18	41	63	40	28	20	51	17	19	22	25	20	10	19	12	47	49	63	41	32	49	49	29	62	29	23	43	30	40	19	59	29	18	35	
64	39	32	25	13	53	37	53	40	41	25	40	48	35	26	6	39	56	21	36	30	34	38	65	54	14	24	45	24	7	36	5	63	13	38	63	35	40	49	46	12	0	22	42	29	8	20	12	43	36	15	34	28	41	5	32	70	26	55	47	36	8	4	10	37	26	29	24	0	15	38	30	43	44	41	39	62	62	14	25	48	50	24	26	46	7	25	8	15	44	21	5	65	21	47	46	32	23	23	3	59	55	29	42	70	47	26	51	47	26	21	37	32	21	47	34	29	24	51	66	50	40	19	43	29	29	27	38	12	23	29	19	56	40	64	39	26	50	45	19	63	24	18	55	38	50	16	62	32	27	36	
46	54	26	14	35	46	33	42	37	24	18	21	38	27	23	28	57	42	3	50	12	52	51	65	38	8	12	54	23	25	49	25	66	35	25	69	24	25	32	35	10	22	0	30	43	30	42	27	55	56	16	28	12	22	25	39	74	6	39	60	21	31	21	17	17	41	49	8	22	9	47	44	61	62	35	25	60	45	25	12	32	46	31	20	52	21	40	13	34	61	40	27	67	25	43	38	35	37	28	20	63	37	40	30	74	33	45	56	60	7	2	53	53	37	41	52	47	24	39	68	38	23	21	61	7	20	28	17	25	3	20	8	47	59	69	49	42	56	58	39	69	39	33	39	33	38	22	64	36	22	42	
24	51	14	44	52	18	15	12	17	11	17	15	9	10	54	49	60	13	27	47	19	56	47	42	12	31	20	43	53	49	46	43	46	53	5	52	7	6	11	6	32	42	30	0	42	49	58	38	50	62	27	12	17	15	43	33	54	34	14	53	8	49	39	32	18	43	58	22	42	30	40	43	62	62	13	4	34	20	53	19	10	21	29	17	39	47	42	38	44	60	49	47	44	27	20	10	26	39	26	40	45	16	38	1	53	4	53	40	54	23	28	53	63	42	15	56	53	22	9	46	8	11	50	65	26	13	21	20	52	27	13	38	17	65	50	42	45	41	51	51	51	42	40	14	13	8	51	42	27	17	32	
66	11	28	52	25	41	28	46	29	48	30	50	41	32	55	31	17	54	40	7	43	13	8	42	55	35	35	17	53	35	6	25	37	27	39	35	38	44	53	41	33	29	43	42	0	27	26	17	13	21	27	30	40	51	25	10	43	49	57	17	41	26	25	26	50	3	18	39	29	34	10	1	19	20	32	42	42	63	44	36	52	35	13	28	19	37	4	35	15	18	13	29	41	18	33	38	17	6	17	28	32	58	4	42	44	46	14	25	18	42	41	10	24	8	36	13	12	22	48	42	46	48	49	22	48	32	21	51	42	42	32	45	46	23	37	11	5	24	16	18	36	5	11	56	30	46	46	38	16	28	14	
72	36	37	32	5	58	42	58	45	49	31	48	53	40	31	4	33	63	29	33	39	29	35	67	61	23	31	44	29	9	33	6	63	5	44	63	42	47	56	52	21	8	30	49	27	0	12	13	40	29	21	39	36	50	6	32	70	34	63	44	43	1	10	17	46	24	22	32	8	23	37	28	38	39	46	46	64	69	18	33	56	54	26	32	46	13	23	17	12	39	16	3	67	25	51	51	34	22	27	10	59	62	28	49	71	54	20	51	44	34	29	32	25	19	52	29	23	29	58	68	56	48	25	36	38	36	32	46	15	31	36	27	61	33	64	38	23	50	43	12	63	22	17	62	43	56	21	64	34	32	37	
81	32	45	44	7	64	48	66	50	59	41	59	61	48	42	15	25	72	41	31	50	22	32	69	70	35	42	43	40	20	31	17	64	7	54	62	51	57	66	60	32	20	42	58	26	12	0	20	37	19	32	47	47	60	17	35	70	46	72	41	53	11	21	27	57	23	13	43	20	34	37	27	30	32	52	56	68	78	28	43	66	59	31	41	46	24	23	29	14	32	13	15	68	31	56	58	39	24	33	22	59	72	29	58	71	63	14	52	40	46	41	27	14	20	58	22	17	36	66	69	64	59	36	28	50	45	38	58	26	43	45	39	67	23	64	37	21	50	39	9	62	22	20	72	50	65	32	65	39	41	40	
61	28	25	34	14	45	29	46	32	40	21	40	41	28	37	15	30	51	25	25	31	25	26	54	50	19	23	33	35	18	24	8	51	16	34	51	31	37	47	40	17	12	27	38	17	13	20	0	31	28	13	27	28	41	8	20	58	33	52	35	33	12	8	10	38	14	22	25	12	18	26	18	34	35	33	36	51	58	26	25	46	41	13	21	34	19	13	17	7	34	13	13	54	12	38	38	21	11	14	10	47	52	17	38	59	42	18	39	35	28	25	26	27	10	39	25	20	16	46	55	44	39	31	34	33	25	19	39	24	27	25	28	48	32	52	27	15	38	34	13	51	12	6	52	30	44	28	51	21	21	25	
73	5	37	65	37	43	34	50	34	57	41	60	46	40	68	44	17	59	52	6	55	16	5	36	62	48	47	9	67	48	6	38	30	39	48	25	46	53	61	47	46	43	55	50	13	40	37	31	0	24	39	37	51	61	38	17	33	61	64	4	50	38	39	39	60	16	25	51	43	47	9	12	15	14	38	50	39	69	57	48	60	37	25	39	14	50	17	48	28	12	24	42	35	30	35	43	24	19	28	41	25	66	15	49	35	53	22	19	5	54	53	10	29	21	39	16	19	33	54	35	51	57	62	19	60	42	30	62	55	54	42	58	48	24	28	8	17	17	2	29	26	18	25	63	36	52	59	32	23	38	17	
86	19	48	61	24	62	49	67	50	67	48	68	62	52	60	33	7	75	53	20	60	8	21	60	75	47	51	33	58	38	21	31	54	25	59	49	57	64	73	62	45	36	56	62	21	29	19	28	24	0	41	50	56	69	31	31	57	61	77	26	60	28	34	38	67	19	7	54	36	47	29	20	12	13	53	61	61	83	46	53	72	56	33	47	37	42	20	44	21	14	15	32	59	36	54	59	38	23	36	36	49	78	25	62	59	67	10	43	24	57	54	14	6	20	57	8	9	41	69	59	66	66	54	8	62	51	41	68	44	55	51	55	67	4	52	28	17	41	26	17	50	20	24	77	51	67	50	56	37	47	35	
50	38	17	27	25	38	23	38	26	27	10	27	33	20	33	21	42	41	13	34	18	37	35	53	39	8	10	38	32	22	33	15	53	26	23	55	20	25	34	31	7	15	16	27	27	21	32	13	39	41	0	19	15	29	15	24	60	22	41	43	21	21	11	5	25	25	35	13	15	7	31	28	45	46	26	24	49	47	27	12	34	36	15	11	37	20	24	12	20	45	25	19	54	10	33	31	21	21	13	12	49	40	24	27	60	32	30	42	44	15	14	37	40	21	32	37	32	10	36	55	35	27	28	46	21	14	15	26	25	15	14	19	41	45	55	33	26	41	41	26	55	23	17	40	23	35	26	51	22	12	27	
36	38	2	42	41	19	5	19	9	20	10	23	14	2	50	40	47	25	24	34	21	43	35	37	25	25	16	32	49	41	33	33	39	43	10	43	9	15	23	13	25	34	28	12	30	39	47	27	37	50	19	0	17	24	33	21	47	33	27	41	13	38	30	24	24	30	45	20	34	24	28	30	49	49	7	12	31	33	46	16	22	18	17	8	29	39	29	31	33	47	36	38	39	15	15	12	13	26	14	31	37	28	25	12	47	16	40	30	42	22	26	40	51	30	13	43	41	10	19	41	17	20	46	52	28	7	9	26	44	25	7	35	22	53	43	30	32	31	39	39	43	29	27	26	5	17	45	36	14	7	20	
36	50	16	27	40	34	23	30	26	13	10	12	25	16	36	35	56	30	10	46	4	51	47	55	26	14	5	47	35	34	45	30	56	41	13	61	11	13	20	23	16	28	12	17	40	36	47	28	51	56	15	17	0	13	30	34	65	17	27	55	9	36	26	19	10	38	50	5	28	13	42	41	59	60	24	13	48	33	36	3	20	34	26	12	45	31	37	21	35	58	41	34	56	21	32	25	28	34	23	26	54	26	36	18	64	21	46	47	56	5	11	50	56	36	29	51	47	18	26	58	26	12	33	61	10	9	21	11	35	9	9	20	34	60	60	44	40	48	53	42	60	37	32	27	22	25	34	54	29	13	35	
24	61	24	35	53	34	29	26	31	4	21	1	24	22	45	48	68	22	21	57	11	63	58	57	16	27	18	56	45	46	56	44	61	54	14	67	15	9	10	21	29	41	22	15	51	50	60	41	61	69	29	24	13	0	44	44	69	24	17	64	11	49	39	33	5	50	63	17	41	26	51	52	71	71	27	12	50	23	47	16	10	36	37	22	53	43	50	34	49	70	54	47	60	33	35	26	37	46	34	39	60	15	47	16	68	16	59	54	66	16	22	62	69	48	31	63	60	29	21	62	22	4	43	73	16	18	31	6	47	19	18	30	32	73	65	53	52	55	62	55	66	49	45	17	27	21	44	58	38	23	44	
65	34	31	30	9	52	36	52	39	43	25	42	47	34	31	7	34	56	24	31	33	29	33	62	55	18	25	41	29	10	31	0	59	10	38	59	36	41	50	45	15	5	25	43	25	6	17	8	38	31	15	33	30	44	0	28	66	30	56	42	37	5	4	10	40	21	24	26	5	17	33	25	38	39	40	40	59	63	19	27	50	48	21	25	42	12	20	13	10	39	16	5	62	19	45	45	29	19	21	5	55	56	24	43	67	47	21	47	42	29	24	31	28	16	46	29	24	23	51	63	50	42	24	38	33	29	26	41	17	26	29	24	55	35	60	35	21	46	41	14	59	19	13	56	37	50	21	59	29	26	33	
57	17	20	51	32	31	18	36	19	40	24	42	31	23	56	35	27	44	36	13	38	23	14	34	46	33	30	14	54	38	12	28	31	34	31	31	29	36	44	31	31	32	39	33	10	32	35	20	17	31	24	21	34	44	28	0	38	46	48	21	33	31	27	25	43	12	28	34	32	31	8	10	28	28	22	33	33	53	46	31	43	25	8	22	14	39	12	35	21	26	22	33	34	13	22	28	7	11	11	29	27	49	6	32	38	37	23	19	22	37	37	19	34	15	26	23	22	16	38	35	36	40	50	31	43	25	13	45	44	38	25	43	35	33	32	10	14	18	19	26	31	13	15	47	20	36	48	31	6	21	5	
70	38	48	88	68	38	42	47	39	65	56	69	46	49	94	73	50	57	71	38	68	50	37	14	62	69	63	26	92	77	38	66	8	71	55	8	55	60	64	48	68	70	74	54	43	70	70	58	33	57	60	47	65	69	66	38	0	80	64	31	59	69	66	63	71	46	58	67	70	68	33	42	47	46	42	57	22	66	85	63	63	33	46	54	24	78	47	72	58	44	56	71	11	50	34	43	39	48	48	68	11	67	42	53	2	55	55	19	33	70	72	43	63	51	38	50	53	50	53	9	50	65	88	52	76	55	46	73	83	72	55	80	42	57	5	32	48	20	31	61	7	48	53	63	43	51	86	12	38	53	33	
48	60	32	11	39	51	39	46	43	26	24	23	43	33	21	31	63	45	9	56	15	58	57	71	40	14	17	60	21	28	55	30	72	39	30	76	28	28	34	40	16	26	6	34	49	34	46	33	61	61	22	33	17	24	30	46	80	0	41	66	25	35	26	23	19	47	54	13	26	15	54	50	67	68	41	29	65	47	26	17	34	51	37	26	59	24	46	17	39	67	45	31	73	32	49	43	42	43	34	25	69	39	46	34	80	37	50	62	66	11	8	59	58	43	46	58	53	30	42	74	42	25	19	67	8	26	34	18	26	8	26	7	51	65	75	56	48	62	64	44	75	45	39	41	38	42	22	70	42	28	48	
9	66	29	52	66	26	30	17	30	15	31	18	18	25	62	62	75	7	37	62	27	70	62	50	2	42	31	57	62	61	60	56	56	67	18	63	20	15	7	17	43	55	39	14	57	63	72	52	64	77	41	27	27	17	56	48	64	41	0	67	19	62	52	46	22	58	72	32	55	41	54	58	76	77	26	16	42	6	63	30	7	31	44	31	52	58	57	49	59	75	63	60	53	41	31	21	41	54	41	52	56	3	53	15	62	10	67	52	68	32	38	68	78	57	26	70	68	36	11	55	14	16	60	79	33	27	36	23	63	36	27	47	22	80	61	56	60	53	65	65	62	57	54	1	27	13	61	52	41	31	46	
75	8	40	70	41	45	37	52	36	61	45	63	49	43	73	48	19	62	56	10	59	19	9	35	64	52	51	10	71	53	11	42	28	43	51	23	50	56	64	50	50	47	60	53	17	44	41	35	4	26	43	41	55	64	42	21	31	66	67	0	53	43	43	44	64	21	28	55	47	51	13	17	16	15	40	53	38	71	61	52	63	39	29	43	15	55	21	52	32	13	29	46	33	34	37	45	27	24	32	46	23	69	19	52	33	56	26	19	2	58	57	13	32	26	41	19	23	37	56	33	53	61	67	21	64	46	34	66	59	58	46	62	50	26	26	11	21	17	2	33	24	23	29	66	39	54	64	31	26	42	20	
28	50	13	36	46	26	18	21	20	7	12	10	17	11	45	42	58	21	19	46	10	53	47	48	18	23	12	45	45	42	45	37	51	47	4	56	4	4	13	14	24	36	21	8	41	43	53	33	50	60	21	13	9	11	37	33	59	25	19	53	0	42	33	26	11	40	54	14	36	22	40	42	60	61	17	4	41	26	45	11	13	27	27	12	42	39	39	30	40	59	45	41	50	23	25	17	26	36	24	33	49	19	37	8	58	12	49	43	55	14	20	51	60	39	22	53	50	18	17	52	17	7	42	63	18	8	20	13	44	18	8	29	26	63	55	42	42	44	51	46	55	39	36	19	16	16	43	48	27	13	33	
71	35	36	33	4	57	41	58	44	49	31	48	52	40	32	5	32	62	29	32	38	27	33	65	60	23	31	43	30	10	32	5	62	5	44	61	42	47	56	51	21	8	31	49	26	1	11	12	38	28	21	38	36	49	5	31	69	35	62	43	42	0	10	16	46	22	21	32	8	23	36	26	37	38	45	46	63	68	19	33	55	53	25	31	44	14	22	17	10	38	14	4	65	24	50	50	33	21	26	10	58	62	26	48	69	53	18	50	42	34	30	31	24	17	51	27	22	28	57	66	55	48	26	35	38	35	31	46	17	32	35	28	60	32	63	37	21	49	41	11	62	20	15	62	42	56	22	62	33	32	36	
61	36	28	27	14	49	33	49	36	39	21	38	44	31	29	10	37	53	20	33	29	32	34	60	51	13	21	41	27	11	32	4	58	15	34	59	32	37	46	42	11	4	21	39	25	10	21	8	39	34	11	30	26	39	4	27	66	26	52	43	33	10	0	6	36	22	27	22	4	13	34	26	41	42	37	36	57	59	19	23	46	45	19	22	41	12	21	10	13	41	19	8	61	16	42	42	27	19	19	2	54	52	25	39	66	43	24	47	43	24	20	33	31	18	43	32	27	20	48	62	46	38	23	41	29	25	23	36	17	22	25	21	52	38	60	35	23	46	42	17	59	20	14	52	34	46	20	58	28	23	32	
55	37	22	26	20	43	27	43	31	32	15	31	38	25	30	16	40	46	14	33	22	35	35	57	44	9	15	39	29	17	33	10	55	21	28	57	25	30	39	36	7	10	17	32	26	17	27	10	39	38	5	24	19	33	10	25	63	23	46	44	26	16	6	0	29	24	32	16	10	8	33	27	44	45	31	29	53	52	22	16	39	40	17	16	39	15	23	9	17	44	23	14	58	12	37	36	24	20	15	7	52	45	24	32	63	37	28	44	44	18	15	36	37	20	37	35	30	14	41	59	40	31	24	44	23	19	18	30	21	17	19	18	46	42	58	34	25	43	42	22	57	22	16	45	28	40	23	55	24	17	29	
29	60	24	30	50	37	29	30	32	8	19	4	27	22	40	44	66	26	17	56	7	61	57	59	21	23	15	56	40	42	55	40	62	50	15	68	15	12	15	24	25	37	17	18	50	46	57	38	60	67	25	24	10	5	40	43	71	19	22	64	11	46	36	29	0	49	61	13	37	22	51	50	69	70	29	14	53	28	43	13	15	38	36	21	53	38	48	30	46	68	51	43	62	31	37	28	37	44	32	35	61	20	46	19	70	20	56	55	65	11	17	60	66	46	33	61	58	27	25	63	26	7	38	71	11	18	30	2	42	15	18	25	36	70	67	53	50	55	62	52	67	47	42	22	28	25	40	60	38	22	44	
67	13	29	49	21	43	29	47	30	48	29	49	43	32	52	27	17	55	38	10	42	13	11	45	55	33	34	20	50	32	10	21	41	24	40	39	38	44	53	42	31	26	41	43	3	24	23	14	16	19	25	30	38	50	21	12	46	47	58	21	40	22	22	24	49	0	16	37	26	32	13	4	20	21	33	42	45	63	40	35	52	37	13	28	23	34	1	32	12	20	10	25	45	17	35	39	18	4	16	25	36	59	6	42	47	47	11	29	21	40	39	12	21	5	38	13	10	21	49	45	47	47	46	22	46	32	21	50	38	40	32	42	47	22	41	14	2	27	19	14	39	2	8	57	31	47	43	41	17	27	17	
82	20	44	54	17	59	45	63	46	61	42	62	58	47	53	26	12	70	47	20	54	9	21	60	70	41	45	33	51	31	21	24	54	18	54	50	52	58	67	58	38	29	49	58	18	22	13	22	25	7	35	45	50	63	24	28	58	54	72	28	54	21	27	32	61	16	0	48	29	40	28	18	17	18	49	56	60	78	40	47	67	54	28	41	37	35	16	37	15	19	9	25	59	31	51	55	34	18	31	29	49	73	22	57	60	62	5	43	27	50	47	15	5	15	54	9	6	36	65	59	62	61	47	14	56	46	36	62	37	49	46	48	63	11	53	28	13	41	27	10	51	16	18	72	47	63	43	56	34	41	32	
40	50	19	22	36	38	26	34	29	17	11	16	30	19	31	31	55	35	5	46	6	50	47	58	31	9	4	48	31	29	45	26	59	37	17	63	16	18	25	27	11	24	8	22	39	32	43	25	51	54	13	20	5	17	26	34	67	13	32	55	14	32	22	16	13	37	48	0	24	9	42	40	58	59	27	18	52	38	31	4	25	38	26	13	46	26	36	17	33	57	38	30	59	21	36	30	29	33	23	22	56	31	36	22	67	26	43	49	56	3	6	49	53	34	33	50	45	18	31	61	31	16	28	59	9	12	22	14	30	5	12	15	39	58	62	44	39	49	53	39	62	35	30	32	25	30	29	57	30	14	36	
64	39	32	25	13	53	37	53	40	41	25	40	48	35	26	6	39	56	21	36	30	34	38	65	54	14	24	45	24	7	36	5	63	13	38	63	35	40	49	46	12	0	22	42	29	8	20	12	43	36	15	34	28	41	5	32	70	26	55	47	36	8	4	10	37	26	29	24	0	15	38	30	43	44	41	39	62	62	14	25	48	50	24	26	46	7	25	8	15	44	21	5	65	21	47	46	32	23	23	3	59	55	29	42	70	47	26	51	47	26	21	37	32	21	47	34	29	24	51	66	50	40	19	43	29	29	27	38	12	23	29	19	56	40	64	39	26	50	45	19	63	24	18	55	38	50	16	62	32	27	36	
49	45	22	20	27	43	29	41	32	26	13	25	36	24	26	21	48	43	6	41	15	43	42	60	40	1	10	46	25	20	40	17	60	28	25	62	23	26	34	34	2	15	9	30	34	23	34	18	47	47	7	24	13	26	17	31	68	15	41	51	22	23	13	8	22	32	40	9	15	0	39	35	52	53	31	26	55	47	23	11	34	42	22	15	45	17	31	8	25	52	31	20	61	17	39	35	28	28	20	12	57	40	31	30	68	34	36	49	51	11	7	44	45	28	38	43	38	17	39	62	38	26	21	52	15	17	21	23	22	8	17	12	45	50	62	41	33	49	49	30	62	30	24	41	29	38	21	58	29	17	34	
63	12	27	59	35	34	24	41	24	48	32	50	37	30	63	40	23	50	44	8	46	20	8	32	52	40	38	7	61	44	7	33	27	38	38	25	37	43	51	37	39	38	47	40	10	37	37	26	9	29	31	28	42	51	33	8	33	54	54	13	40	36	34	33	51	13	28	42	38	39	0	10	23	23	28	40	32	59	53	39	50	28	16	30	9	46	14	42	25	21	24	38	31	21	26	33	14	15	19	36	22	56	9	39	34	43	24	15	14	45	45	15	33	18	30	20	22	24	44	31	41	48	57	27	51	33	21	53	50	46	33	51	39	30	27	2	15	13	11	28	26	15	20	53	26	42	54	28	13	29	8	
67	10	29	53	26	42	29	47	30	49	31	51	42	33	56	31	17	55	41	6	44	12	7	42	56	36	36	16	54	36	5	25	37	28	40	35	38	45	54	42	34	30	44	43	1	28	27	18	12	20	28	30	41	52	25	10	42	50	58	17	42	26	26	27	50	4	18	40	30	35	10	0	18	19	33	43	42	63	45	37	53	36	14	29	19	38	5	36	16	17	13	29	41	19	33	39	17	7	18	29	32	59	5	42	44	47	14	25	17	43	42	9	23	9	36	12	12	23	49	41	46	49	50	21	49	33	21	52	42	43	33	46	46	22	37	10	5	23	15	18	35	6	12	57	31	47	47	38	17	29	14	
85	11	48	68	34	58	47	64	47	68	49	70	60	51	69	42	5	73	58	14	63	9	14	51	74	53	54	25	67	47	16	38	44	35	59	39	57	64	73	60	51	43	61	62	19	38	30	34	15	12	45	49	59	71	38	28	47	67	76	16	60	37	41	44	69	20	17	58	43	52	23	18	0	1	51	61	54	82	56	56	72	52	33	48	29	50	21	51	28	3	22	40	50	37	49	56	35	24	36	43	39	78	23	61	49	66	18	35	14	61	59	8	18	24	53	9	14	42	67	49	64	68	63	5	66	52	40	71	54	60	52	62	63	10	42	22	19	32	16	25	40	22	28	76	49	65	59	47	35	47	31	
86	11	48	69	35	58	47	64	47	68	50	70	60	51	70	43	6	73	59	15	64	10	14	50	74	54	55	24	68	48	16	39	43	37	59	38	58	64	73	60	52	44	62	62	20	39	32	35	14	13	46	49	60	71	39	28	46	68	77	15	61	38	42	45	70	21	18	59	44	53	23	19	1	0	51	62	53	82	57	56	72	51	34	49	29	51	22	52	29	2	23	42	49	38	49	56	36	25	37	44	38	78	24	61	48	66	19	34	13	61	60	9	20	25	53	10	15	42	67	48	64	68	64	6	67	52	41	71	55	61	52	63	63	11	41	22	20	32	15	26	39	23	29	76	49	65	60	46	35	48	31	
34	40	9	50	47	12	4	13	4	23	17	26	9	7	58	47	50	22	32	36	27	46	36	31	24	33	23	30	57	48	34	40	33	49	13	39	13	18	24	9	33	41	35	13	32	46	52	33	38	53	26	7	24	27	40	22	42	41	26	40	17	45	37	31	29	33	49	27	41	31	28	33	51	51	0	15	24	31	53	23	23	10	21	16	26	47	33	38	38	49	41	45	33	21	8	5	15	30	19	38	32	28	28	12	41	15	44	27	42	29	33	42	55	34	6	46	44	17	16	34	13	23	53	54	34	15	14	31	52	32	15	42	15	56	38	30	36	28	38	44	38	33	32	25	3	14	53	30	16	14	20	
25	51	13	40	49	22	17	17	19	8	14	11	13	10	49	46	59	17	23	47	14	55	47	45	14	27	16	44	49	45	46	40	49	50	2	54	4	3	11	10	28	39	25	4	42	46	56	36	50	61	24	12	13	12	40	33	57	29	16	53	4	46	36	29	14	42	56	18	39	26	40	43	61	62	15	0	38	22	49	15	10	24	28	15	41	43	41	34	42	60	47	44	47	25	23	14	26	38	25	36	47	16	38	5	56	8	51	42	55	18	24	52	62	41	19	55	52	20	13	49	13	8	46	64	22	10	21	16	48	22	10	33	22	64	53	42	44	43	51	49	53	41	38	16	15	12	47	45	27	14	32	
48	43	33	74	64	16	26	25	22	46	42	50	26	32	82	66	55	35	56	41	51	53	40	8	40	56	48	29	80	69	40	59	15	66	37	23	37	41	43	28	56	62	60	34	42	64	68	51	39	61	49	31	48	50	59	33	22	65	42	38	41	63	57	53	53	45	60	52	62	55	32	42	54	53	24	38	0	44	76	48	43	14	38	40	24	68	45	61	54	51	55	64	11	40	16	24	30	44	38	59	17	45	39	34	20	35	56	19	41	54	58	47	65	48	19	53	54	38	31	13	29	46	77	58	59	39	34	55	74	57	39	67	20	62	20	32	47	21	38	59	22	46	48	41	26	30	76	10	29	38	28	
4	71	34	58	72	28	35	19	34	21	37	24	22	31	68	68	80	9	43	67	33	76	67	52	8	48	37	61	68	68	65	63	58	73	24	65	26	21	13	21	50	62	45	20	63	69	78	58	69	83	47	33	33	23	63	53	66	47	6	71	26	68	59	52	28	63	78	38	62	47	59	63	82	82	31	22	44	0	70	36	13	34	50	37	56	65	62	55	65	80	69	67	55	47	35	25	46	60	47	59	59	8	58	21	64	16	73	55	73	38	44	73	84	63	30	76	74	42	14	57	17	22	66	85	39	33	42	29	69	42	33	53	24	86	63	61	65	57	69	71	64	62	60	6	32	17	67	54	47	37	51	
71	53	44	18	22	65	50	64	54	48	36	46	59	46	14	13	51	66	26	51	36	47	52	79	62	22	33	60	12	8	50	19	78	21	48	78	46	49	56	57	21	14	25	53	44	18	28	26	57	46	27	46	36	47	19	46	85	26	63	61	45	19	19	22	43	40	40	31	14	23	53	45	56	57	53	49	76	70	0	34	56	63	38	37	60	7	40	15	29	57	34	15	80	35	60	58	46	38	38	17	74	62	43	53	85	57	38	66	61	31	25	50	42	35	60	47	41	37	62	81	61	47	8	54	32	40	41	42	2	27	40	18	68	50	79	54	40	65	60	30	78	38	32	63	50	61	4	77	47	39	51	
39	47	15	26	37	34	22	31	25	16	7	15	26	15	35	32	53	32	8	43	7	48	44	53	28	12	1	44	34	31	42	27	55	38	14	59	12	15	23	24	13	25	12	19	36	33	43	25	48	53	12	16	3	16	27	31	63	17	30	52	11	33	23	16	13	35	47	4	25	11	39	37	56	56	23	15	48	36	34	0	23	34	23	9	42	28	34	19	32	55	37	30	55	18	31	25	25	31	20	22	52	29	33	19	62	23	42	45	53	6	10	47	52	32	29	48	44	15	28	57	27	15	31	57	12	8	18	15	33	9	8	19	35	56	58	41	37	45	50	38	58	33	29	30	21	27	32	53	26	10	32	
15	61	23	45	59	26	26	17	27	8	25	11	17	20	55	55	70	11	30	57	20	65	58	50	6	35	24	53	55	54	56	50	55	60	12	62	14	8	1	15	36	48	32	10	52	56	66	46	60	72	34	22	20	10	50	43	63	34	7	63	13	55	46	39	15	52	67	25	48	34	50	53	72	72	23	10	43	13	56	23	0	30	39	25	50	51	52	42	53	70	58	54	53	36	30	20	36	49	36	46	55	6	48	11	62	8	62	50	65	25	31	63	72	51	25	65	63	31	11	55	13	9	53	74	26	21	31	17	56	29	21	40	23	75	60	52	54	51	61	59	61	51	48	7	24	13	54	51	37	25	42	
38	40	19	60	55	6	13	14	9	32	28	36	13	18	68	55	52	24	42	37	37	48	37	21	29	43	34	28	67	57	36	48	25	57	23	32	23	27	31	15	43	50	46	21	35	54	59	41	37	56	36	18	34	36	48	25	33	51	31	39	27	53	45	40	38	37	54	38	50	42	28	36	52	51	10	24	14	34	63	34	30	0	28	26	23	56	37	48	45	49	47	53	23	29	3	10	20	35	27	47	25	34	31	20	32	22	49	21	41	40	44	44	59	39	5	48	48	25	20	25	17	32	63	56	45	25	22	41	61	43	25	53	11	58	30	29	40	23	37	50	31	38	39	30	13	18	63	21	20	25	21	
53	24	15	42	27	32	17	35	19	34	16	36	30	19	47	28	31	42	27	20	30	26	21	41	42	24	22	23	46	31	19	21	39	29	26	40	24	31	40	29	22	24	31	29	13	26	31	13	25	33	15	17	26	37	21	8	46	37	44	29	27	25	19	17	36	13	28	26	24	22	16	14	33	34	21	28	38	50	38	23	39	28	0	14	22	31	12	26	17	32	20	26	41	5	25	27	8	9	3	21	35	45	10	29	46	33	23	27	30	29	28	24	34	13	26	26	24	8	36	42	34	34	41	35	35	18	7	37	36	29	18	34	36	36	41	18	15	26	27	23	40	12	11	43	18	34	39	38	8	14	12	
40	39	6	34	34	28	13	27	17	20	2	21	22	9	42	32	46	31	17	34	16	41	35	45	29	17	8	35	41	33	33	25	46	36	13	49	10	16	26	20	17	26	20	17	28	32	41	21	39	47	11	8	12	22	25	22	54	26	31	43	12	31	22	16	21	28	41	13	26	15	30	29	48	49	16	15	40	37	37	9	25	26	14	0	33	31	27	22	27	47	32	30	46	10	23	20	16	24	11	23	43	31	25	17	53	21	36	36	44	16	18	39	47	26	22	41	38	6	25	48	24	19	37	50	22	4	9	23	36	18	4	27	30	50	49	32	30	36	41	34	49	26	23	31	13	24	37	44	17	1	23	
60	18	29	65	44	30	24	37	22	49	35	52	34	31	70	49	31	47	49	17	49	29	16	23	50	46	42	5	68	52	16	42	18	47	39	17	38	44	50	35	45	46	52	39	19	46	46	34	14	37	37	29	45	53	42	14	24	59	52	15	42	44	41	39	53	23	37	46	46	45	9	19	29	29	26	41	24	56	60	42	50	23	22	33	0	53	23	49	34	27	33	46	22	27	21	31	17	23	24	43	13	55	17	38	25	42	33	6	17	49	50	23	42	27	26	29	31	28	42	22	39	49	64	34	55	35	24	55	58	50	35	57	35	38	18	9	24	4	14	37	17	24	29	51	26	39	62	19	16	32	10	
67	47	37	19	18	59	43	58	47	43	30	42	53	40	18	9	46	60	21	44	32	41	45	72	57	16	27	53	16	4	44	12	70	17	42	71	40	43	51	51	15	7	21	47	37	13	24	19	50	42	20	39	31	43	12	39	78	24	58	55	39	14	12	15	38	34	35	26	7	17	46	38	50	51	47	43	68	65	7	28	51	56	31	31	53	0	33	9	22	51	28	10	73	28	53	51	39	31	30	10	66	57	36	47	78	51	32	59	55	27	21	44	38	29	53	41	36	30	56	74	55	43	12	49	29	34	34	38	5	23	34	16	61	46	72	47	34	58	53	25	71	31	25	58	44	55	8	70	39	32	44	
66	14	28	48	21	43	28	47	30	47	28	48	42	31	51	26	18	54	37	11	41	13	12	45	55	32	33	21	49	31	10	20	41	23	39	39	37	43	52	42	30	25	40	42	4	23	23	13	17	20	24	29	37	50	20	12	47	46	57	21	39	22	21	23	48	1	16	36	25	31	14	5	21	22	33	41	45	62	40	34	52	37	12	27	23	33	0	31	11	21	10	24	45	16	34	39	17	3	15	24	36	58	6	41	48	46	11	29	21	39	38	13	22	4	37	13	11	21	49	45	46	47	45	23	45	31	20	49	37	39	31	41	47	23	41	15	2	27	20	14	40	1	7	56	30	47	42	42	17	26	17	
57	45	29	17	22	50	35	49	39	34	21	33	44	31	21	14	47	51	13	42	23	42	43	66	48	7	18	49	19	12	41	13	65	22	33	66	31	34	42	42	6	8	13	38	35	17	29	17	48	44	12	31	21	34	13	35	72	17	49	52	30	17	10	9	30	32	37	17	8	8	42	36	51	52	38	34	61	55	15	19	42	48	26	22	49	9	31	0	23	51	29	14	67	21	46	42	33	28	24	8	61	48	33	38	72	42	34	53	53	18	12	43	41	27	45	42	37	23	47	68	46	33	15	51	21	25	27	30	14	15	25	11	52	48	67	43	32	53	51	27	66	30	23	49	36	46	14	64	33	24	38	
68	24	31	40	10	49	34	52	36	47	28	47	47	34	41	15	24	58	31	22	39	19	23	56	57	25	30	32	39	20	21	10	52	12	40	51	38	44	53	46	23	15	34	44	15	12	14	7	28	21	20	33	35	49	10	21	58	39	59	32	40	10	13	17	46	12	15	33	15	25	25	16	28	29	38	42	54	65	29	32	53	45	17	27	34	22	11	23	0	28	6	13	55	17	42	44	25	10	18	15	47	59	16	44	59	49	11	40	32	35	32	21	20	7	43	19	14	22	52	56	50	46	35	28	40	32	24	47	26	34	32	34	53	25	52	26	11	38	31	6	51	10	6	58	35	50	31	52	25	28	26	
84	9	46	68	35	55	45	62	45	67	49	68	58	50	70	43	7	71	58	13	62	10	12	48	72	53	54	22	68	48	14	39	41	37	58	36	56	63	71	58	51	44	61	60	18	39	32	34	12	14	45	47	58	70	39	26	44	67	75	13	59	38	41	44	68	20	19	57	44	52	21	17	3	2	49	60	51	80	57	55	70	49	32	47	27	51	21	51	28	0	23	41	47	37	47	54	34	24	35	43	36	76	22	59	46	64	19	32	11	60	59	8	21	24	51	10	15	41	65	46	62	66	63	8	66	51	39	70	55	60	51	62	60	13	39	19	19	30	13	26	37	22	28	74	47	63	60	44	33	46	29	
73	20	35	46	12	52	37	55	39	52	33	53	50	38	46	20	18	62	37	18	44	13	20	55	61	32	36	30	44	25	18	16	51	14	45	49	43	49	58	49	29	21	40	49	13	16	13	13	24	15	25	36	41	54	16	22	56	45	63	29	45	14	19	23	51	10	9	38	21	31	24	13	22	23	41	47	55	69	34	37	58	47	20	32	33	28	10	29	6	23	0	18	55	22	44	47	26	11	22	21	46	64	16	48	57	53	5	39	28	41	38	16	14	7	46	13	8	27	56	55	54	51	40	22	46	36	27	52	31	40	36	40	56	19	51	24	8	37	27	4	49	9	9	63	38	54	37	52	26	32	27	
69	38	36	29	8	57	41	57	44	47	30	46	52	39	28	2	36	61	26	35	36	31	37	67	59	20	29	45	26	6	35	5	64	8	43	64	40	45	54	50	18	5	27	47	29	3	15	13	42	32	19	38	34	47	5	33	71	31	60	46	41	4	8	14	43	25	25	30	5	20	38	29	40	42	45	44	64	67	15	30	54	53	26	30	46	10	24	14	13	41	18	0	67	24	50	50	34	23	26	8	60	60	29	47	71	52	22	52	46	31	26	34	28	20	51	31	26	28	56	68	54	46	22	39	35	34	31	43	13	29	34	24	60	36	65	39	25	51	44	15	64	23	17	60	42	55	18	64	34	31	38	
59	40	40	81	66	27	33	36	30	55	48	59	36	40	87	69	52	46	63	39	60	51	38	3	51	62	55	26	86	72	38	62	5	68	46	14	46	50	54	38	62	65	67	44	41	67	68	54	35	59	54	39	56	60	62	34	11	73	53	33	50	65	61	58	62	45	59	59	65	61	31	41	50	49	33	47	11	55	80	55	53	23	41	46	22	73	45	67	55	47	55	67	0	45	24	33	33	45	42	63	10	56	39	43	9	45	55	16	36	62	65	45	64	49	28	51	53	43	42	2	39	56	82	54	67	47	39	64	78	64	47	73	31	59	10	31	46	18	33	59	12	46	50	52	34	40	81	3	33	45	29	
51	29	13	37	26	33	17	34	20	31	12	32	29	17	43	26	35	40	22	25	25	30	26	44	39	19	17	28	41	28	24	19	43	28	23	45	21	27	36	28	18	21	25	27	18	25	31	12	30	36	10	15	21	33	19	13	50	32	41	34	23	24	16	12	31	17	31	21	21	17	21	19	37	38	21	25	40	47	35	18	36	29	5	10	27	28	16	21	17	37	22	24	45	0	26	26	11	13	2	18	39	42	15	26	50	31	26	31	35	24	23	29	36	15	27	30	27	5	34	46	32	30	37	39	30	15	7	33	33	24	15	30	36	39	45	23	19	31	32	24	44	16	12	41	18	33	35	42	12	10	17	
39	38	17	58	52	8	10	15	6	31	25	35	13	16	66	52	49	25	40	35	35	46	34	22	29	40	31	26	65	54	33	45	25	54	21	32	21	26	31	15	40	47	43	20	33	51	56	38	35	54	33	15	32	35	45	22	34	49	31	37	25	50	42	37	37	35	51	36	47	39	26	33	49	49	8	23	16	35	60	31	30	3	25	23	21	53	34	46	42	47	44	50	24	26	0	10	17	32	24	44	25	34	29	19	32	22	46	20	39	38	41	41	57	36	5	46	45	23	20	26	17	31	61	53	43	23	19	39	59	41	23	50	13	56	30	27	37	22	35	47	31	35	36	30	10	18	60	22	17	22	18	
29	45	14	52	53	8	10	8	9	21	21	25	3	11	61	52	55	16	34	41	28	51	41	31	19	36	26	35	60	53	40	45	35	54	13	42	14	17	21	5	37	46	38	10	38	51	58	38	43	59	31	12	25	26	45	28	43	43	21	45	17	50	42	36	28	39	55	30	46	35	33	39	56	56	5	14	24	25	58	25	20	10	27	20	31	51	39	42	44	54	47	50	33	26	10	0	21	36	25	43	35	24	34	9	42	12	50	30	47	31	36	48	61	40	5	51	50	22	11	35	8	22	57	60	36	18	19	31	56	34	18	45	10	61	40	35	41	31	43	50	41	39	38	20	8	8	57	32	22	19	25	
50	25	13	48	35	25	11	29	12	33	18	36	24	16	54	36	34	37	32	21	32	30	21	33	38	30	25	19	53	39	19	29	31	37	24	34	22	29	37	24	29	32	35	26	17	34	39	21	24	38	21	13	28	37	29	7	39	42	41	27	26	33	27	24	37	18	34	29	32	28	14	17	35	36	15	26	30	46	46	25	36	20	8	16	17	39	17	33	25	34	26	34	33	11	17	21	0	15	8	29	28	42	12	25	39	30	29	20	28	32	33	27	40	19	19	30	29	11	31	35	29	33	48	38	38	19	7	39	44	33	19	40	29	40	34	16	20	20	25	30	33	18	19	40	13	29	47	30	1	15	7	
63	17	25	46	21	41	26	44	28	44	25	45	39	29	49	25	21	52	34	13	38	17	14	45	52	29	30	22	47	29	13	19	41	23	36	40	34	40	49	39	27	23	37	39	6	22	24	11	19	23	21	26	34	46	19	11	48	43	54	24	36	21	19	20	44	4	18	33	23	28	15	7	24	25	30	38	44	60	38	31	49	35	9	24	23	31	3	28	10	24	11	23	45	13	32	36	15	0	12	21	37	55	5	38	48	43	13	29	24	36	35	16	24	4	35	17	14	18	46	45	43	43	43	26	42	28	17	46	36	36	28	39	45	26	42	16	5	28	22	15	41	2	5	53	28	44	40	42	15	23	16	
50	27	12	40	28	31	15	33	18	31	13	33	28	16	45	28	34	39	25	23	27	29	24	41	39	21	19	25	44	31	22	21	40	30	23	42	21	28	37	27	20	23	28	26	17	27	33	14	28	36	13	14	23	34	21	11	48	34	41	32	24	26	19	15	32	16	31	23	23	20	19	18	36	37	19	25	38	47	38	20	36	27	3	11	24	30	15	24	18	35	22	26	42	2	24	25	8	12	0	21	36	42	13	26	48	31	26	29	33	26	26	27	37	15	25	29	26	5	34	43	31	31	40	38	32	15	5	34	36	26	15	32	34	39	42	21	18	28	30	25	42	15	13	41	16	32	38	39	9	11	14	
61	38	29	25	15	50	34	50	37	38	22	38	45	32	27	9	39	53	19	35	28	34	36	62	51	12	21	43	25	10	34	5	60	15	35	61	32	37	46	43	10	3	20	40	28	10	22	10	41	36	12	31	26	39	5	29	68	25	52	46	33	10	2	7	35	25	29	22	3	12	36	29	43	44	38	36	59	59	17	22	46	47	21	23	43	10	24	8	15	43	21	8	63	18	44	43	29	21	21	0	56	52	27	39	68	44	26	49	46	24	19	36	33	20	44	34	29	21	48	64	47	38	21	43	28	26	25	36	15	21	26	19	53	40	62	37	25	48	44	19	61	22	16	52	35	47	18	60	30	24	34	
63	30	38	77	58	30	31	39	28	55	45	59	38	38	82	62	42	49	60	29	58	41	28	12	54	58	52	16	81	66	28	55	5	60	46	7	45	50	56	40	57	59	63	45	32	59	59	47	25	49	49	37	54	60	55	27	11	69	56	23	49	58	54	52	61	36	49	56	59	57	22	32	39	38	32	47	17	59	74	52	55	25	35	43	13	66	36	61	47	36	46	60	10	39	25	35	28	37	36	56	0	59	31	44	11	47	46	7	25	59	61	35	54	40	30	41	43	39	45	10	42	56	77	44	65	44	35	63	72	61	44	69	35	49	5	21	37	8	23	50	6	38	42	55	33	43	75	8	27	42	22	
9	67	30	50	66	29	31	20	32	13	31	16	21	26	60	61	76	11	35	63	25	72	64	53	5	41	30	59	60	60	62	56	59	67	19	66	21	15	5	19	42	55	37	16	58	62	72	52	66	78	40	28	26	15	56	49	67	39	3	69	19	62	52	45	20	59	73	31	55	40	56	59	78	78	28	16	45	8	62	29	6	34	45	31	55	57	58	48	59	76	64	60	56	42	34	24	42	55	42	52	59	0	54	17	65	12	68	54	70	30	36	69	79	58	29	72	69	37	14	58	17	14	58	81	31	27	37	21	61	34	27	45	25	81	64	58	61	56	67	66	65	58	55	4	29	16	59	55	43	31	48	
62	14	24	50	26	37	24	42	25	44	26	46	37	28	54	31	22	50	37	10	40	17	11	39	51	32	32	16	52	35	9	24	35	29	35	35	34	40	49	37	31	29	40	38	4	28	29	17	15	25	24	25	36	47	24	6	42	46	53	19	37	26	25	24	46	6	22	36	29	31	9	5	23	24	28	38	39	58	43	33	48	31	10	25	17	36	6	33	16	22	16	29	39	15	29	34	12	5	13	27	31	54	0	37	42	42	17	23	20	39	38	14	27	9	32	17	16	18	44	40	41	44	48	26	45	28	17	48	41	39	28	43	42	27	36	10	8	22	17	20	35	7	11	52	26	42	45	36	12	24	11	
24	50	13	45	52	17	14	12	16	12	17	16	8	9	54	49	59	13	27	46	19	55	47	41	13	31	20	42	53	49	45	43	45	53	5	51	7	7	12	5	32	42	30	1	42	49	58	38	49	62	27	12	18	16	43	32	53	34	15	52	8	48	39	32	19	42	57	22	42	30	39	42	61	61	12	5	34	21	53	19	11	20	29	17	38	47	41	38	44	59	48	47	43	26	19	9	25	38	26	39	44	17	37	0	52	5	52	39	53	23	29	52	63	41	14	55	53	21	9	45	8	12	50	64	27	13	21	21	52	27	13	38	17	65	49	41	44	40	50	50	50	41	39	14	12	8	51	41	26	16	31	
68	40	48	87	69	36	41	45	38	64	56	68	44	48	94	74	52	55	70	40	68	51	39	12	60	69	62	27	92	77	39	67	7	72	54	10	54	59	63	47	68	70	74	53	44	71	71	59	35	59	60	47	64	68	67	38	2	80	62	33	58	69	66	63	70	47	60	67	70	68	34	44	49	48	41	56	20	64	85	62	62	32	46	53	25	78	48	72	59	46	57	71	9	50	32	42	39	48	48	68	11	65	42	52	0	54	57	19	35	69	72	45	64	52	37	51	54	50	51	7	48	64	88	54	75	54	46	72	83	71	54	80	40	59	7	33	49	20	33	62	9	49	54	61	42	49	86	10	38	52	34	
19	55	18	48	56	18	19	10	19	12	22	16	9	14	57	53	64	9	31	51	22	60	51	42	8	35	24	46	57	53	49	47	47	58	9	54	11	8	9	7	36	47	33	4	46	54	63	42	53	67	32	16	21	16	47	37	55	37	10	56	12	53	43	37	20	47	62	26	47	34	43	47	66	66	15	8	35	16	57	23	8	22	33	21	42	51	46	42	49	64	53	52	45	31	22	12	30	43	31	44	47	12	42	5	54	0	57	42	58	26	32	57	68	46	17	60	58	26	5	47	6	12	54	69	29	18	26	22	56	30	18	41	16	70	52	45	49	43	54	55	53	46	44	10	17	5	55	43	31	21	35	
77	18	39	51	16	54	40	58	42	57	37	57	53	42	51	24	13	65	43	17	49	8	18	56	65	37	41	29	49	29	17	21	50	18	49	48	47	53	62	53	34	26	45	53	14	20	14	18	22	10	30	40	46	59	21	23	55	50	67	26	49	18	24	28	56	11	5	43	26	36	24	14	18	19	44	51	56	73	38	42	62	49	23	36	33	32	11	34	11	19	5	22	55	26	46	50	29	13	26	26	46	68	17	52	57	57	0	39	25	46	43	13	10	10	49	8	3	31	60	55	57	56	45	17	51	41	31	57	36	45	41	45	59	14	50	24	9	37	25	7	48	11	13	67	42	58	41	52	29	36	28	
59	24	31	69	50	27	25	36	23	50	38	53	33	32	75	54	36	46	52	23	51	35	22	17	50	50	45	10	73	58	22	47	12	52	40	13	39	45	51	35	49	51	56	40	25	51	52	39	19	43	42	30	47	54	47	19	19	62	52	19	43	50	47	44	55	29	43	49	51	49	15	25	35	34	27	42	19	55	66	45	50	21	27	36	6	59	29	53	40	32	39	52	16	31	20	30	20	29	29	49	7	54	23	39	19	42	39	0	21	52	54	29	48	33	25	35	37	31	41	16	38	50	69	39	58	37	27	57	64	54	37	61	32	43	13	15	30	2	18	43	13	30	34	51	27	39	67	13	20	34	14	
77	7	42	70	41	47	39	54	38	62	46	65	51	44	73	48	17	64	57	10	60	17	9	37	66	53	52	12	71	52	11	42	30	43	53	25	51	58	66	51	51	47	60	54	18	44	40	35	5	24	44	42	56	66	42	22	33	66	68	2	55	42	43	44	65	21	27	56	47	51	14	17	14	13	42	55	41	73	61	53	65	41	30	44	17	55	21	53	32	11	28	46	36	35	39	47	28	24	33	46	25	70	20	53	35	58	25	21	0	59	58	12	30	25	43	17	22	38	58	35	55	62	67	19	65	47	35	67	59	59	47	63	52	24	28	12	21	19	3	32	26	23	29	67	41	56	64	33	27	43	22	
40	53	21	21	38	40	28	35	32	17	13	14	31	21	30	32	57	35	5	49	5	52	50	60	31	11	7	51	30	30	48	29	61	39	18	65	17	18	25	29	13	26	7	23	42	34	46	28	54	57	15	22	5	16	29	37	70	11	32	58	14	34	24	18	11	40	50	3	26	11	45	43	61	61	29	18	54	38	31	6	25	40	29	16	49	27	39	18	35	60	41	31	62	24	38	31	32	36	26	24	59	30	39	23	69	26	46	52	59	0	6	52	55	37	35	52	48	21	32	63	31	16	28	62	6	15	25	12	31	4	15	15	40	61	65	47	41	52	56	41	65	38	33	32	27	31	29	59	33	17	39	
46	52	24	16	34	44	31	41	35	23	16	20	36	25	25	27	55	41	1	48	11	50	49	63	37	6	10	51	24	25	47	24	64	34	24	67	22	24	31	34	8	21	2	28	41	29	41	25	53	54	14	26	11	22	24	37	72	8	38	57	20	30	20	15	17	39	47	6	21	7	45	42	59	60	33	24	58	44	25	10	31	44	28	18	50	21	38	12	32	59	38	26	65	23	41	36	33	35	26	19	61	36	38	29	72	32	43	54	58	6	0	51	52	35	39	50	46	22	37	66	37	22	22	60	8	18	26	17	25	2	18	9	45	58	67	47	40	54	55	38	67	37	31	38	31	37	23	62	34	19	40	
77	5	39	61	29	50	38	55	38	59	41	61	51	42	62	36	8	64	50	6	54	6	7	46	65	45	46	19	61	41	8	31	40	31	50	35	48	55	64	51	43	37	53	53	10	32	27	26	10	14	37	40	50	62	31	19	43	59	68	13	51	31	33	36	60	12	15	49	37	44	15	9	8	9	42	52	47	73	50	47	63	44	24	39	23	44	13	43	21	8	16	34	45	29	41	48	27	16	27	36	35	69	14	52	45	57	13	29	12	52	51	0	19	16	45	6	10	33	58	45	55	59	56	12	58	43	31	62	48	52	43	54	55	14	38	14	11	27	12	20	36	14	20	67	40	56	53	42	26	39	22	
87	24	49	57	20	65	51	69	52	67	48	67	64	53	56	29	13	76	51	25	59	13	26	65	76	45	51	38	54	34	26	28	59	21	60	55	58	64	73	64	43	32	53	63	24	25	14	27	29	6	40	51	56	69	28	34	63	58	78	32	60	24	31	37	66	21	5	53	32	45	33	23	18	20	55	62	65	84	42	52	72	59	34	47	42	38	22	41	20	21	14	28	64	36	57	61	40	24	37	33	54	79	27	63	64	68	10	48	30	55	52	19	0	21	59	13	11	41	71	64	68	66	50	14	60	51	42	67	40	54	51	52	69	9	57	33	19	46	31	14	55	21	24	77	53	69	46	61	39	47	38	
66	18	28	45	17	44	29	48	31	46	27	47	43	32	47	22	20	55	34	15	39	15	16	49	55	29	31	25	45	27	15	16	45	19	38	44	36	43	52	42	27	21	37	42	8	19	20	10	21	20	21	30	36	48	16	15	51	43	57	26	39	17	18	20	46	5	15	34	21	28	18	9	24	25	34	41	48	63	35	32	51	39	13	26	27	29	4	27	7	24	7	20	49	15	36	40	19	4	15	20	40	58	9	41	52	46	10	33	25	37	35	16	21	0	39	15	11	20	49	49	47	46	41	25	42	30	20	47	33	36	30	38	49	24	45	19	5	31	24	11	44	2	4	56	31	47	38	45	19	26	20	
34	42	15	56	53	6	10	10	7	26	24	30	8	13	64	53	53	20	38	38	32	49	38	26	24	39	29	31	63	54	37	46	30	55	18	37	18	21	26	10	39	47	41	15	36	52	58	39	39	57	32	13	29	31	46	26	38	46	26	41	22	51	43	37	33	38	54	33	47	38	30	36	53	53	6	19	19	30	60	29	25	5	26	22	26	53	37	45	43	51	46	51	28	27	5	5	19	35	25	44	30	29	32	14	37	17	49	25	43	35	39	45	59	39	0	49	48	23	15	30	12	27	60	57	40	21	20	35	58	38	21	48	9	59	35	31	40	27	40	49	36	38	38	25	9	13	59	26	20	21	22	
80	11	42	59	25	54	41	59	42	61	42	62	55	45	60	33	5	67	49	12	55	0	13	52	68	44	46	25	58	38	13	29	46	26	53	41	51	57	66	55	42	34	52	56	13	29	22	25	16	8	37	43	51	63	29	23	50	58	70	19	53	27	32	35	61	13	9	50	34	43	20	12	9	10	46	55	53	76	47	48	65	48	26	41	29	41	13	42	19	10	13	31	51	30	46	51	30	17	29	34	41	72	17	55	51	60	8	35	17	52	50	6	13	15	49	0	5	34	62	51	59	60	53	9	58	45	34	63	44	51	45	53	59	10	44	20	11	33	18	16	42	14	19	70	43	60	50	48	29	40	27	
77	14	39	54	19	54	40	58	41	58	39	59	53	43	54	27	10	66	45	14	51	5	15	54	66	39	42	27	52	32	15	24	48	21	50	45	48	54	63	53	37	29	47	53	12	23	17	20	19	9	32	41	47	60	24	22	53	53	68	23	50	22	27	30	58	10	6	45	29	38	22	12	14	15	44	52	54	74	41	44	63	48	24	38	31	36	11	37	14	15	8	26	53	27	45	50	29	14	26	29	43	69	16	53	54	58	3	37	22	48	46	10	11	11	48	5	0	32	60	53	57	57	48	14	54	42	31	59	39	47	42	48	58	12	47	22	8	35	22	11	45	11	15	67	42	58	44	50	28	37	27	
46	32	8	37	31	29	13	29	16	26	8	27	24	12	44	30	39	35	21	28	22	34	29	42	34	19	14	29	42	31	27	23	42	32	18	45	16	22	31	23	18	24	24	22	22	29	36	16	33	41	10	10	18	29	23	16	50	30	36	37	18	28	20	14	27	21	36	18	24	17	24	23	42	42	17	20	38	42	37	15	31	25	8	6	28	30	21	23	22	41	27	28	43	5	23	22	11	18	5	21	39	37	18	21	50	26	31	31	38	21	22	33	41	20	23	34	32	0	29	45	27	25	38	44	27	10	4	29	36	22	10	29	32	44	45	26	23	31	35	29	44	20	17	36	14	28	37	41	12	5	18	
18	56	21	53	60	15	20	6	20	17	26	21	7	17	62	58	66	5	36	52	27	62	52	39	9	40	29	46	62	58	51	51	45	62	14	52	16	13	12	7	41	51	39	9	48	58	66	46	54	69	36	19	26	21	51	38	53	42	11	56	17	57	48	41	25	49	65	31	51	39	44	49	67	67	16	13	31	14	62	28	11	20	36	25	42	56	49	47	52	65	56	56	42	34	20	11	31	46	34	48	45	14	44	9	51	5	60	41	58	32	37	58	71	49	15	62	60	29	0	44	3	18	59	70	34	22	28	27	61	35	22	47	12	72	50	46	51	42	55	59	51	49	47	10	18	2	60	41	32	25	36	
61	40	42	82	67	29	35	38	31	57	50	61	38	42	89	70	52	48	65	39	61	51	38	5	53	64	57	26	87	73	38	63	5	69	48	12	48	52	56	40	63	66	68	46	42	68	69	55	35	59	55	41	58	62	63	35	9	74	55	33	52	66	62	59	63	45	59	61	66	62	31	41	49	48	34	49	13	57	81	57	55	25	42	48	22	74	45	68	56	46	55	68	2	46	26	35	35	45	43	64	10	58	40	45	7	47	55	16	35	63	66	45	64	49	30	51	53	45	44	0	41	57	83	54	69	48	41	66	79	66	48	74	33	59	9	31	47	18	33	60	11	47	51	54	36	42	82	4	34	46	30	
21	53	19	53	58	12	17	4	17	18	25	22	4	15	62	56	63	8	36	49	27	59	49	36	12	39	28	43	62	57	48	50	42	60	13	49	15	14	14	4	40	50	38	8	46	56	64	44	51	66	35	17	26	22	50	36	50	42	14	53	17	55	46	40	26	47	62	31	50	38	41	46	64	64	13	13	29	17	61	27	13	17	34	24	39	55	46	46	50	62	54	54	39	32	17	8	29	43	31	47	42	17	41	8	48	6	57	38	55	31	37	55	68	47	12	59	57	27	3	41	0	19	59	67	35	21	26	28	60	35	21	46	10	69	47	43	49	39	51	56	48	46	45	13	15	1	59	38	29	23	33	
24	58	20	36	52	30	25	23	27	1	18	3	20	18	46	47	65	19	21	54	11	60	54	53	15	26	16	52	46	46	52	42	57	53	10	62	11	5	9	18	28	40	23	11	48	48	59	39	57	66	27	20	12	4	42	40	65	25	16	61	7	48	38	31	7	47	61	16	40	26	48	49	68	68	23	8	46	22	47	15	9	32	34	19	49	43	47	33	46	66	51	46	56	30	31	22	33	43	31	38	56	14	44	12	64	12	56	50	62	16	22	59	66	46	27	60	57	25	18	57	19	0	44	70	17	15	27	9	47	20	15	31	29	70	61	50	49	51	59	53	62	46	42	16	23	18	45	54	34	20	40	
67	59	44	10	30	65	51	62	54	45	35	42	58	46	6	21	58	63	23	56	33	53	57	81	59	20	31	64	4	16	55	24	80	29	45	82	44	46	53	55	20	19	21	50	49	25	36	31	62	54	28	46	33	43	24	50	88	19	60	67	42	26	23	24	38	46	47	28	19	21	57	50	63	64	53	46	77	66	8	31	53	63	41	37	64	12	45	15	35	63	40	22	82	37	61	57	48	43	40	21	77	58	48	50	88	54	45	69	67	28	22	56	50	41	60	53	48	38	59	83	59	44	0	61	27	39	43	37	10	24	39	13	67	58	82	58	46	68	65	37	82	43	37	60	50	59	4	79	49	38	54	
88	15	51	68	32	62	50	67	50	70	51	72	63	54	68	41	4	76	59	18	64	9	18	56	77	53	56	29	66	46	20	38	49	33	62	44	60	66	75	63	51	43	61	65	22	36	28	34	19	8	46	52	61	73	38	31	52	67	79	21	63	35	41	44	71	22	14	59	43	52	27	21	5	6	54	64	58	85	54	57	74	56	35	50	34	49	23	51	28	8	22	39	54	39	53	60	38	26	38	43	44	81	26	64	54	69	17	39	19	62	60	12	14	25	57	9	14	44	70	54	67	70	61	0	67	54	43	72	52	61	54	62	67	5	47	26	20	37	21	24	45	23	28	79	52	68	58	52	38	50	34	
40	59	27	19	43	44	34	39	37	18	19	15	35	27	29	36	63	37	8	55	7	58	56	65	32	15	13	57	29	33	54	33	67	43	22	71	21	21	26	33	17	29	7	26	48	38	50	33	60	62	21	28	10	16	33	43	76	8	33	64	18	38	29	23	11	46	56	9	29	15	51	49	66	67	34	22	59	39	32	12	26	45	35	22	55	29	45	21	40	66	46	35	67	30	43	36	38	42	32	28	65	31	45	27	75	29	51	58	65	6	8	58	60	42	40	58	54	27	34	69	35	17	27	67	0	20	31	10	32	6	20	14	44	66	71	53	47	58	62	46	71	44	39	33	33	34	29	65	39	23	45	
36	42	6	35	38	26	13	24	17	16	4	17	19	7	43	35	50	27	17	38	13	45	39	45	25	18	8	38	42	36	37	29	47	40	8	51	6	12	21	17	19	29	20	13	32	36	45	25	42	51	14	7	9	18	29	25	55	26	27	46	8	35	25	19	18	32	46	12	29	17	33	33	52	52	15	10	39	33	40	8	21	25	18	4	35	34	31	25	32	51	36	34	47	15	23	18	19	28	15	26	44	27	28	13	54	18	41	37	47	15	18	43	51	30	21	45	42	10	22	48	21	15	39	54	20	0	12	20	39	17	0	27	27	54	50	35	34	38	44	38	50	31	27	26	12	21	39	44	20	4	26	
45	30	7	41	33	26	10	27	13	27	11	29	22	11	48	33	38	34	25	26	25	34	27	38	34	23	17	26	47	35	25	26	38	35	18	41	17	23	32	21	22	27	28	21	21	32	38	19	30	41	15	9	21	31	26	13	46	34	36	34	20	31	23	18	30	21	36	22	27	21	21	21	40	41	14	21	34	42	41	18	31	22	7	9	24	34	20	27	24	39	27	31	39	7	19	19	7	17	5	25	35	37	17	21	46	26	31	27	35	25	26	31	42	20	20	34	31	4	28	41	26	27	43	43	31	12	0	32	39	26	12	34	29	43	41	23	23	27	32	30	40	20	18	36	11	26	41	36	8	8	14	
30	62	26	29	50	39	32	32	34	10	21	5	29	24	39	44	68	28	17	58	8	63	58	62	23	23	16	58	39	42	56	41	65	51	17	70	18	14	16	27	25	38	17	20	51	46	58	39	62	68	26	26	11	6	41	45	73	18	23	66	13	46	36	30	2	50	62	14	38	23	53	52	71	71	31	16	55	29	42	15	17	41	37	23	55	38	49	30	47	70	52	43	64	33	39	31	39	46	34	36	63	21	48	21	72	22	57	57	67	12	17	62	67	47	35	63	59	29	27	66	28	9	37	72	10	20	32	0	42	15	20	24	38	72	69	55	52	57	64	53	69	49	44	23	30	27	39	62	40	24	46	
71	51	42	19	20	64	49	63	52	48	35	46	58	45	16	11	49	65	25	48	36	44	50	77	61	21	32	57	14	6	48	17	76	19	47	76	45	48	56	56	20	12	25	52	42	15	26	24	55	44	25	44	35	47	17	44	83	26	63	59	44	17	17	21	42	38	37	30	12	22	50	42	54	55	52	48	74	69	2	33	56	61	36	36	58	5	37	14	26	55	31	13	78	33	59	56	44	36	36	15	72	61	41	52	83	56	36	64	59	31	25	48	40	33	58	44	39	36	61	79	60	47	10	52	32	39	39	42	0	27	39	18	66	48	77	52	38	63	58	28	76	36	30	62	49	60	6	75	45	37	49	
43	53	24	17	36	43	31	39	34	21	15	18	35	24	26	29	57	39	2	49	9	51	50	63	35	8	9	52	26	27	48	26	64	36	22	67	21	22	29	32	10	23	3	27	42	31	43	27	54	55	15	25	9	19	26	38	72	8	36	58	18	32	22	17	15	40	49	5	23	8	46	43	60	61	32	22	57	42	27	9	29	43	29	18	50	23	39	15	34	60	40	29	64	24	41	34	33	36	26	21	61	34	39	27	71	30	45	54	59	4	2	52	54	36	38	51	47	22	35	66	35	20	24	61	6	17	26	15	27	0	17	11	44	59	67	48	41	54	56	39	67	38	32	36	30	35	25	62	34	19	40	
36	42	6	35	38	26	13	24	17	16	4	17	19	7	43	35	50	27	17	38	13	45	39	45	25	18	8	38	42	36	37	29	47	40	8	51	6	12	21	17	19	29	20	13	32	36	45	25	42	51	14	7	9	18	29	25	55	26	27	46	8	35	25	19	18	32	46	12	29	17	33	33	52	52	15	10	39	33	40	8	21	25	18	4	35	34	31	25	32	51	36	34	47	15	23	18	19	28	15	26	44	27	28	13	54	18	41	37	47	15	18	43	51	30	21	45	42	10	22	48	21	15	39	54	20	0	12	20	39	17	0	27	27	54	50	35	34	38	44	38	50	31	27	26	12	21	39	44	20	4	26	
54	56	33	7	32	54	40	50	44	32	25	29	46	34	15	24	58	50	10	52	20	53	53	72	46	10	19	58	15	20	51	24	72	32	33	74	31	33	40	43	12	19	8	38	45	27	39	28	58	55	19	35	20	30	24	43	80	7	47	62	29	28	21	18	25	42	48	15	19	12	51	46	62	63	42	33	67	53	18	19	40	53	34	27	57	16	41	11	34	62	40	24	73	30	50	45	40	39	32	19	69	45	43	38	80	41	45	61	63	15	9	54	52	38	48	53	48	29	47	74	46	31	13	62	14	27	34	24	18	11	27	0	55	59	75	53	43	61	61	38	74	40	34	47	40	46	14	70	41	28	47	
28	51	24	62	62	5	19	5	17	28	31	32	8	21	70	62	63	15	44	48	36	59	48	28	20	46	36	39	70	63	47	55	34	64	21	41	23	24	24	11	47	56	47	17	46	61	67	48	48	67	41	22	34	32	55	35	42	51	22	50	26	60	52	46	36	47	63	39	56	45	39	46	63	63	15	22	20	24	68	35	23	11	36	30	35	61	47	52	53	60	56	60	31	36	13	10	29	45	34	53	35	25	42	17	40	16	59	32	52	40	45	55	69	49	9	59	58	32	12	33	10	29	67	67	44	27	29	38	66	44	27	55	0	69	39	41	50	34	48	59	40	47	47	21	18	10	66	30	29	29	32	
89	19	51	65	28	64	51	69	52	70	51	71	65	55	64	37	7	77	57	21	63	10	22	60	78	51	55	33	62	42	22	35	54	29	62	49	60	67	76	65	49	40	59	65	23	33	23	32	24	4	45	53	60	73	35	33	57	65	80	26	63	32	38	42	70	22	11	58	40	50	30	22	10	11	56	64	62	86	50	56	75	58	36	50	38	46	23	48	25	13	19	36	59	39	56	61	40	26	39	40	49	81	27	65	59	70	14	43	24	61	58	14	9	24	59	10	12	44	72	59	69	70	58	5	66	54	43	72	48	59	54	59	69	0	52	29	20	41	26	21	50	23	27	79	53	70	54	56	39	50	37	
67	33	43	82	63	35	37	44	34	61	51	65	43	44	88	67	45	54	66	33	64	44	32	13	59	64	58	20	87	71	32	60	5	65	51	3	51	56	61	45	63	64	69	50	37	64	64	52	28	52	55	43	60	65	60	32	5	75	61	26	55	63	60	58	67	41	53	62	64	62	27	37	42	41	38	53	20	63	79	58	60	30	41	49	18	72	41	67	52	39	51	65	10	45	30	40	34	42	42	62	5	64	36	49	7	52	50	13	28	65	67	38	57	45	35	44	47	45	50	9	47	61	82	47	71	50	41	69	77	67	50	75	39	52	0	26	42	14	26	55	2	42	47	60	38	48	80	9	33	47	28	
65	10	29	60	36	36	26	42	26	50	34	52	38	32	64	41	22	51	46	8	48	20	7	32	54	42	40	5	63	45	7	35	26	38	40	24	39	45	53	39	41	39	49	42	11	38	37	27	8	28	33	30	44	53	35	10	32	56	56	11	42	37	35	34	53	14	28	44	39	41	2	10	22	22	30	42	32	61	54	41	52	29	18	32	9	47	15	43	26	19	24	39	31	23	27	35	16	16	21	37	21	58	10	41	33	45	24	15	12	47	47	14	33	19	31	20	22	26	46	31	43	50	58	26	53	35	23	55	52	48	35	53	41	29	26	0	16	13	9	29	25	16	21	55	28	44	56	28	15	31	9	
69	13	31	50	20	45	31	49	33	50	31	51	45	34	52	27	16	57	39	10	44	11	12	47	58	34	35	21	50	31	10	21	42	23	42	40	40	46	55	44	32	26	42	45	5	23	21	15	17	17	26	32	40	52	21	14	48	48	60	21	42	21	23	25	50	2	13	39	26	33	15	5	19	20	36	44	47	65	40	37	54	40	15	30	24	34	2	32	11	19	8	25	46	19	37	41	20	5	18	25	37	61	8	44	49	49	9	30	21	41	40	11	19	5	40	11	8	23	51	47	49	49	46	20	47	34	23	52	38	41	34	43	50	20	42	16	0	29	19	13	41	3	9	59	33	49	42	43	20	29	19	
61	22	31	69	49	29	26	37	24	51	38	54	35	33	74	53	34	47	52	21	51	33	20	19	51	50	45	8	72	57	20	46	13	51	41	13	40	46	52	36	49	50	56	41	24	50	50	38	17	41	41	31	48	55	46	18	20	62	53	17	44	49	46	43	55	27	41	49	50	49	13	23	32	32	28	43	21	57	65	45	51	23	26	36	4	58	27	53	38	30	37	51	18	31	22	31	20	28	28	48	8	56	22	40	20	43	37	2	19	52	54	27	46	31	27	33	35	31	42	18	39	51	68	37	58	38	27	57	63	54	38	61	34	41	14	13	29	0	16	42	13	29	33	52	28	40	66	15	19	35	14	
73	7	38	68	40	43	35	51	34	59	43	61	47	41	71	46	19	60	54	9	57	18	7	35	63	50	49	9	69	51	9	41	28	42	49	23	48	54	62	48	49	45	58	51	16	43	39	34	2	26	41	39	53	62	41	19	31	64	65	2	51	41	42	42	62	19	27	53	45	49	11	15	16	15	38	51	38	69	60	50	61	37	27	41	14	53	20	51	31	13	27	44	33	32	35	43	25	22	30	44	23	67	17	50	33	54	25	18	3	56	55	12	31	24	40	18	22	35	55	33	51	59	65	21	62	44	32	64	58	56	44	61	48	26	26	9	19	16	0	32	24	21	27	64	37	52	62	30	24	40	18	
75	24	37	44	8	55	40	58	42	53	34	53	53	41	43	16	20	64	37	23	45	16	24	60	63	31	37	34	41	21	23	14	55	10	47	53	45	51	60	52	29	19	39	51	18	12	9	13	29	17	26	39	42	55	14	26	61	44	65	33	46	11	17	22	52	14	10	39	19	30	28	18	25	26	44	49	59	71	30	38	59	50	23	34	37	25	14	27	6	26	4	15	59	24	47	50	30	15	25	19	50	66	20	50	62	55	7	43	32	41	38	20	14	11	49	16	11	29	59	60	56	53	37	24	46	38	30	53	28	39	38	38	59	21	55	29	13	42	32	0	54	13	11	65	41	57	33	56	30	34	31	
68	31	44	82	61	36	37	45	34	61	51	65	44	44	87	66	43	55	65	31	64	42	30	15	60	63	58	19	86	70	31	59	7	64	52	1	51	56	62	46	62	63	69	51	36	63	62	51	26	50	55	43	60	66	59	31	7	75	62	24	55	62	59	57	67	39	51	62	63	62	26	35	40	39	38	53	22	64	78	58	61	31	40	49	17	71	40	66	51	37	49	64	12	44	31	41	33	41	42	61	6	65	35	50	9	53	48	13	26	65	67	36	55	44	36	42	45	44	51	11	48	62	82	45	71	50	40	69	76	67	50	74	40	50	2	25	41	13	24	54	0	41	46	61	39	49	79	11	33	47	27	
66	15	28	47	20	43	29	47	30	47	28	48	42	31	50	25	19	54	36	12	41	14	13	46	55	31	32	22	48	29	12	19	42	22	39	41	37	43	52	42	29	24	39	42	5	22	22	12	18	20	23	29	37	49	19	13	48	45	57	23	39	20	20	22	47	2	16	35	24	30	15	6	22	23	33	41	46	62	38	33	51	38	12	26	24	31	1	30	10	22	9	23	46	16	35	39	18	2	15	22	38	58	7	41	49	46	11	30	23	38	37	14	21	2	38	14	11	20	49	47	46	46	43	23	44	31	20	49	36	38	31	40	47	23	42	16	3	29	21	13	41	0	6	56	31	47	40	43	18	26	18	
63	22	26	41	16	43	28	46	30	43	24	44	41	29	43	20	24	53	30	18	36	19	20	50	52	25	27	27	42	24	18	13	46	18	36	46	33	40	49	40	23	18	33	40	11	17	20	6	25	24	17	27	32	45	13	15	53	39	54	29	36	15	14	16	42	8	18	30	18	24	20	12	28	29	32	38	48	60	32	29	48	39	11	23	29	25	7	23	6	28	9	17	50	12	36	38	19	5	13	16	42	55	11	39	54	44	13	34	29	33	31	20	24	4	38	19	15	17	47	51	45	42	37	28	39	27	18	44	30	32	27	34	47	27	47	21	9	33	27	11	46	6	0	54	30	45	34	47	19	23	20	
9	65	28	52	65	25	29	16	29	15	30	18	17	24	62	62	74	6	37	61	27	70	61	49	1	41	31	56	62	61	59	56	55	67	18	62	20	14	7	16	43	55	39	14	56	62	72	52	63	77	40	26	27	17	56	47	63	41	1	66	19	62	52	45	22	57	72	32	55	41	53	57	76	76	25	16	41	6	63	30	7	30	43	31	51	58	56	49	58	74	63	60	52	41	30	20	40	53	41	52	55	4	52	14	61	10	67	51	67	32	38	67	77	56	25	70	67	36	10	54	13	16	60	79	33	26	36	23	62	36	26	47	21	79	60	55	59	52	64	65	61	56	54	0	26	12	61	51	41	30	45	
36	38	6	47	44	15	2	16	4	23	15	26	11	5	55	44	48	24	29	34	25	43	34	32	25	30	21	29	54	45	33	37	34	46	13	40	12	18	25	11	30	38	33	13	30	43	50	30	36	51	23	5	22	27	37	20	43	38	27	39	16	42	34	28	28	31	47	25	38	29	26	31	49	49	3	15	26	32	50	21	24	13	18	13	26	44	30	36	35	47	38	42	34	18	10	8	13	28	16	35	33	29	26	12	42	17	42	27	41	27	31	40	53	31	9	43	42	14	18	36	15	23	50	52	33	12	11	30	49	30	12	40	18	53	38	28	33	28	37	41	39	31	30	26	0	16	50	32	14	12	18	
21	54	19	53	59	13	18	5	18	17	25	21	5	16	62	56	64	7	35	50	27	60	50	37	11	39	28	44	61	57	49	50	43	60	13	50	15	13	13	5	40	50	38	8	46	56	65	44	52	67	35	17	25	21	50	36	51	42	13	54	16	56	46	40	25	47	63	30	50	38	42	47	65	65	14	12	30	17	61	27	13	18	34	24	39	55	47	46	50	63	54	55	40	33	18	8	29	44	32	47	43	16	42	8	49	5	58	39	56	31	37	56	69	47	13	60	58	28	2	42	1	18	59	68	34	21	26	27	60	35	21	46	10	70	48	44	49	40	52	57	49	47	45	12	16	0	59	39	30	23	34	
69	56	43	14	26	65	50	62	53	46	35	43	58	45	10	17	54	64	24	53	34	50	54	80	60	20	31	61	8	12	53	21	78	25	46	79	44	47	54	55	19	16	22	51	46	21	32	28	59	50	26	45	34	44	21	48	86	22	61	64	43	22	20	23	40	43	43	29	16	21	54	47	59	60	53	47	76	67	4	32	54	63	39	37	62	8	42	14	31	60	37	18	81	35	60	57	47	40	38	18	75	59	45	51	86	55	41	67	64	29	23	53	46	38	59	50	44	37	60	82	59	45	4	58	29	39	41	39	6	25	39	14	66	54	80	56	42	66	62	33	79	40	34	61	50	59	0	78	47	38	52	
58	37	38	78	63	26	31	35	27	53	46	57	34	38	85	66	49	45	61	36	57	48	35	4	50	60	52	23	83	69	35	59	4	65	44	13	44	48	52	36	59	62	64	42	38	64	65	51	32	56	51	36	54	58	59	31	12	70	52	31	48	62	58	55	60	41	56	57	62	58	28	38	47	46	30	45	10	54	77	53	51	21	38	44	19	70	42	64	52	44	52	64	3	42	22	32	30	42	39	60	8	55	36	41	10	43	52	13	33	59	62	42	61	45	26	48	50	41	41	4	38	54	79	52	65	44	36	62	75	62	44	70	30	56	9	28	43	15	30	56	11	43	47	51	32	39	78	0	30	42	26	
50	24	14	49	35	25	12	30	13	34	19	37	25	17	55	37	33	38	33	20	33	29	20	32	39	30	25	18	53	39	18	29	31	37	25	33	23	30	38	25	29	32	36	27	16	34	39	21	23	37	22	14	29	38	29	6	38	42	41	26	27	33	28	24	38	17	34	30	32	29	13	17	35	35	16	27	29	47	47	26	37	20	8	17	16	39	17	33	25	33	26	34	33	12	17	22	1	15	9	30	27	43	12	26	38	31	29	20	27	33	34	26	39	19	20	29	28	12	32	34	29	34	49	38	39	20	8	40	45	34	20	41	29	39	33	15	20	19	24	30	33	18	19	41	14	30	47	30	0	16	6	
40	38	5	36	35	26	12	26	15	20	3	22	21	8	43	33	45	30	18	34	17	40	34	43	29	18	10	34	42	34	32	26	44	37	12	48	10	17	26	19	18	27	22	17	28	32	41	21	38	47	12	7	13	23	26	21	53	28	31	42	13	32	23	17	22	27	41	14	27	17	29	29	47	48	14	14	38	37	39	10	25	25	14	1	32	32	26	24	28	46	32	31	45	10	22	19	15	23	11	24	42	31	24	16	52	21	36	34	43	17	19	39	47	26	21	40	37	5	25	46	23	20	38	50	23	4	8	24	37	19	4	28	29	50	47	31	29	35	40	34	47	26	23	30	12	23	38	42	16	0	22	
55	19	20	54	37	27	16	33	16	40	25	43	29	22	60	40	30	42	39	16	39	27	16	29	44	36	32	12	58	43	14	33	26	39	30	27	29	35	43	29	35	36	42	32	14	37	40	25	17	35	27	20	35	44	33	5	33	48	46	20	33	36	32	29	44	17	32	36	36	34	8	14	31	31	20	32	28	51	51	32	42	21	12	23	10	44	17	38	26	29	27	38	29	17	18	25	7	16	14	34	22	48	11	31	34	35	28	14	22	39	40	22	38	20	22	27	27	18	36	30	33	40	54	34	45	26	14	46	49	40	26	47	32	37	28	9	19	14	18	31	27	18	20	45	18	34	52	26	6	22	0	

