5  150
11	19	30	30	63	14	25	12	4	78	13	65	19	40	18	37	52	60	39	49	48	8	75	15	66	60	6	34	68	28	58	83	79	91	78	28	44	40	53	65	57	10	90	96	87	2	2	84	91	71	8	66	23	94	96	76	42	78	56	59	21	31	32	23	53	57	2	20	81	91	32	91	16	41	13	70	91	53	27	90	12	62	60	68	44	50	96	38	6	64	3	82	10	33	77	43	8	20	20	75	87	51	35	95	92	67	14	10	93	33	94	72	85	49	71	52	43	98	30	56	13	80	90	100	69	65	27	63	8	11	66	19	16	81	100	87	84	13	45	88	95	61	72	54	70	76	33	67	95	40	
21	92	7	14	75	65	68	34	85	6	9	87	90	26	64	23	33	76	83	33	71	34	38	36	94	59	17	17	53	18	16	54	56	7	25	84	32	79	21	26	15	98	57	36	55	27	66	94	2	78	70	8	74	26	8	31	60	15	69	71	54	60	62	99	88	69	94	35	49	2	82	7	50	70	88	71	44	5	98	90	45	11	18	47	51	100	27	2	33	54	56	68	74	2	29	10	35	47	30	40	32	42	44	18	87	53	31	37	52	97	78	87	61	95	89	87	14	41	60	78	44	9	3	64	67	8	54	100	82	12	42	100	2	63	42	81	90	83	3	4	92	90	62	37	20	55	35	94	93	90	
12	70	89	18	21	45	3	93	15	61	78	41	28	46	94	82	53	93	87	99	13	71	91	28	49	71	52	16	1	62	30	40	28	65	29	20	16	24	69	27	31	63	39	12	76	35	60	68	91	32	72	43	60	65	91	6	77	97	56	11	22	12	86	37	96	31	93	61	81	42	63	30	60	54	47	7	68	53	68	45	13	53	6	60	34	43	53	72	25	3	97	71	21	94	35	81	42	10	72	85	2	68	4	79	2	60	47	10	73	13	100	87	18	89	13	98	15	87	50	29	15	54	3	33	15	87	69	23	33	24	25	43	55	1	24	1	97	86	52	10	52	59	56	25	42	52	86	8	74	9	
72	31	5	93	71	38	10	97	94	70	78	75	75	87	5	66	69	77	27	12	40	98	56	60	49	40	65	29	81	45	74	48	26	85	98	41	59	27	4	57	32	80	26	41	14	75	11	16	5	44	12	1	55	69	29	14	10	67	4	90	21	66	66	74	32	53	35	99	96	46	82	31	21	66	67	77	96	64	19	34	9	87	15	90	6	18	2	49	84	95	21	80	93	32	94	81	27	50	98	43	73	45	24	9	14	91	29	20	41	17	69	30	77	48	38	97	67	48	99	18	32	66	16	22	52	7	91	94	64	42	11	30	48	75	99	9	80	74	85	81	37	99	88	42	19	20	26	16	79	61	
34	5	31	73	29	19	17	58	82	65	12	50	38	93	43	92	65	79	4	87	45	52	35	79	97	36	62	51	62	20	49	65	13	20	74	66	43	50	72	54	80	75	53	48	82	45	48	54	74	93	86	53	62	1	54	29	6	7	46	40	70	61	47	69	30	2	68	44	79	73	69	70	93	31	88	61	89	75	18	22	64	54	42	51	27	76	77	23	15	78	29	42	16	67	12	87	71	19	37	62	1	25	24	80	16	72	31	71	45	52	72	62	69	94	3	10	75	3	53	39	17	98	84	62	5	45	45	34	13	65	20	27	12	21	18	65	35	61	13	10	74	22	96	40	9	71	16	14	79	84	
7144	4295	6869	3545	7365	4417	6379	6154	1252	2201	1713	4809	5459	7411	4194	3877	7371	567	2110	6797	6055	4718	3373	814	3126	2050	7225	5522	3330	98	3965	110	6475	4735	1056	2447	5843	3522	3206	3100	4481	7176	4390	5098	4901	6875	1372	6655	5969	6907	4740	6254	7182	5288	4834	1474	1973	7345	2718	1320	4959	4503	3965	1094	5342	3262	3441	6635	3146	6811	417	4787	5605	4448	5156	4204	6278	5381	1787	6083	2991	702	7418	6572	2716	1869	6054	2230	2405	2251	1569	3412	5650	2599	5559	4589	4606	6609	3138	5918	1907	789	3106	5245	2052	3604	6925	2704	2271	4394	2908	4162	1743	3701	6362	6055	7052	5296	6190	7473	568	194	2618	2246	6118	1556	4004	4333	2566	6840	3468	7100	5928	5721	4496	4321	3588	7009	4460	3269	1628	1886	5232	1268	2968	634	4542	5107	5945	560	
0	82	49	56	86	58	53	18	72	48	70	57	40	93	68	77	60	44	43	71	25	91	53	79	91	46	70	50	61	41	64	37	63	44	56	88	24	54	83	36	56	27	47	67	50	15	31	81	24	63	73	33	85	68	40	88	79	70	43	70	83	94	66	54	65	84	66	25	9	41	71	59	54	37	58	17	62	45	22	31	56	23	43	26	28	54	43	60	60	32	58	70	69	72	64	20	68	33	90	47	15	36	69	62	76	75	67	89	52	45	51	70	64	46	63	55	79	22	38	60	55	65	65	36	44	25	55	47	94	60	61	61	54	33	55	70	8	39	46	48	55	72	36	76	64	56	49	60	16	71	21	
82	0	37	26	8	33	31	67	25	41	31	49	41	23	33	27	62	63	69	53	57	25	40	7	18	43	42	33	26	43	19	59	26	70	37	22	69	41	6	69	34	55	35	27	32	68	64	19	70	23	33	52	7	30	52	22	43	68	63	47	26	26	19	40	67	7	51	61	72	49	31	64	67	64	26	73	50	60	62	64	28	66	49	62	55	43	61	22	54	50	40	20	21	11	20	63	45	48	18	44	68	46	39	63	32	10	32	22	30	62	53	25	66	38	62	48	6	60	48	49	71	67	25	49	43	57	34	62	29	57	37	65	71	50	43	29	74	49	62	50	27	23	55	9	35	35	60	31	70	59	61	
49	37	0	20	43	34	7	40	42	4	22	48	15	56	43	47	59	51	55	60	26	56	35	38	52	5	51	8	12	8	18	43	13	56	35	52	45	37	41	51	7	24	17	38	12	39	45	46	46	15	48	16	43	19	37	52	58	70	50	55	51	58	19	37	66	42	55	36	39	11	45	61	60	48	11	46	52	48	27	45	9	41	12	38	21	11	48	17	53	23	41	36	20	31	27	34	53	19	52	7	39	15	49	62	50	28	19	53	13	51	46	40	65	5	61	46	37	30	11	50	63	66	34	28	30	27	31	52	59	56	14	63	63	16	12	21	41	33	51	41	13	23	38	34	42	34	51	34	42	64	33	
56	26	20	0	29	15	13	41	22	24	31	31	16	38	24	27	45	40	46	41	32	38	19	22	35	25	32	12	18	22	13	35	20	47	18	34	43	21	26	45	21	29	9	18	8	42	40	27	44	17	28	29	28	28	28	34	39	54	40	36	32	40	16	20	51	27	37	35	47	29	25	46	47	40	12	47	35	37	38	40	13	40	31	36	30	30	38	6	37	24	24	16	21	15	8	37	34	23	35	27	42	22	30	46	30	21	29	35	7	40	33	20	50	17	46	30	22	34	27	33	51	51	14	23	19	31	14	40	41	40	29	48	50	26	31	29	48	25	40	28	7	26	31	19	23	16	39	15	44	47	35	
86	8	43	29	0	32	36	70	22	47	39	47	45	15	30	21	59	62	68	49	61	17	39	6	10	49	37	38	33	49	25	59	34	69	36	15	70	40	2	69	40	59	38	25	36	71	65	13	71	30	28	57	1	38	52	15	37	65	62	43	19	18	26	39	63	1	47	63	76	55	27	61	65	64	32	75	47	59	67	65	34	68	55	64	59	50	60	27	51	53	39	19	29	13	21	66	41	52	10	50	71	50	35	60	27	18	40	14	34	61	52	22	63	43	59	47	7	63	54	46	69	63	24	51	44	60	33	61	21	54	44	62	69	55	50	37	78	50	61	49	32	31	56	10	33	34	59	30	72	55	64	
58	33	34	15	32	0	28	41	13	38	46	17	24	35	10	18	30	30	36	26	36	33	7	27	34	38	17	26	34	34	27	27	36	37	4	30	39	8	30	37	37	34	18	8	21	43	34	23	40	32	15	39	32	43	21	30	25	39	30	21	24	36	31	7	36	31	22	33	50	42	13	32	34	32	28	45	19	27	44	34	29	37	44	34	37	45	28	21	22	27	8	13	36	22	14	38	18	29	33	41	43	30	15	31	18	32	45	31	21	29	20	12	35	30	31	16	27	37	39	17	38	36	8	22	14	35	3	29	35	25	45	34	38	35	46	44	51	20	29	17	23	41	25	24	8	2	27	2	43	31	37	
53	31	7	13	36	28	0	42	35	11	21	43	15	49	37	40	55	48	53	54	28	49	30	30	45	12	45	4	9	12	12	41	11	55	30	45	46	32	34	50	8	26	13	31	7	41	44	38	47	10	41	21	36	18	35	45	52	66	48	49	44	51	13	32	62	35	50	37	43	18	38	57	57	46	5	48	47	46	32	44	3	42	19	39	25	17	46	10	49	24	36	29	16	24	20	36	47	21	44	14	41	17	43	58	43	22	19	46	7	48	43	33	61	7	57	41	30	32	17	45	60	62	27	27	27	29	26	49	52	51	17	59	60	20	17	19	45	31	49	38	6	20	36	27	36	28	48	28	44	59	35	
18	67	40	41	70	41	42	0	54	41	62	39	27	76	49	59	42	27	26	52	14	74	34	63	74	39	51	38	51	32	51	19	53	27	38	70	8	35	67	19	47	16	32	49	36	4	14	64	8	52	55	27	69	59	21	70	60	53	26	51	65	77	54	36	48	68	47	7	13	35	53	42	37	20	46	6	43	27	19	14	45	5	38	7	20	48	25	46	41	18	40	53	58	57	48	6	50	21	73	40	5	25	51	45	58	61	59	72	38	28	32	53	47	36	45	37	63	10	31	42	38	48	47	18	26	13	38	30	76	41	54	44	37	25	49	61	13	21	29	29	42	62	17	60	46	38	31	43	2	52	7	
72	25	42	22	22	13	35	54	0	46	48	25	35	21	8	5	37	41	47	27	49	20	20	18	21	47	16	34	37	43	29	40	39	48	16	16	53	20	20	49	42	47	28	5	30	56	47	10	54	35	7	50	22	46	34	16	18	43	41	21	11	22	32	19	41	21	25	47	63	51	5	39	43	44	32	59	25	38	57	47	34	51	53	47	49	52	39	25	29	40	17	6	37	17	15	51	19	41	20	49	57	41	13	37	8	29	47	18	29	40	30	2	41	39	36	25	19	50	49	24	47	41	8	36	27	48	16	39	21	32	49	40	47	46	52	46	64	33	39	28	29	41	38	17	11	15	37	11	57	33	50	
48	41	4	24	47	38	11	41	46	0	22	51	18	60	47	51	63	53	57	63	26	60	38	41	56	2	55	12	14	8	21	45	15	59	39	56	46	41	44	53	8	24	21	42	16	39	47	50	47	17	52	15	46	19	40	56	62	73	53	59	55	62	22	40	69	46	59	37	39	8	49	64	62	50	15	46	55	51	26	47	13	42	8	40	21	8	50	21	56	25	45	40	22	35	31	34	56	21	55	3	39	16	53	65	54	31	19	57	17	53	50	44	68	8	64	49	40	30	10	53	66	69	38	30	33	27	35	55	63	59	13	66	65	16	9	21	41	36	54	45	17	24	40	38	46	37	54	38	42	67	33	
70	31	22	31	39	46	21	62	48	22	0	63	36	54	53	52	76	70	75	72	48	55	50	35	49	24	62	25	13	30	19	63	10	76	49	52	67	52	37	72	15	46	34	46	29	61	66	47	68	14	55	37	38	3	56	52	67	85	69	67	54	57	16	51	82	38	68	58	61	30	53	77	77	68	19	68	66	67	48	66	19	62	28	60	43	18	67	24	68	44	55	41	10	31	33	56	64	41	49	23	61	37	59	77	56	21	3	52	27	69	63	46	81	26	77	61	34	52	32	64	81	82	42	48	48	49	45	70	59	71	10	79	81	38	17	2	63	52	70	59	24	8	58	33	53	47	69	46	64	77	55	
57	49	48	31	47	17	43	39	25	51	63	0	34	45	17	27	13	17	23	14	41	43	12	42	46	51	14	40	50	45	44	20	52	23	13	40	34	10	45	27	52	40	30	22	35	42	27	35	35	48	21	48	47	60	17	40	22	22	18	12	33	45	48	11	19	46	9	32	50	53	20	15	18	22	43	41	5	15	50	27	44	34	55	31	44	59	17	38	5	33	8	28	53	38	31	39	11	36	45	53	43	39	14	15	23	49	61	42	36	16	7	25	18	43	14	2	42	40	49	3	22	19	24	26	18	39	17	15	43	8	60	17	22	43	60	60	51	20	15	9	38	58	21	40	14	15	13	18	41	16	37	
40	41	15	16	45	24	15	27	35	18	36	34	0	54	34	40	44	35	39	47	15	53	22	39	51	17	41	11	24	11	24	27	26	41	24	49	31	24	42	36	21	13	7	30	9	27	29	42	32	25	39	15	44	33	21	49	49	55	34	43	46	56	27	24	51	44	42	22	31	18	36	46	44	32	19	33	38	33	22	29	18	27	21	24	14	26	32	19	39	9	29	31	31	32	24	21	41	7	51	20	27	6	39	47	42	34	33	51	11	35	31	33	50	10	47	32	38	18	15	36	48	51	27	12	15	15	21	36	56	41	30	48	47	11	27	34	32	17	36	26	15	35	22	35	32	23	36	25	29	50	20	
93	23	56	38	15	35	49	76	21	60	54	45	54	0	28	18	56	62	68	43	69	3	42	19	5	61	33	49	47	60	38	62	48	69	38	5	75	42	17	71	54	67	47	26	47	77	68	12	76	44	24	68	16	53	56	5	29	59	62	38	12	3	40	41	59	16	43	69	84	67	25	58	62	66	44	80	44	59	76	68	47	73	68	69	68	64	61	38	48	60	39	23	44	25	30	72	37	61	5	63	78	60	31	56	22	33	55	3	45	61	51	23	59	55	55	46	20	71	65	43	66	59	28	57	49	68	37	60	6	51	59	59	66	65	64	52	85	55	61	50	43	46	60	21	32	37	58	33	78	49	71	
68	33	43	24	30	10	37	49	8	47	53	17	34	28	0	10	29	33	39	20	46	26	15	26	29	48	9	35	41	44	33	33	43	40	11	23	47	14	28	42	45	44	28	7	31	52	40	18	48	39	5	49	30	50	28	23	15	35	34	14	17	29	37	13	33	29	17	42	59	52	3	31	35	37	35	53	17	31	55	40	37	45	54	42	47	54	32	29	21	37	10	13	42	24	19	47	12	39	28	50	53	40	6	29	8	36	52	25	30	32	23	8	33	40	28	17	26	47	49	16	39	33	10	32	23	45	13	32	27	24	53	32	39	45	55	51	60	28	32	21	31	46	32	24	3	11	29	9	52	26	46	
77	27	47	27	21	18	40	59	5	51	52	27	40	18	10	0	39	44	50	27	54	15	24	19	19	52	16	39	41	49	33	44	43	51	21	12	57	24	21	53	47	52	33	10	35	61	51	8	58	39	7	55	22	49	38	12	16	43	44	21	6	18	36	23	42	21	26	52	68	56	7	41	45	48	37	63	27	41	62	51	39	55	58	52	55	57	43	30	31	45	21	11	41	20	20	56	20	46	18	54	62	47	14	39	5	32	51	14	34	43	33	7	42	44	38	28	20	56	54	26	49	42	13	41	32	53	21	42	17	34	54	42	49	52	57	49	69	38	43	32	34	44	42	19	14	20	40	16	62	33	55	
60	62	59	45	59	30	55	42	37	63	76	13	44	56	29	39	0	15	18	15	48	53	25	55	58	62	23	52	63	56	57	23	65	18	26	51	35	23	58	24	64	47	42	35	48	46	28	47	35	62	32	57	59	73	24	51	29	11	16	18	44	55	61	24	6	58	13	37	55	63	32	2	7	22	56	42	12	15	57	28	57	37	66	35	52	71	17	51	8	41	21	41	66	52	44	44	19	45	57	64	47	49	25	3	34	63	74	53	48	14	13	37	5	55	3	14	55	46	59	13	10	6	37	34	29	46	31	12	53	5	72	3	11	53	72	74	55	28	13	18	51	71	26	53	26	29	11	31	44	12	43	
44	63	51	40	62	30	48	27	41	53	70	17	35	62	33	44	15	0	6	28	34	60	23	57	63	53	31	44	57	45	53	8	59	7	26	57	20	22	60	10	56	34	35	37	41	31	13	51	20	56	38	45	62	67	13	57	39	26	1	29	50	62	57	23	21	61	24	22	40	52	37	15	10	7	50	27	20	3	43	13	51	22	55	20	39	62	2	47	17	30	23	43	62	52	43	29	28	34	62	55	32	38	32	18	41	61	68	59	42	1	10	40	20	46	18	16	57	32	48	20	13	21	38	23	21	32	29	3	60	16	65	17	12	41	63	68	40	17	2	13	46	66	13	54	30	28	5	32	29	26	28	
43	69	55	46	68	36	53	26	47	57	75	23	39	68	39	50	18	6	0	32	36	66	29	63	69	56	37	49	62	49	59	12	64	1	32	63	19	28	66	7	61	37	40	43	46	30	13	57	19	62	44	48	68	72	18	63	45	27	6	34	56	68	62	29	22	67	29	23	39	55	43	17	11	7	56	26	25	9	44	13	55	21	58	21	42	66	8	52	22	33	29	49	67	58	49	30	33	37	68	58	31	41	38	21	47	66	72	65	47	7	16	46	21	50	21	22	63	34	51	25	12	22	44	27	27	34	35	8	66	20	69	18	11	44	67	73	39	22	7	19	51	72	17	60	36	34	10	38	28	30	29	
71	53	60	41	49	26	54	52	27	63	72	14	47	43	20	27	15	28	32	0	55	40	25	46	45	63	11	51	60	58	53	33	62	32	24	38	47	22	47	38	63	54	42	27	47	56	39	35	47	58	20	61	49	69	31	38	14	16	28	5	31	42	56	23	16	48	5	46	64	66	21	17	23	34	54	54	9	26	64	39	55	47	68	44	58	71	28	47	11	47	18	33	62	44	38	52	7	50	44	66	57	52	13	13	21	56	71	40	47	26	19	28	16	55	13	16	46	54	62	11	25	16	30	40	32	53	28	25	39	12	71	17	26	57	72	70	65	34	25	23	49	66	34	44	19	25	23	26	55	6	51	
25	57	26	32	61	36	28	14	49	26	48	41	15	69	46	54	48	34	36	55	0	68	32	54	67	24	51	25	37	18	39	26	39	38	35	64	21	33	58	31	33	2	22	44	25	13	24	57	22	39	52	12	60	45	24	64	60	59	34	52	60	71	42	34	54	59	50	13	15	21	49	48	45	29	33	20	46	33	9	24	32	17	23	16	5	33	32	35	45	8	39	46	44	47	39	8	50	8	66	25	13	11	50	51	55	50	45	66	27	35	36	47	53	22	50	39	54	4	17	44	47	54	41	15	23	2	33	37	71	46	39	50	46	10	34	47	17	21	36	32	30	48	21	51	43	34	37	38	16	57	8	
91	25	56	38	17	33	49	74	20	60	55	43	53	3	26	15	53	60	66	40	68	0	40	20	7	61	30	49	48	60	39	60	49	66	36	3	73	39	18	68	54	66	46	24	46	76	66	10	74	45	21	67	18	54	54	3	26	56	60	35	9	2	41	39	56	17	40	67	82	67	22	55	60	63	45	79	41	57	75	66	47	71	68	67	67	64	59	38	45	59	36	22	45	25	29	71	34	60	7	63	77	59	28	53	19	34	56	3	44	58	49	21	56	54	52	43	21	70	65	41	63	56	26	55	47	67	36	58	4	48	60	56	64	64	64	53	84	53	58	48	43	47	58	22	29	35	55	31	77	46	70	
53	40	35	19	39	7	30	34	20	38	50	12	22	42	15	24	25	23	29	25	32	40	0	34	41	39	19	27	37	33	32	20	39	30	3	36	33	2	37	29	39	30	17	15	23	37	26	30	33	36	20	37	39	47	13	36	27	35	23	21	31	43	35	2	31	38	20	27	44	41	18	27	28	24	31	38	17	20	41	26	31	31	43	27	34	47	21	26	18	23	7	20	41	29	20	32	19	26	40	41	38	28	17	27	23	38	48	38	23	22	13	19	31	30	26	11	34	32	37	14	32	31	15	17	8	30	6	22	41	21	47	29	31	33	47	48	45	13	22	10	26	45	18	31	11	5	20	9	37	29	31	
79	7	38	22	6	27	30	63	18	41	35	42	39	19	26	19	55	57	63	46	54	20	34	0	14	43	34	32	28	43	19	53	29	64	31	17	64	35	3	63	35	52	32	20	30	65	59	13	65	25	26	51	5	34	47	17	36	61	57	40	19	22	21	34	60	5	44	57	70	49	24	57	60	58	26	69	43	54	60	59	28	61	50	58	53	45	55	20	47	46	34	14	25	7	15	59	38	46	14	44	65	44	32	56	25	14	36	17	28	56	47	18	59	37	55	42	1	57	48	42	64	60	19	45	38	54	28	56	24	50	40	58	64	48	45	33	71	44	56	44	25	27	50	3	28	29	54	25	66	52	58	
91	18	52	35	10	34	45	74	21	56	49	46	51	5	29	19	58	63	69	45	67	7	41	14	0	57	35	46	43	56	34	61	43	69	38	7	74	41	12	71	50	65	44	26	43	76	68	11	75	40	26	64	11	48	55	7	32	61	63	40	14	8	35	40	61	11	45	67	82	63	26	60	64	66	40	79	46	60	73	68	43	71	64	68	66	59	61	34	50	58	39	21	39	21	27	71	39	58	1	59	76	57	33	58	24	28	50	5	41	61	52	22	61	51	57	46	15	69	62	45	68	61	26	55	48	66	36	61	11	53	54	61	68	62	59	47	83	54	61	50	39	41	59	17	32	36	59	32	77	51	69	
46	43	5	25	49	38	12	39	47	2	24	51	17	61	48	52	62	53	56	63	24	61	39	43	57	0	56	13	17	7	23	44	18	58	39	58	45	41	46	52	10	22	21	43	17	37	45	51	46	19	53	13	48	21	39	58	63	73	52	59	56	64	24	40	69	47	59	36	37	6	50	63	62	49	17	45	55	50	24	45	14	40	6	38	19	9	50	23	56	23	45	41	24	36	32	32	57	19	57	2	37	15	53	65	55	33	21	58	18	53	49	45	68	8	64	49	42	28	8	53	65	69	39	29	33	25	36	54	65	59	15	66	65	14	10	23	39	35	53	44	18	26	39	40	46	38	53	39	40	68	32	
70	42	51	32	37	17	45	51	16	55	62	14	41	33	9	16	23	31	37	11	51	30	19	34	35	56	0	43	50	51	43	34	52	37	17	28	48	17	36	41	54	50	35	16	39	55	41	24	49	48	9	56	38	59	30	28	8	27	32	5	21	32	46	17	26	37	10	45	63	59	10	25	30	36	44	55	11	29	60	41	46	47	61	44	53	63	31	38	15	42	12	22	52	33	28	51	4	45	34	58	55	47	2	23	11	45	61	30	38	30	21	17	26	48	22	15	35	51	56	11	33	26	20	36	27	49	20	29	30	18	62	26	33	52	63	60	63	31	29	22	40	56	34	33	9	18	26	17	54	17	49	
50	33	8	12	38	26	4	38	34	12	25	40	11	49	35	39	52	44	49	51	25	49	27	32	46	13	43	0	13	10	14	37	15	51	27	45	42	29	35	46	12	23	9	30	4	37	40	38	43	14	40	19	37	22	31	45	50	62	44	47	43	52	16	29	58	37	47	33	40	17	37	53	53	42	8	44	44	42	29	40	7	38	19	35	21	19	42	11	45	20	33	28	20	25	19	32	44	17	45	15	37	13	41	54	42	25	23	46	5	44	39	32	58	5	54	38	31	28	16	42	57	58	26	23	23	25	23	45	52	48	20	55	56	17	20	24	42	27	45	34	6	24	32	28	34	26	44	26	40	56	31	
61	26	12	18	33	34	9	51	37	14	13	50	24	47	41	41	63	57	62	60	37	48	37	28	43	17	50	13	0	20	9	50	2	63	36	45	55	39	31	59	7	35	21	34	16	50	53	39	56	3	44	28	32	10	43	45	56	72	56	54	45	50	7	38	69	32	56	46	51	23	42	64	64	55	6	57	53	54	39	53	6	51	23	48	33	16	54	12	55	33	42	31	7	23	22	45	52	30	42	17	50	26	47	65	46	16	11	45	14	56	50	35	68	15	64	48	27	41	24	51	68	69	30	36	35	38	32	57	52	58	12	66	68	28	16	11	53	39	57	46	11	11	45	26	41	34	56	33	53	65	44	
41	43	8	22	49	34	12	32	43	8	30	45	11	60	44	49	56	45	49	58	18	60	33	43	56	7	51	10	20	0	24	37	21	51	34	56	38	35	46	45	15	16	16	39	13	31	38	49	39	22	49	8	48	27	32	56	59	67	45	54	54	62	26	35	62	47	53	29	31	8	46	57	55	42	17	38	49	43	19	38	15	33	10	31	13	16	43	22	50	16	40	38	27	36	30	26	51	12	56	9	31	8	49	58	51	35	27	57	15	46	43	41	61	5	58	43	42	22	5	47	58	62	35	22	26	19	31	47	63	52	21	59	58	8	17	29	33	28	46	38	17	31	32	39	42	33	47	35	34	62	25	
64	19	18	13	25	27	12	51	29	21	19	44	24	38	33	33	57	53	59	53	39	39	32	19	34	23	43	14	9	24	0	47	10	60	30	36	55	34	22	57	15	37	20	26	15	51	52	30	56	6	36	33	24	17	41	36	47	66	53	47	36	41	3	33	63	24	49	46	55	30	34	59	60	52	7	57	47	50	44	52	9	51	30	48	36	25	51	6	50	33	36	22	9	14	14	46	45	31	34	25	52	28	40	59	37	10	18	36	13	53	46	27	63	19	58	43	18	43	29	45	64	63	23	35	32	40	26	53	43	53	21	61	63	31	25	17	56	37	53	41	9	13	43	17	34	28	52	26	54	58	45	
37	59	43	35	59	27	41	19	40	45	63	20	27	62	33	44	23	8	12	33	26	60	20	53	61	44	34	37	50	37	47	0	52	13	23	56	14	20	57	10	49	25	28	35	34	23	7	50	15	50	39	36	59	60	7	56	42	34	8	32	50	62	51	21	29	58	28	14	32	43	37	23	19	5	44	21	24	8	34	7	44	14	46	12	30	54	6	41	22	21	23	40	56	48	39	21	31	25	60	46	24	29	33	26	42	56	60	58	35	9	13	39	28	38	26	18	53	23	39	23	21	29	35	15	16	23	25	11	61	22	57	25	21	32	54	61	32	10	10	12	39	60	5	50	30	25	12	29	21	33	20	
63	26	13	20	34	36	11	53	39	15	10	52	26	48	43	43	65	59	64	62	39	49	39	29	43	18	52	15	2	21	10	52	0	65	38	46	57	41	31	61	7	37	24	36	18	52	55	40	58	4	46	30	33	7	46	46	57	74	59	56	46	51	8	41	71	32	58	48	53	24	43	66	67	57	8	59	55	56	41	55	8	53	24	50	34	16	56	14	58	35	44	32	6	24	24	47	54	32	43	18	52	28	49	67	47	16	9	46	17	59	53	37	70	17	66	50	28	43	25	53	71	71	32	38	37	40	34	60	53	60	11	68	70	29	16	8	55	42	59	48	13	9	47	27	43	36	58	35	55	67	46	
44	70	56	47	69	37	55	27	48	59	76	23	41	69	40	51	18	7	1	32	38	66	30	64	69	58	37	51	63	51	60	13	65	0	33	63	20	29	67	8	62	38	41	44	47	32	14	58	20	63	44	49	69	73	19	63	45	26	7	34	57	69	63	30	22	68	29	25	40	57	43	17	10	9	57	27	26	10	46	14	57	23	60	22	43	67	9	54	22	34	30	50	68	59	50	31	34	38	68	60	32	43	38	20	47	68	74	65	48	8	17	47	21	51	21	23	64	35	53	25	11	22	45	28	28	36	36	8	67	20	71	18	10	46	68	74	40	23	8	20	52	73	18	61	37	35	10	39	29	30	31	
56	37	35	18	36	4	30	38	16	39	49	13	24	38	11	21	26	26	32	24	35	36	3	31	38	39	17	27	36	34	30	23	38	33	0	33	36	4	34	33	39	33	18	12	23	40	30	26	37	35	17	39	36	46	17	33	25	36	26	19	27	39	34	3	32	35	19	31	48	42	15	28	30	28	30	42	17	23	43	30	31	34	44	31	36	47	24	24	19	26	5	17	40	26	18	36	17	28	37	42	41	30	15	28	20	36	48	34	23	25	16	15	32	31	27	12	31	35	39	14	34	32	12	20	11	33	4	25	38	22	47	30	34	35	47	47	49	16	25	13	25	44	21	28	8	2	23	6	41	28	34	
88	22	52	34	15	30	45	70	16	56	52	40	49	5	23	12	51	57	63	38	64	3	36	17	7	58	28	45	45	56	36	56	46	63	33	0	69	36	16	65	51	62	42	21	42	72	63	7	70	42	19	63	16	51	50	0	25	54	57	33	7	6	38	35	54	15	38	63	79	63	19	53	57	60	41	75	39	54	72	63	43	67	64	64	64	61	56	35	43	56	33	18	42	22	26	67	32	56	6	59	73	56	26	51	17	31	53	2	41	55	46	17	54	51	50	40	18	66	61	38	61	54	23	52	44	63	32	55	7	46	57	54	61	60	61	50	80	50	55	45	39	44	54	19	26	32	53	27	73	44	66	
24	69	45	43	70	39	46	8	53	46	67	34	31	75	47	57	35	20	19	47	21	73	33	64	74	45	48	42	55	38	55	14	57	20	36	69	0	33	68	12	52	22	35	48	40	12	7	63	1	56	53	34	70	64	19	69	57	46	19	47	64	76	58	34	41	69	42	9	20	42	51	35	30	13	50	7	38	21	27	7	49	4	45	7	27	54	18	49	36	22	37	52	62	58	49	13	46	25	73	47	13	30	48	38	55	64	64	71	42	21	27	52	40	41	38	33	64	17	38	37	31	41	47	20	26	19	37	23	74	36	59	37	30	31	55	65	20	20	22	26	46	66	15	61	43	37	25	42	9	47	13	
54	41	37	21	40	8	32	35	20	41	52	10	24	42	14	24	23	22	28	22	33	39	2	35	41	41	17	29	39	35	34	20	41	29	4	36	33	0	38	29	41	32	20	15	25	38	26	30	34	38	19	39	40	49	14	36	26	33	22	19	30	42	37	1	29	39	18	28	46	43	17	25	26	24	33	39	14	19	42	26	33	31	45	28	36	49	20	28	16	25	5	21	43	30	21	34	17	28	40	43	39	30	16	25	22	40	50	38	25	21	12	19	29	33	24	9	35	34	39	12	30	29	16	18	10	32	7	21	41	19	49	27	30	35	49	50	47	14	21	9	28	47	18	32	10	6	19	10	38	26	32	
83	6	41	26	2	30	34	67	20	44	37	45	42	17	28	21	58	60	66	47	58	18	37	3	12	46	36	35	31	46	22	57	31	67	34	16	68	38	0	67	38	56	35	23	33	68	63	13	69	28	27	54	2	36	50	16	37	63	60	42	19	20	23	37	62	1	46	60	73	52	26	60	63	61	29	72	46	57	64	63	31	65	53	61	56	48	58	24	49	50	37	17	27	10	19	63	40	49	12	47	69	48	34	58	26	16	38	15	31	59	50	20	62	40	57	45	4	61	51	44	67	62	22	48	42	58	31	59	22	52	42	61	67	52	47	35	75	48	59	47	29	29	54	7	31	32	57	28	70	54	61	
36	69	51	45	69	37	50	19	49	53	72	27	36	71	42	53	24	10	7	38	31	68	29	63	71	52	41	46	59	45	57	10	61	8	33	65	12	29	67	0	58	31	38	45	43	24	7	59	12	59	47	43	69	69	17	65	49	34	9	38	59	71	61	30	29	68	34	17	32	51	46	24	18	5	53	19	30	12	38	7	53	15	53	15	36	62	10	51	27	28	32	50	65	58	49	24	38	33	70	54	25	37	41	27	50	66	70	67	45	11	20	48	28	46	27	25	63	28	46	29	19	29	45	23	26	29	35	13	69	26	66	25	18	39	62	70	32	20	12	20	49	70	14	60	38	34	15	39	21	36	23	
56	34	7	21	40	37	8	47	42	8	15	52	21	54	45	47	64	56	61	63	33	54	39	35	50	10	54	12	7	15	15	49	7	62	39	51	52	41	38	58	0	31	21	39	16	46	51	45	53	10	49	22	39	12	43	51	60	74	56	58	51	57	14	40	70	39	58	43	46	16	46	65	65	54	10	53	56	54	34	51	8	48	16	45	28	10	54	17	57	30	44	36	14	29	27	41	55	26	49	10	46	22	51	66	50	23	12	51	15	56	51	40	70	11	65	50	34	37	18	53	69	70	35	34	35	34	34	57	58	60	8	67	68	23	10	14	48	39	57	46	13	16	44	32	44	37	56	37	49	67	40	
27	55	24	29	59	34	26	16	47	24	46	40	13	67	44	52	47	34	37	54	2	66	30	52	65	22	50	23	35	16	37	25	37	38	33	62	22	32	56	31	31	0	20	42	22	15	24	55	23	36	50	11	58	43	23	62	58	59	34	51	58	69	39	32	54	57	49	14	17	19	47	48	45	29	31	22	45	33	10	24	29	18	22	17	5	31	32	33	44	7	37	44	42	45	37	10	49	6	64	24	15	9	48	50	53	47	43	64	25	35	35	45	53	20	50	38	52	6	15	43	47	54	39	14	22	3	31	37	69	45	37	50	47	8	32	45	19	20	36	31	28	46	21	49	42	33	37	36	18	56	9	
47	35	17	9	38	18	13	32	28	21	34	30	7	47	28	33	42	35	40	42	22	46	17	32	44	21	35	9	21	16	20	28	24	41	18	42	35	20	35	38	21	20	0	23	5	33	32	35	36	21	33	21	38	31	21	42	43	53	34	38	39	49	23	19	49	37	38	26	37	24	30	43	43	33	15	38	34	32	29	32	15	31	26	28	21	29	32	14	36	14	24	24	27	25	16	27	36	14	43	23	33	13	33	44	35	29	32	43	7	34	29	26	48	13	44	28	31	25	21	32	47	49	20	15	13	22	15	36	49	38	30	46	46	18	29	33	39	18	35	24	11	32	23	28	26	17	35	19	35	46	26	
67	27	38	18	25	8	31	49	5	42	46	22	30	26	7	10	35	37	43	27	44	24	15	20	26	43	16	30	34	39	26	35	36	44	12	21	48	15	23	45	39	42	23	0	26	51	42	14	49	32	10	45	25	43	29	21	21	42	37	21	16	27	30	14	39	24	24	42	58	47	7	37	40	40	29	54	23	34	52	42	31	46	49	42	44	48	35	22	26	35	14	6	35	17	12	46	19	36	25	45	52	37	13	36	12	29	45	23	25	36	27	3	39	35	35	22	20	45	44	21	44	39	4	31	22	43	11	36	26	30	46	38	44	42	49	44	59	28	36	24	25	39	33	18	8	10	34	6	52	33	45	
50	32	12	8	36	21	7	36	30	16	29	35	9	47	31	35	48	41	46	47	25	46	23	30	43	17	39	4	16	13	15	34	18	47	23	42	40	25	33	43	16	22	5	26	0	36	37	35	41	16	36	21	36	25	27	42	46	58	40	42	40	49	18	24	54	35	42	31	40	21	33	49	49	39	10	42	39	38	30	37	9	36	23	33	22	24	38	10	41	18	29	25	22	23	16	31	40	16	43	19	37	14	36	50	38	25	26	43	2	40	35	28	53	9	49	34	29	28	18	37	53	54	22	20	19	25	19	41	49	44	24	51	52	18	24	27	42	23	41	30	6	26	29	26	29	21	40	22	39	51	30	
15	68	39	42	71	43	41	4	56	39	61	42	27	77	52	61	46	31	30	56	13	76	37	65	76	37	55	37	50	31	51	23	52	32	40	72	12	38	68	24	46	15	33	51	36	0	18	65	12	51	58	25	70	58	25	72	63	57	30	54	67	79	54	38	52	69	51	9	9	33	55	46	41	24	45	8	47	31	16	18	44	9	36	11	18	46	29	46	45	18	43	54	57	58	49	5	53	20	75	38	1	24	54	49	60	61	58	74	38	32	36	55	51	35	49	40	64	9	29	45	42	52	49	20	29	12	40	34	78	45	52	48	41	23	47	60	9	23	33	33	42	61	21	61	48	41	35	45	3	56	6	
31	64	45	40	65	34	44	14	47	47	66	27	29	68	40	51	28	13	13	39	24	66	26	59	68	45	41	40	53	38	52	7	55	14	30	63	7	26	63	7	51	24	32	42	37	18	0	57	8	53	46	36	65	62	13	63	49	39	12	39	57	69	55	27	34	64	35	10	27	44	44	28	23	6	47	14	31	13	31	0	47	9	46	8	29	55	11	46	28	21	30	47	59	53	44	17	38	26	67	47	19	30	41	31	49	61	63	65	39	14	20	46	33	40	31	25	59	21	39	30	24	34	41	17	21	22	31	16	68	28	59	30	23	32	56	64	27	15	15	19	43	64	9	56	37	31	17	36	16	39	17	
81	19	46	27	13	23	38	64	10	50	47	35	42	12	18	8	47	51	57	35	57	10	30	13	11	51	24	38	39	49	30	50	40	58	26	7	63	30	13	59	45	55	35	14	35	65	57	0	64	36	15	56	14	45	44	7	23	51	51	29	6	13	32	29	50	13	34	57	72	56	15	49	53	54	35	68	35	48	64	57	37	61	57	57	57	55	50	28	39	48	27	11	36	16	19	60	28	49	10	53	66	48	22	47	13	26	47	8	34	50	41	11	50	44	46	35	13	59	54	34	57	50	16	45	37	56	25	50	13	42	51	50	57	53	55	45	73	43	50	39	32	39	48	13	21	25	47	21	66	41	59	
24	70	46	44	71	40	47	8	54	47	68	35	32	76	48	58	35	20	19	47	22	74	33	65	75	46	49	43	56	39	56	15	58	20	37	70	1	34	69	12	53	23	36	49	41	12	8	64	0	57	53	34	71	65	20	70	57	46	19	47	65	76	59	35	41	70	43	10	20	43	51	35	30	13	51	7	39	21	28	8	50	5	46	8	28	55	19	50	36	23	38	53	63	59	50	14	46	26	74	47	13	31	48	38	56	65	65	72	43	21	28	53	40	41	39	33	65	18	39	38	31	41	48	21	27	20	38	23	75	36	60	37	30	32	56	66	20	21	22	26	47	67	15	62	44	38	25	43	9	47	14	
63	23	15	17	30	32	10	52	35	17	14	48	25	44	39	39	62	56	62	58	39	45	36	25	40	19	48	14	3	22	6	50	4	63	35	42	56	38	28	59	10	36	21	32	16	51	53	36	57	0	42	30	29	11	43	42	53	71	56	53	42	47	4	37	68	29	54	47	53	26	39	63	64	55	6	58	52	54	42	53	7	52	26	49	35	19	54	10	54	34	41	28	6	20	20	46	50	31	39	20	51	27	45	63	43	13	13	42	14	56	49	33	67	17	63	47	24	42	26	50	68	68	28	36	34	39	31	57	49	57	15	65	67	30	19	12	55	39	56	45	10	10	45	23	39	33	55	32	54	63	45	
73	33	48	28	28	15	41	55	7	52	55	21	39	24	5	7	32	38	44	20	52	21	20	26	26	53	9	40	44	49	36	39	46	44	17	19	53	19	27	47	49	50	33	10	36	58	46	15	53	42	0	54	29	53	33	19	11	36	38	14	12	24	39	19	35	28	19	48	65	57	3	34	38	42	39	59	20	35	60	46	41	51	59	48	53	59	37	32	24	43	15	14	45	25	22	53	13	45	25	55	58	46	7	32	2	37	55	21	35	37	27	9	35	45	31	21	26	53	54	19	42	35	14	38	29	50	18	36	22	27	56	35	42	51	59	53	66	34	36	27	35	49	38	24	9	17	34	14	58	26	52	
33	52	16	29	57	39	21	27	50	15	37	48	15	68	49	55	57	45	48	61	12	67	37	51	64	13	56	19	28	8	33	36	30	49	39	63	34	39	54	43	22	11	21	45	21	25	36	56	34	30	54	0	56	34	33	63	64	68	44	58	61	70	34	39	64	56	56	25	24	8	51	58	55	40	26	32	52	43	11	36	24	29	11	28	6	21	42	30	52	15	44	45	36	44	37	21	56	11	64	14	24	9	54	60	57	43	34	64	23	45	44	48	63	14	59	46	50	16	5	50	58	64	42	22	29	14	36	47	70	54	28	60	57	4	22	36	26	29	46	39	25	39	31	47	47	38	47	40	28	64	20	
85	7	43	28	1	32	36	69	22	46	38	47	44	16	30	22	59	62	68	49	60	18	39	5	11	48	38	37	32	48	24	59	33	69	36	16	70	40	2	69	39	58	38	25	36	70	65	14	71	29	29	56	0	37	52	16	38	65	62	43	20	19	25	39	64	1	47	63	75	54	28	61	65	64	31	75	47	59	66	65	33	67	55	64	58	49	60	26	51	52	39	19	28	12	21	65	42	52	11	49	71	50	35	60	28	17	39	15	33	61	52	22	63	42	59	47	6	63	53	46	69	64	24	50	44	60	33	61	22	54	43	63	69	54	49	36	77	50	61	49	31	30	56	9	33	34	59	30	72	55	64	
68	30	19	28	38	43	18	59	46	19	3	60	33	53	50	49	73	67	72	69	45	54	47	34	48	21	59	22	10	27	17	60	7	73	46	51	64	49	36	69	12	43	31	43	25	58	62	45	65	11	53	34	37	0	53	51	64	82	66	64	52	56	13	48	79	37	65	54	58	27	51	74	74	65	16	65	63	64	45	62	16	59	26	57	40	16	64	22	65	41	52	39	9	29	31	53	62	38	48	21	58	34	57	75	54	20	2	51	24	66	60	44	78	23	74	58	33	49	29	61	78	79	39	45	45	46	42	67	58	68	8	76	78	35	15	2	60	49	67	56	21	7	55	32	50	44	66	43	61	75	52	
40	52	37	28	52	21	35	21	34	40	56	17	21	56	28	38	24	13	18	31	24	54	13	47	55	39	30	31	43	32	41	7	46	19	17	50	19	14	50	17	43	23	21	29	27	25	13	44	20	43	33	33	52	53	0	50	38	35	13	29	45	56	44	15	31	51	26	15	33	39	31	25	22	12	37	25	22	11	33	13	37	17	42	14	28	48	10	34	21	17	18	34	49	41	32	21	28	21	54	41	26	25	29	27	36	49	54	52	29	13	12	33	30	32	26	15	46	23	35	20	26	31	28	10	9	22	18	14	55	22	51	27	25	29	49	55	34	4	14	8	32	53	4	43	24	18	14	23	24	33	20	
88	22	52	34	15	30	45	70	16	56	52	40	49	5	23	12	51	57	63	38	64	3	36	17	7	58	28	45	45	56	36	56	46	63	33	0	69	36	16	65	51	62	42	21	42	72	63	7	70	42	19	63	16	51	50	0	25	54	57	33	7	6	38	35	54	15	38	63	79	63	19	53	57	60	41	75	39	54	72	63	43	67	64	64	64	61	56	35	43	56	33	18	42	22	26	67	32	56	6	59	73	56	26	51	17	31	53	2	41	55	46	17	54	51	50	40	18	66	61	38	61	54	23	52	44	63	32	55	7	46	57	54	61	60	61	50	80	50	55	45	39	44	54	19	26	32	53	27	73	44	66	
79	43	58	39	37	25	52	60	18	62	67	22	49	29	15	16	29	39	45	14	60	26	27	36	32	63	8	50	56	59	47	42	57	45	25	25	57	26	37	49	60	58	43	21	46	63	49	23	57	53	11	64	38	64	38	25	0	30	40	10	18	28	51	25	30	37	16	54	72	67	13	31	36	45	50	64	19	37	68	49	52	56	69	53	61	69	39	43	23	51	21	25	56	36	33	60	11	53	31	65	64	55	10	28	10	48	66	26	45	38	29	20	30	55	27	24	36	60	64	19	39	30	25	45	36	58	28	37	25	25	68	31	40	60	70	64	72	40	37	31	46	60	43	35	17	26	34	24	63	20	58	
70	68	70	54	65	39	66	53	43	73	85	22	55	59	35	43	11	26	27	16	59	56	35	61	61	73	27	62	72	67	66	34	74	26	36	54	46	33	63	34	74	59	53	42	58	57	39	51	46	71	36	68	65	82	35	54	30	0	27	21	47	58	70	33	5	64	17	48	66	74	37	11	16	33	66	53	19	26	68	39	67	48	77	46	63	82	28	60	17	53	30	48	75	59	53	55	23	57	60	75	58	60	29	8	37	71	84	56	58	25	24	43	6	65	8	24	62	57	70	21	16	5	44	45	40	57	40	23	55	14	83	9	17	64	82	83	66	39	24	29	61	80	37	59	33	38	22	40	55	10	54	
43	63	50	40	62	30	48	26	41	53	69	18	34	62	34	44	16	1	6	28	34	60	23	57	63	52	32	44	56	45	53	8	59	7	26	57	19	22	60	9	56	34	34	37	40	30	12	51	19	56	38	44	62	66	13	57	40	27	0	29	51	63	56	23	22	61	24	21	39	51	37	16	11	6	50	26	21	3	42	12	50	21	54	19	38	61	2	47	17	29	24	43	62	52	43	28	29	33	62	54	31	37	32	19	41	61	67	59	42	2	11	41	21	45	19	17	57	31	47	20	13	22	38	22	21	31	29	4	61	17	64	18	13	40	62	67	39	17	3	13	45	66	12	54	30	28	5	32	28	27	27	
70	47	55	36	43	21	49	51	21	59	67	12	43	38	14	21	18	29	34	5	52	35	21	40	40	59	5	47	54	54	47	32	56	34	19	33	47	19	42	38	58	51	38	21	42	54	39	29	47	53	14	58	43	64	29	33	10	21	29	0	26	37	51	19	21	42	5	44	63	62	15	20	26	34	48	54	8	26	61	39	50	46	64	43	55	66	29	42	12	44	14	27	56	38	33	51	2	47	39	61	55	49	8	18	16	50	66	35	42	27	19	22	21	51	17	14	40	52	58	9	29	21	24	37	29	50	23	26	34	14	66	21	29	54	67	64	63	31	26	21	44	60	33	38	13	21	24	21	54	12	50	
83	26	51	32	19	24	44	65	11	55	54	33	46	12	17	6	44	50	56	31	60	9	31	19	14	56	21	43	45	54	36	50	46	57	27	7	64	30	19	59	51	58	39	16	40	67	57	6	65	42	12	61	20	52	45	7	18	47	51	26	0	12	38	30	47	19	31	58	74	61	13	46	50	54	41	70	32	47	68	57	43	62	63	58	60	61	49	34	36	51	27	15	43	22	24	63	25	52	13	58	68	52	19	44	10	33	54	9	39	49	39	13	47	49	43	34	20	62	59	31	54	47	19	47	38	59	27	48	10	39	57	47	54	57	61	51	76	44	49	38	38	46	49	20	20	26	46	22	68	37	61	
94	26	58	40	18	36	51	77	22	62	57	45	56	3	29	18	55	62	68	42	71	2	43	22	8	64	32	52	50	62	41	62	51	69	39	6	76	42	20	71	57	69	49	27	49	79	69	13	76	47	24	70	19	56	56	6	28	58	63	37	12	0	43	41	58	19	42	70	85	69	25	57	62	66	47	81	44	60	78	69	49	74	70	70	70	67	61	41	48	62	39	25	47	27	32	74	36	63	8	65	79	62	31	55	21	36	58	5	47	61	52	24	58	57	54	46	23	73	68	43	66	58	29	58	50	70	38	60	3	50	62	58	66	67	66	55	87	56	61	51	45	49	61	24	32	38	58	34	80	48	72	
66	19	19	16	26	31	13	54	32	22	16	48	27	40	37	36	61	57	62	56	42	41	35	21	35	24	46	16	7	26	3	51	8	63	34	38	58	37	23	61	14	39	23	30	18	54	55	32	59	4	39	34	25	13	44	38	51	70	56	51	38	43	0	36	67	25	53	49	57	30	37	62	63	56	8	60	51	54	45	55	10	54	30	51	38	24	54	9	53	36	39	25	5	16	17	49	48	33	35	25	54	30	43	63	40	9	15	38	16	56	49	30	66	20	62	46	20	45	30	49	67	67	26	38	35	42	30	57	45	56	19	64	67	33	24	13	58	40	57	45	12	10	46	19	37	32	55	30	56	62	47	
54	40	37	20	39	7	32	36	19	40	51	11	24	41	13	23	24	23	29	23	34	39	2	34	40	40	17	29	38	35	33	21	41	30	3	35	34	1	37	30	40	32	19	14	24	38	27	29	35	37	19	39	39	48	15	35	25	33	23	19	30	41	36	0	30	38	18	29	46	43	16	26	27	25	32	40	15	20	42	27	33	32	45	29	36	48	21	27	16	25	5	20	42	29	20	34	17	28	39	43	39	30	15	26	22	39	50	37	25	22	13	18	29	32	25	10	34	34	39	13	31	30	15	19	10	32	6	22	40	19	49	28	31	35	49	49	47	15	22	10	27	46	19	31	10	5	20	9	39	27	33	
65	67	66	51	63	36	62	48	41	69	82	19	51	59	33	42	6	21	22	16	54	56	31	60	61	69	26	58	69	62	63	29	71	22	32	54	41	29	62	29	70	54	49	39	54	52	34	50	41	68	35	64	64	79	31	54	30	5	22	21	47	58	67	30	0	63	16	43	61	70	35	6	11	28	62	48	16	21	63	34	63	43	72	41	59	78	23	57	13	48	27	46	72	57	50	50	22	52	60	71	53	55	28	4	37	68	80	56	55	20	19	42	1	61	5	20	60	52	66	18	12	0	42	41	36	52	37	18	55	10	79	4	13	60	78	80	61	34	19	24	58	77	32	57	31	35	17	37	50	10	49	
84	7	42	27	1	31	35	68	21	46	38	46	44	16	29	21	58	61	67	48	59	17	38	5	11	47	37	37	32	47	24	58	32	68	35	15	69	39	1	68	39	57	37	24	35	69	64	13	70	29	28	56	1	37	51	15	37	64	61	42	19	19	25	38	63	0	46	62	75	53	27	60	64	63	30	74	46	58	65	64	33	66	54	63	58	49	59	25	50	51	38	18	28	12	20	64	41	51	11	49	70	49	34	59	27	17	39	14	33	60	51	21	62	42	58	46	5	62	53	45	68	63	23	50	43	59	32	60	21	53	43	62	68	53	49	36	76	49	60	48	30	30	55	8	32	33	58	29	71	54	63	
66	51	55	37	47	22	50	47	25	59	68	9	42	43	17	26	13	24	29	5	50	40	20	44	45	59	10	47	56	53	49	28	58	29	19	38	42	18	46	34	58	49	38	24	42	51	35	34	43	54	19	56	47	65	26	38	16	17	24	5	31	42	53	18	16	46	0	41	59	61	19	15	20	30	50	50	4	22	59	35	51	43	63	40	53	67	24	43	7	42	13	30	58	41	35	48	6	45	44	61	52	47	12	13	21	53	67	40	43	22	15	26	16	51	12	11	44	49	57	6	24	16	27	35	27	48	23	21	39	8	67	16	24	52	67	66	60	29	21	18	45	62	30	42	15	21	19	22	50	9	46	
25	61	36	35	63	33	37	7	47	37	58	32	22	69	42	52	37	22	23	46	13	67	27	57	67	36	45	33	46	29	46	14	48	25	31	63	9	28	60	17	43	14	26	42	31	9	10	57	10	47	48	25	63	54	15	63	54	48	21	44	58	70	49	29	43	62	41	0	18	33	46	37	32	16	41	12	37	22	21	10	40	5	36	2	19	45	20	40	35	13	33	46	53	50	41	7	43	16	66	38	10	21	44	40	51	55	55	65	33	23	26	46	42	31	40	30	56	10	29	35	35	43	40	12	19	11	31	25	69	36	50	39	34	22	46	56	18	14	24	23	37	57	11	53	39	31	26	36	9	47	6	
9	72	39	47	76	50	43	13	63	39	61	50	31	84	59	68	55	40	39	64	15	82	44	70	82	37	63	40	51	31	55	32	53	40	48	79	20	46	73	32	46	17	37	58	40	9	27	72	20	53	65	24	75	58	33	79	72	66	39	63	74	85	57	46	61	75	59	18	0	32	62	55	50	33	48	14	55	40	13	27	46	18	34	20	18	45	38	50	53	23	50	60	59	63	54	12	61	23	81	38	8	26	62	58	68	65	58	80	42	41	44	61	60	36	58	49	69	12	29	54	51	61	55	27	36	15	47	43	85	54	52	57	50	23	46	60	2	31	42	41	46	62	29	66	56	48	44	52	11	65	13	
41	49	11	29	55	42	18	35	51	8	30	53	18	67	52	56	63	52	55	66	21	67	41	49	63	6	59	17	23	8	30	43	24	57	42	63	42	43	52	51	16	19	24	47	21	33	44	56	43	26	57	8	54	27	39	63	67	74	51	62	61	69	30	43	70	53	61	33	32	0	54	64	62	48	23	41	57	50	19	44	20	38	2	36	15	13	49	28	58	22	48	46	30	42	37	29	60	18	63	6	33	14	57	66	59	39	26	64	22	52	50	49	69	12	65	51	48	25	4	55	65	70	43	29	34	22	39	54	70	60	20	66	64	11	14	29	34	35	53	45	23	33	39	46	50	41	54	43	37	69	29	
71	31	45	25	27	13	38	53	5	49	53	20	36	25	3	7	32	37	43	21	49	22	18	24	26	50	10	37	42	46	34	37	43	43	15	19	51	17	26	46	46	47	30	7	33	55	44	15	51	39	3	51	28	51	31	19	13	37	37	15	13	25	37	16	35	27	19	46	62	54	0	34	38	41	36	57	20	34	57	44	38	49	56	45	50	56	36	29	24	40	13	12	42	23	19	51	13	42	25	52	56	43	7	32	5	35	52	21	32	36	26	7	35	42	31	20	25	50	51	19	42	35	11	35	26	48	16	35	23	27	54	35	42	48	56	51	64	31	35	25	32	46	36	23	7	14	33	11	55	27	49	
59	64	61	46	61	32	57	42	39	64	77	15	46	58	31	41	2	15	17	17	48	55	27	57	60	63	25	53	64	57	59	23	66	17	28	53	35	25	60	24	65	48	43	37	49	46	28	49	35	63	34	58	61	74	25	53	31	11	16	20	46	57	62	26	6	60	15	37	55	64	34	0	6	22	58	42	14	15	57	28	58	37	67	35	53	72	17	53	10	42	23	43	68	54	46	44	21	46	59	66	47	50	27	3	36	64	75	55	50	14	14	39	5	56	4	16	57	46	60	15	8	6	39	35	30	46	32	12	55	7	74	2	9	54	73	75	55	29	13	19	53	72	26	55	28	30	11	33	44	13	43	
54	67	60	47	65	34	57	37	43	62	77	18	44	62	35	45	7	10	11	23	45	60	28	60	64	62	30	53	64	55	60	19	67	10	30	57	30	26	63	18	65	45	43	40	49	41	23	53	30	64	38	55	65	74	22	57	36	16	11	26	50	62	63	27	11	64	20	32	50	62	38	6	0	17	58	37	18	11	53	23	58	32	65	30	50	71	13	54	14	39	26	46	69	56	48	40	26	44	63	64	42	48	31	10	40	66	76	59	50	9	14	43	10	55	10	18	60	43	58	19	4	11	41	33	29	43	34	8	60	11	73	7	4	51	72	76	50	27	8	18	53	73	23	57	32	32	8	35	39	19	39	
37	64	48	40	64	32	46	20	44	50	68	22	32	66	37	48	22	7	7	34	29	63	24	58	66	49	36	42	55	42	52	5	57	9	28	60	13	24	61	5	54	29	33	40	39	24	6	54	13	55	42	40	64	65	12	60	45	33	6	34	54	66	56	25	28	63	30	16	33	48	41	22	17	0	49	20	26	8	37	6	49	15	50	13	34	58	5	46	23	25	27	45	61	53	44	23	33	29	65	51	25	34	37	25	45	61	65	62	40	8	15	43	27	43	25	21	58	26	43	25	18	28	40	19	21	26	30	10	65	22	62	24	18	36	59	66	33	15	9	15	44	65	9	55	34	29	11	34	22	33	22	
58	26	11	12	32	28	5	46	32	15	19	43	19	44	35	37	56	50	56	54	33	45	31	26	40	17	44	8	6	17	7	44	8	57	30	41	50	33	29	53	10	31	15	29	10	45	47	35	51	6	39	26	31	16	37	41	50	66	50	48	41	47	8	32	62	30	50	41	48	23	36	58	58	49	0	52	47	48	37	47	2	46	23	43	29	20	48	7	49	28	36	26	12	19	17	40	46	25	40	18	46	22	42	58	41	17	17	42	8	50	44	30	62	12	58	42	25	37	22	45	62	62	25	30	29	33	26	51	48	52	17	60	61	25	20	17	50	33	51	39	5	16	39	23	35	28	50	27	48	59	39	
17	73	46	47	75	45	48	6	59	46	68	41	33	80	53	63	42	27	26	54	20	79	38	69	79	45	55	44	57	38	57	21	59	27	42	75	7	39	72	19	53	22	38	54	42	8	14	68	7	58	59	32	75	65	25	75	64	53	26	54	70	81	60	40	48	74	50	12	14	41	57	42	37	20	52	0	46	28	24	14	51	7	44	11	26	54	26	52	43	24	43	57	64	62	53	12	53	27	78	46	8	31	54	45	62	67	65	77	44	28	34	57	47	42	46	39	68	16	37	44	38	48	52	24	31	19	43	30	80	43	60	44	37	30	55	67	13	25	29	33	48	68	21	65	50	43	32	47	4	54	13	
62	50	52	35	47	19	47	43	25	55	66	5	38	44	17	27	12	20	25	9	46	41	17	43	46	55	11	44	53	49	47	24	55	26	17	39	38	14	46	30	56	45	34	23	39	47	31	35	39	52	20	52	47	63	22	39	19	19	21	8	32	44	51	15	16	46	4	37	55	57	20	14	18	26	47	46	0	18	55	31	48	39	60	36	49	64	20	41	4	38	11	29	56	40	33	43	8	41	45	58	48	44	13	12	22	51	65	41	40	19	11	25	16	47	11	7	43	45	54	2	22	16	25	31	23	44	21	17	41	7	64	15	22	48	64	64	56	25	18	14	42	61	25	41	14	19	15	20	46	12	42	
45	60	48	37	59	27	46	27	38	51	67	15	33	59	31	41	15	3	9	26	33	57	20	54	60	50	29	42	54	43	50	8	56	10	23	54	21	19	57	12	54	33	32	34	38	31	13	48	21	54	35	43	59	64	11	54	37	26	3	26	47	60	54	20	21	58	22	22	40	50	34	15	11	8	48	28	18	0	42	13	48	22	53	20	38	60	2	44	15	28	20	40	59	49	40	29	26	32	59	53	32	36	29	18	38	58	65	56	39	2	8	37	20	43	18	13	54	31	46	17	14	21	35	21	19	31	26	3	58	14	62	17	14	39	60	65	40	15	2	10	43	64	12	51	27	25	4	29	29	25	28	
22	62	27	38	67	44	32	19	57	26	48	50	22	76	55	62	57	43	44	64	9	75	41	60	73	24	60	29	39	19	44	34	41	46	43	72	27	42	64	38	34	10	29	52	30	16	31	64	28	42	60	11	66	45	33	72	68	68	42	61	68	78	45	42	63	65	59	21	13	19	57	57	53	37	37	24	55	42	0	31	35	23	21	23	7	32	40	40	54	17	47	53	47	53	46	14	59	15	73	25	15	16	58	60	63	54	45	73	32	43	45	55	62	25	59	48	60	10	16	53	56	63	49	24	32	11	41	45	78	55	39	59	55	12	33	48	15	30	44	41	35	50	30	57	52	43	46	46	20	66	14	
31	64	45	40	65	34	44	14	47	47	66	27	29	68	40	51	28	13	13	39	24	66	26	59	68	45	41	40	53	38	52	7	55	14	30	63	7	26	63	7	51	24	32	42	37	18	0	57	8	53	46	36	65	62	13	63	49	39	12	39	57	69	55	27	34	64	35	10	27	44	44	28	23	6	47	14	31	13	31	0	47	9	46	8	29	55	11	46	28	21	30	47	59	53	44	17	38	26	67	47	19	30	41	31	49	61	63	65	39	14	20	46	33	40	31	25	59	21	39	30	24	34	41	17	21	22	31	16	68	28	59	30	23	32	56	64	27	15	15	19	43	64	9	56	37	31	17	36	16	39	17	
56	28	9	13	34	29	3	45	34	13	19	44	18	47	37	39	57	51	55	55	32	47	31	28	43	14	46	7	6	15	9	44	8	57	31	43	49	33	31	53	8	29	15	31	9	44	47	37	50	7	41	24	33	16	37	43	52	67	50	50	43	49	10	33	63	33	51	40	46	20	38	58	58	49	2	51	48	48	35	47	0	45	21	42	28	18	48	9	50	27	37	28	13	22	19	39	47	24	42	16	44	20	43	59	42	19	17	44	8	50	44	32	62	10	58	43	27	35	20	46	62	63	26	29	29	32	27	51	50	53	16	60	62	23	18	17	48	33	51	40	5	17	39	25	36	29	50	29	47	60	38	
23	66	41	40	68	37	42	5	51	42	62	34	27	73	45	55	37	22	21	47	17	71	31	61	71	40	47	38	51	33	51	14	53	23	34	67	4	31	65	15	48	18	31	46	36	9	9	61	5	52	51	29	67	59	17	67	56	48	21	46	62	74	54	32	43	66	43	5	18	38	49	37	32	15	46	7	39	22	23	9	45	0	40	3	23	50	20	45	36	18	36	50	58	55	46	9	45	21	71	42	10	25	47	40	54	60	60	69	38	23	27	50	42	36	40	32	61	13	34	37	33	43	44	16	23	15	35	25	73	36	55	39	32	26	51	61	18	17	24	25	42	62	13	58	42	35	26	40	7	48	9	
43	49	12	31	55	44	19	38	53	8	28	55	21	68	54	58	66	55	58	68	23	68	43	50	64	6	61	19	23	10	30	46	24	60	44	64	45	45	53	53	16	22	26	49	23	36	46	57	46	26	59	11	55	26	42	64	69	77	54	64	63	70	30	45	72	54	63	36	34	2	56	67	65	50	23	44	60	53	21	46	21	40	0	39	17	11	52	29	60	25	50	47	30	43	38	32	62	21	64	5	35	17	59	68	61	39	25	65	24	55	53	51	72	14	68	53	49	27	7	58	68	72	45	32	37	25	41	57	71	63	18	69	67	14	12	28	36	38	56	48	25	32	41	47	52	43	56	45	39	72	31	
26	62	38	36	64	34	39	7	47	40	60	31	24	69	42	52	35	20	21	44	16	67	27	58	68	38	44	35	48	31	48	12	50	22	31	64	7	28	61	15	45	17	28	42	33	11	8	57	8	49	48	28	64	57	14	64	53	46	19	43	58	70	51	29	41	63	40	2	20	36	45	35	30	13	43	11	36	20	23	8	42	3	39	0	21	48	18	42	33	15	32	46	55	51	42	9	42	19	67	40	12	23	43	38	50	57	57	65	35	21	25	46	40	34	38	29	57	13	32	34	32	41	41	13	20	14	31	23	69	34	53	37	31	25	49	59	20	14	22	22	39	59	10	54	38	32	24	36	10	45	8	
28	55	21	30	59	37	25	20	49	21	43	44	14	68	47	55	52	39	42	58	5	67	34	53	66	19	53	21	33	13	36	30	34	43	36	64	27	36	56	36	28	5	21	44	22	18	29	57	28	35	53	6	58	40	28	64	61	63	38	55	60	70	38	36	59	58	53	19	18	15	50	53	50	34	29	26	49	38	7	29	28	23	17	21	0	27	37	32	48	11	41	45	40	45	38	14	53	8	65	20	18	8	51	55	55	47	40	65	24	40	40	47	58	18	55	42	52	9	11	47	52	59	41	18	26	7	34	42	70	50	34	55	51	5	28	42	20	24	41	35	28	44	26	49	45	36	42	39	21	60	13	
54	43	11	30	50	45	17	48	52	8	18	59	26	64	54	57	71	62	66	71	33	64	47	45	59	9	63	19	16	16	25	54	16	67	47	61	54	49	48	62	10	31	29	48	24	46	55	55	55	19	59	21	49	16	48	61	69	82	61	66	61	67	24	48	78	49	67	45	45	13	56	72	71	58	20	54	64	60	32	55	18	50	11	48	27	0	59	27	65	33	53	46	22	39	37	42	64	29	59	7	46	24	60	73	60	33	15	61	24	62	58	50	77	16	73	57	44	37	16	61	74	78	44	39	42	35	43	63	68	67	8	74	74	23	1	18	47	44	62	53	23	23	49	42	53	45	62	46	49	76	41	
43	61	48	38	60	28	46	25	39	50	67	17	32	61	32	43	17	2	8	28	32	59	21	55	61	50	31	42	54	43	51	6	56	9	24	56	18	20	58	10	54	32	32	35	38	29	11	50	19	54	37	42	60	64	10	56	39	28	2	29	49	61	54	21	23	59	24	20	38	49	36	17	13	5	48	26	20	2	40	11	48	20	52	18	37	59	0	44	17	27	22	41	59	50	41	27	28	31	60	52	30	35	31	20	40	58	65	57	39	3	10	39	22	43	20	15	55	30	45	19	15	23	36	20	19	30	27	5	59	17	62	19	15	38	60	65	38	15	4	11	43	64	10	52	29	26	6	30	27	28	26	
60	22	17	6	27	21	10	46	25	21	24	38	19	38	29	30	51	47	52	47	35	38	26	20	34	23	38	11	12	22	6	41	14	54	24	35	49	28	24	51	17	33	14	22	10	46	46	28	50	10	32	30	26	22	34	35	43	60	47	42	34	41	9	27	57	25	43	40	50	28	29	53	54	46	7	52	41	44	40	46	9	45	29	42	32	27	44	0	44	28	30	19	15	13	10	41	40	26	34	24	47	24	35	53	33	15	23	35	8	46	39	23	57	16	52	37	20	38	27	39	58	57	18	29	25	35	20	47	42	47	24	55	57	28	27	22	52	31	47	35	5	19	37	17	28	22	46	21	49	53	40	
60	54	53	37	51	22	49	41	29	56	68	5	39	48	21	31	8	17	22	11	45	45	18	47	50	56	15	45	55	50	50	22	58	22	19	43	36	16	49	27	57	44	36	26	41	45	28	39	36	54	24	52	51	65	21	43	23	17	17	12	36	48	53	16	13	50	7	35	53	58	24	10	14	23	49	43	4	15	54	28	50	36	60	33	48	65	17	44	0	37	13	33	59	44	36	42	12	41	49	59	46	44	17	9	26	55	67	45	41	15	9	29	13	48	8	7	47	44	54	5	18	13	29	30	23	43	23	14	45	3	66	11	18	48	65	66	54	24	14	13	44	63	24	44	18	21	12	23	43	12	41	
32	50	23	24	53	27	24	18	40	25	44	33	9	60	37	45	41	30	33	47	8	59	23	46	58	23	42	20	33	16	33	21	35	34	26	56	22	25	50	28	30	7	14	35	18	18	21	48	23	34	43	15	52	41	17	56	51	53	29	44	51	62	36	25	48	51	42	13	23	22	40	42	39	25	28	24	38	28	17	21	27	18	25	15	11	33	27	28	37	0	30	37	40	39	31	13	42	4	58	25	18	8	41	44	46	43	42	57	20	30	29	38	47	18	44	31	46	10	18	36	43	48	32	7	15	7	24	31	62	39	37	44	42	11	34	43	24	13	31	24	24	44	16	43	34	26	31	29	20	49	11	
58	40	41	24	39	8	36	40	17	45	55	8	29	39	10	21	21	23	29	18	39	36	7	34	39	45	12	33	42	40	36	23	44	30	5	33	37	5	37	32	44	37	24	14	29	43	30	27	38	41	15	44	39	52	18	33	21	30	24	14	27	39	39	5	27	38	13	33	50	48	13	23	26	27	36	43	11	20	47	30	37	36	50	32	41	53	22	30	13	30	0	20	45	30	22	38	12	33	38	47	43	35	11	23	18	41	53	35	29	22	13	17	26	37	22	8	34	39	44	9	30	27	15	24	15	37	10	22	37	17	53	25	30	40	53	53	51	19	22	11	31	49	22	31	6	7	20	9	43	23	37	
70	20	36	16	19	13	29	53	6	40	41	28	31	23	13	11	41	43	49	33	46	22	20	14	21	41	22	28	31	38	22	40	32	50	17	18	52	21	17	50	36	44	24	6	25	54	47	11	53	28	14	45	19	39	34	18	25	48	43	27	15	25	25	20	46	18	30	46	60	46	12	43	46	45	26	57	29	40	53	47	28	50	47	46	45	46	41	19	33	37	20	0	30	11	9	49	25	38	20	43	55	37	19	42	15	23	41	19	23	42	33	5	45	33	41	28	14	48	43	28	50	46	5	34	26	45	15	42	25	36	43	44	50	42	46	39	62	32	42	30	23	34	38	11	14	15	40	11	55	39	48	
69	21	20	21	29	36	16	58	37	22	10	53	31	44	42	41	66	62	67	62	44	45	41	25	39	24	52	20	7	27	9	56	6	68	40	42	62	43	27	65	14	42	27	35	22	57	59	36	63	6	45	36	28	9	49	42	56	75	62	56	43	47	5	42	72	28	58	53	59	30	42	68	69	61	12	64	56	59	47	59	13	58	30	55	40	22	59	15	59	40	45	30	0	20	23	52	54	37	39	24	57	33	49	68	46	11	11	42	20	61	55	35	72	22	67	52	24	48	31	54	73	72	32	42	40	45	35	62	49	62	15	70	72	35	21	8	61	45	62	50	16	4	51	23	43	37	61	36	60	67	51	
72	11	31	15	13	22	24	57	17	35	31	38	32	25	24	20	52	52	58	44	47	25	29	7	21	36	33	25	23	36	14	48	24	59	26	22	58	30	10	58	29	45	25	17	23	58	53	16	59	20	25	44	12	29	41	22	36	59	52	38	22	27	16	29	57	12	41	50	63	42	23	54	56	53	19	62	40	49	53	53	22	55	43	51	45	39	50	13	44	39	30	11	20	0	9	52	36	39	20	38	58	37	30	53	25	12	31	22	21	51	42	16	56	30	52	38	6	50	41	39	60	57	14	38	32	47	23	51	29	47	35	55	60	41	39	29	64	38	51	39	18	24	44	3	25	24	49	20	59	50	51	
64	20	27	8	21	14	20	48	15	31	33	31	24	30	19	20	44	43	49	38	39	29	20	15	27	32	28	19	22	30	14	39	24	50	18	26	49	21	19	49	27	37	16	12	16	49	44	19	50	20	22	37	21	31	32	26	33	53	43	33	24	32	17	20	50	20	35	41	54	37	19	46	48	44	17	53	33	40	46	44	19	46	38	42	38	37	41	10	36	31	22	9	23	9	0	44	31	31	27	34	49	30	25	46	23	18	33	27	14	42	34	13	49	25	45	30	15	42	35	31	52	50	8	29	23	39	14	42	33	39	34	48	52	34	37	31	56	29	42	30	14	27	35	12	19	15	41	13	51	44	42	
20	63	34	37	66	38	36	6	51	34	56	39	21	72	47	56	44	29	30	52	8	71	32	59	71	32	51	32	45	26	46	21	47	31	36	67	13	34	63	24	41	10	27	46	31	5	17	60	14	46	53	21	65	53	21	67	60	55	28	51	63	74	49	34	50	64	48	7	12	29	51	44	40	23	40	12	43	29	14	17	39	9	32	9	14	42	27	41	42	13	38	49	52	52	44	0	49	15	70	34	5	19	50	47	56	56	53	69	33	30	33	50	49	30	47	37	59	4	25	42	42	50	44	15	24	7	35	32	73	43	47	46	41	18	43	55	13	19	31	29	37	56	18	56	44	36	33	40	8	54	1	
68	45	53	34	41	18	47	50	19	56	64	11	41	37	12	20	19	28	33	7	50	34	19	38	39	57	4	44	52	51	45	31	54	34	17	32	46	17	40	38	55	49	36	19	40	53	38	28	46	50	13	56	42	62	28	32	11	23	29	2	25	36	48	17	22	41	6	43	61	60	13	21	26	33	46	53	8	26	59	38	47	45	62	42	53	64	28	40	12	42	12	25	54	36	31	49	0	45	38	59	54	47	6	19	15	48	63	34	40	27	18	20	22	49	18	13	38	50	56	8	29	22	22	35	27	48	21	25	33	14	64	22	30	52	65	62	62	30	26	20	42	58	32	36	11	18	23	18	52	13	48	
33	48	19	23	52	29	21	21	41	21	41	36	7	61	39	46	45	34	37	50	8	60	26	46	58	19	45	17	30	12	31	25	32	38	28	56	25	28	49	33	26	6	14	36	16	20	26	49	26	31	45	11	52	38	21	56	53	57	33	47	52	63	33	28	52	51	45	16	23	18	42	46	44	29	25	27	41	32	15	26	24	21	21	19	8	29	31	26	41	4	33	38	37	39	31	15	45	0	58	21	20	4	43	48	47	41	38	57	18	34	32	39	51	15	48	34	45	11	14	39	47	52	33	11	18	8	26	36	62	43	33	48	46	7	30	40	25	17	35	28	22	41	20	42	36	27	35	31	23	53	14	
90	18	52	35	10	33	44	73	20	55	49	45	51	5	28	18	57	62	68	44	66	7	40	14	1	57	34	45	42	56	34	60	43	68	37	6	73	40	12	70	49	64	43	25	43	75	67	10	74	39	25	64	11	48	54	6	31	60	62	39	13	8	35	39	60	11	44	66	81	63	25	59	63	65	40	78	45	59	73	67	42	71	64	67	65	59	60	34	49	58	38	20	39	20	27	70	38	58	0	58	76	57	32	57	23	28	50	5	41	60	51	21	60	51	56	45	15	68	61	44	67	60	26	55	47	65	35	60	11	52	54	60	67	61	59	47	82	53	60	49	39	41	58	17	31	35	58	31	76	50	68	
47	44	7	27	50	41	14	40	49	3	23	53	20	63	50	54	64	55	58	66	25	63	41	44	59	2	58	15	17	9	25	46	18	60	42	59	47	43	47	54	10	24	23	45	19	38	47	53	47	20	55	14	49	21	41	59	65	75	54	61	58	65	25	43	71	49	61	38	38	6	52	66	64	51	18	46	58	53	25	47	16	42	5	40	20	7	52	24	59	25	47	43	24	38	34	34	59	21	58	0	38	17	56	67	57	34	20	60	20	55	51	47	70	10	66	51	43	30	9	55	67	71	41	31	35	27	38	56	66	61	14	68	67	15	8	23	40	37	55	46	20	26	41	41	49	40	56	41	42	70	33	
15	68	39	42	71	43	41	5	57	39	61	43	27	78	53	62	47	32	31	57	13	77	38	65	76	37	55	37	50	31	52	24	52	32	41	73	13	39	69	25	46	15	33	52	37	1	19	66	13	51	58	24	71	58	26	73	64	58	31	55	68	79	54	39	53	70	52	10	8	33	56	47	42	25	46	8	48	32	15	19	44	10	35	12	18	46	30	47	46	18	43	55	57	58	49	5	54	20	76	38	0	24	55	50	61	62	58	75	39	33	37	55	52	35	50	41	65	9	29	46	43	53	50	21	29	12	41	35	79	46	52	49	42	23	47	60	8	24	34	34	43	61	22	61	49	41	36	46	4	57	7	
36	46	15	22	50	30	17	25	41	16	37	39	6	60	40	47	49	38	41	52	11	59	28	44	57	15	47	13	26	8	28	29	28	43	30	56	30	30	48	37	22	9	13	37	14	24	30	48	31	27	46	9	50	34	25	56	55	60	37	49	52	62	30	30	55	49	47	21	26	14	43	50	48	34	22	31	44	36	16	30	20	25	17	23	8	24	35	24	44	8	35	37	33	37	30	19	47	4	57	17	24	0	45	51	48	38	34	57	16	38	36	39	55	11	51	37	43	15	10	41	51	55	33	15	20	12	27	40	62	46	29	52	50	5	25	36	28	21	39	31	19	37	24	41	38	29	39	31	27	56	18	
69	39	49	30	35	15	43	51	13	53	59	14	39	31	6	14	25	32	38	13	50	28	17	32	33	53	2	41	47	49	40	33	49	38	15	26	48	16	34	41	51	48	33	13	36	54	41	22	48	45	7	54	35	57	29	26	10	29	32	8	19	31	43	15	28	34	12	44	62	57	7	27	31	37	42	54	13	29	58	41	43	47	59	43	51	60	31	35	17	41	11	19	49	30	25	50	6	43	32	56	55	45	0	25	9	42	58	28	36	30	21	14	28	45	24	15	32	50	54	12	35	28	17	35	26	48	18	29	28	20	59	28	35	50	61	57	63	30	30	21	37	53	33	30	7	16	27	14	54	20	48	
62	63	62	46	60	31	58	45	37	65	77	15	47	56	29	39	3	18	21	13	51	53	27	56	58	65	23	54	65	58	59	26	67	20	28	51	38	25	58	27	66	50	44	36	50	49	31	47	38	63	32	60	60	75	27	51	28	8	19	18	44	55	63	26	4	59	13	40	58	66	32	3	10	25	58	45	12	18	60	31	59	40	68	38	55	73	20	53	9	44	23	42	68	53	46	47	19	48	57	67	50	51	25	0	34	64	76	53	50	17	15	38	3	57	1	16	56	49	62	14	12	4	38	37	31	49	32	15	52	6	75	3	12	56	74	75	58	31	16	20	53	73	29	54	27	30	14	33	47	9	46	
76	32	50	30	27	18	43	58	8	54	56	23	42	22	8	5	34	41	47	21	55	19	23	25	24	55	11	42	46	51	37	42	47	47	20	17	55	22	26	50	50	53	35	12	38	60	49	13	56	43	2	57	28	54	36	17	10	37	41	16	10	21	40	22	37	27	21	51	68	59	5	36	40	45	41	62	22	38	63	49	42	54	61	50	55	60	40	33	26	46	18	15	46	25	23	56	15	47	23	57	61	48	9	34	0	37	56	19	37	39	30	10	37	47	33	24	26	55	56	21	44	37	16	40	31	53	21	39	19	29	58	37	44	53	60	54	69	37	39	30	37	49	41	24	12	20	36	16	61	27	54	
75	10	28	21	18	32	22	61	29	31	21	49	34	33	36	32	63	61	66	56	50	34	38	14	28	33	45	25	16	35	10	56	16	68	36	31	64	40	16	66	23	47	29	29	25	61	61	26	65	13	37	43	17	20	49	31	48	71	61	50	33	36	9	39	68	17	53	55	65	39	35	64	66	61	17	67	51	58	54	61	19	60	39	57	47	33	58	15	55	43	41	23	11	12	18	56	48	41	28	34	62	38	42	64	37	0	22	31	23	60	52	28	68	29	63	48	13	53	39	50	70	68	26	44	40	50	32	60	38	58	26	66	70	42	32	19	67	46	60	48	19	13	52	13	37	34	59	31	64	62	55	
67	32	19	29	40	45	19	59	47	19	3	61	33	55	52	51	74	68	72	71	45	56	48	36	50	21	61	23	11	27	18	60	9	74	48	53	64	50	38	70	12	43	32	45	26	58	63	47	65	13	55	34	39	2	54	53	66	84	67	66	54	58	15	50	80	39	67	55	58	26	52	75	76	65	17	65	65	65	45	63	17	60	25	57	40	15	65	23	67	42	53	41	11	31	33	53	63	38	50	20	58	34	58	76	56	22	0	53	25	67	62	46	79	23	75	60	35	49	29	62	79	80	41	46	46	46	43	68	60	70	7	77	79	35	14	3	60	50	68	57	22	9	55	34	52	46	67	45	61	76	52	
89	22	53	35	14	31	46	72	18	57	52	42	51	3	25	14	53	59	65	40	66	3	38	17	5	58	30	46	45	57	36	58	46	65	34	2	71	38	15	67	51	64	43	23	43	74	65	8	72	42	21	64	15	51	52	2	26	56	59	35	9	5	38	37	56	14	40	65	80	64	21	55	59	62	42	77	41	56	73	65	44	69	65	65	65	61	57	35	45	57	35	19	42	22	27	69	34	57	5	60	75	57	28	53	19	31	53	0	42	57	48	19	56	52	52	42	18	67	62	40	63	56	24	53	45	65	34	57	7	48	57	56	63	61	61	50	82	51	57	47	40	44	56	19	28	33	55	29	75	46	67	
52	30	13	7	34	21	7	38	29	17	27	36	11	45	30	34	48	42	47	47	27	44	23	28	41	18	38	5	14	15	13	35	17	48	23	41	42	25	31	45	15	25	7	25	2	38	39	34	43	14	35	23	33	24	29	41	45	58	42	42	39	47	16	25	55	33	43	33	42	22	32	50	50	40	8	44	40	39	32	39	8	38	24	35	24	24	39	8	41	20	29	23	20	21	14	33	40	18	41	20	39	16	36	50	37	23	25	42	0	42	36	27	54	10	50	34	27	30	20	38	54	55	21	22	20	27	19	43	48	44	24	52	53	20	24	25	44	25	42	31	4	24	31	24	29	21	41	21	41	52	32	
45	62	51	40	61	29	48	28	40	53	69	16	35	61	32	43	14	1	7	26	35	58	22	56	61	53	30	44	56	46	53	9	59	8	25	55	21	21	59	11	56	35	34	36	40	32	14	50	21	56	37	45	61	66	13	55	38	25	2	27	49	61	56	22	20	60	22	23	41	52	36	14	9	8	50	28	19	2	43	14	50	23	55	21	40	62	3	46	15	30	22	42	61	51	42	30	27	34	60	55	33	38	30	17	39	60	67	57	42	0	9	39	19	46	17	15	56	33	48	18	12	20	37	23	21	33	28	2	59	14	65	16	12	41	62	68	41	17	1	12	45	66	13	53	29	27	3	31	30	25	29	
51	53	46	33	52	20	43	32	30	50	63	7	31	51	23	33	13	10	16	19	36	49	13	47	52	49	21	39	50	43	46	13	53	17	16	46	27	12	50	20	51	35	29	27	35	36	20	41	28	49	27	44	52	60	12	46	29	24	11	19	39	52	49	13	19	51	15	26	44	50	26	14	14	15	44	34	11	8	45	20	44	27	53	25	40	58	10	39	9	29	13	33	55	42	34	33	18	32	51	51	37	36	21	15	30	52	62	48	36	9	0	30	18	42	15	5	47	35	46	10	18	19	28	21	16	34	19	9	50	10	60	16	18	40	59	61	45	15	9	5	39	59	15	44	19	18	7	22	35	21	32	
70	25	40	20	22	12	33	53	2	44	46	25	33	23	8	7	37	40	46	28	47	21	19	18	22	45	17	32	35	41	27	39	37	47	15	17	52	19	20	48	40	45	26	3	28	55	46	11	53	33	9	48	22	44	33	17	20	43	41	22	13	24	30	18	42	21	26	46	61	49	7	39	43	43	30	57	25	37	55	46	32	50	51	46	47	50	39	23	29	38	17	5	35	16	13	50	20	39	21	47	55	39	14	38	10	28	46	19	27	39	30	0	41	37	37	25	18	49	47	24	47	42	6	34	26	46	14	39	23	32	47	41	47	44	50	44	63	32	39	28	27	39	37	16	11	14	37	10	55	34	48	
64	66	65	50	63	35	61	47	41	68	81	18	50	59	33	42	5	20	21	16	53	56	31	59	61	68	26	58	68	61	63	28	70	21	32	54	40	29	62	28	70	53	48	39	53	51	33	50	40	67	35	63	63	78	30	54	30	6	21	21	47	58	66	29	1	62	16	42	60	69	35	5	10	27	62	47	16	20	62	33	62	42	72	40	58	77	22	57	13	47	26	45	72	56	49	49	22	51	60	70	52	55	28	3	37	68	79	56	54	19	18	41	0	60	4	19	60	51	65	17	11	1	42	40	35	51	36	17	55	10	78	3	12	59	77	79	60	34	18	23	57	76	32	57	31	34	16	36	49	11	48	
46	38	5	17	43	30	7	36	39	8	26	43	10	55	40	44	55	46	50	55	22	54	30	37	51	8	48	5	15	5	19	38	17	51	31	51	41	33	40	46	11	20	13	35	9	35	40	44	41	17	45	14	42	23	32	51	55	65	45	51	49	57	20	32	61	42	51	31	36	12	42	56	55	43	12	42	47	43	25	40	10	36	14	34	18	16	43	16	48	18	37	33	22	30	25	30	49	15	51	10	35	11	45	57	47	29	23	52	10	46	42	37	60	0	56	41	36	26	10	45	58	61	31	23	25	23	27	47	58	51	19	58	58	13	17	25	38	28	46	37	11	26	33	34	38	30	46	31	38	59	29	
63	62	61	46	59	31	57	45	36	64	77	14	47	55	28	38	3	18	21	13	50	52	26	55	57	64	22	54	64	58	58	26	66	21	27	50	38	24	57	27	65	50	44	35	49	49	31	46	39	63	31	59	59	74	26	50	27	8	19	17	43	54	62	25	5	58	12	40	58	65	31	4	10	25	58	46	11	18	59	31	58	40	68	38	55	73	20	52	8	44	22	41	67	52	45	47	18	48	56	66	50	51	24	1	33	63	75	52	50	17	15	37	4	56	0	15	55	49	61	13	13	5	37	37	31	48	32	15	51	5	74	4	13	55	73	75	58	30	16	20	53	72	29	53	26	30	14	32	47	9	46	
55	48	46	30	47	16	41	37	25	49	61	2	32	46	17	28	14	16	22	16	39	43	11	42	46	49	15	38	48	43	43	18	50	23	12	40	33	9	45	25	50	38	28	22	34	40	25	35	33	47	21	46	47	58	15	40	24	24	17	14	34	46	46	10	20	46	11	30	49	51	20	16	18	21	42	39	7	13	48	25	43	32	53	29	42	57	15	37	7	31	8	28	52	38	30	37	13	34	45	51	41	37	15	16	24	48	60	42	34	15	5	25	19	41	15	0	42	38	47	5	22	20	23	24	16	37	16	14	44	9	58	18	22	41	58	59	49	18	14	7	37	56	19	39	14	14	12	17	39	18	35	
79	6	37	22	7	27	30	63	19	40	34	42	38	20	26	20	55	57	63	46	54	21	34	1	15	42	35	31	27	42	18	53	28	64	31	18	64	35	4	63	34	52	31	20	29	64	59	13	65	24	26	50	6	33	46	18	36	62	57	40	20	23	20	34	60	5	44	56	69	48	25	57	60	58	25	68	43	54	60	59	27	61	49	57	52	44	55	20	47	46	34	14	24	6	15	59	38	45	15	43	65	43	32	56	26	13	35	18	27	56	47	18	60	36	55	42	0	56	47	42	64	60	19	44	38	53	28	56	25	50	39	59	64	48	44	32	71	44	56	44	25	26	50	3	29	29	54	25	66	52	57	
22	60	30	34	63	37	32	10	50	30	52	40	18	71	47	56	46	32	34	54	4	70	32	57	69	28	51	28	41	22	43	23	43	35	35	66	17	34	61	28	37	6	25	45	28	9	21	59	18	42	53	16	63	49	23	66	60	57	31	52	62	73	45	34	52	62	49	10	12	25	50	46	43	26	37	16	45	31	10	21	35	13	27	13	9	37	30	38	44	10	39	48	48	50	42	4	50	11	68	30	9	15	50	49	55	53	49	67	30	33	35	49	51	26	49	38	56	0	21	43	45	52	43	15	24	3	34	35	72	45	43	49	44	14	38	51	14	20	34	31	34	52	20	53	44	35	35	39	12	56	4	
38	48	11	27	54	39	17	31	49	10	32	49	15	65	49	54	59	48	51	62	17	65	37	48	62	8	56	16	24	5	29	39	25	53	39	61	38	39	51	46	18	15	21	44	18	29	39	54	39	26	54	5	53	29	35	61	64	70	47	58	59	68	30	39	66	53	57	29	29	4	51	60	58	43	22	37	54	46	16	39	20	34	7	32	11	16	45	27	54	18	44	43	31	41	35	25	56	14	61	9	29	10	54	62	56	39	29	62	20	48	46	47	65	10	61	47	47	21	0	51	61	66	40	25	30	18	36	50	68	56	23	62	60	7	17	31	31	31	49	41	22	34	34	44	47	38	49	40	33	66	25	
60	49	50	33	46	17	45	42	24	53	64	3	36	43	16	26	13	20	25	11	44	41	14	42	45	53	11	42	51	47	45	23	53	25	14	38	37	12	44	29	53	43	32	21	37	45	30	34	38	50	19	50	46	61	20	38	19	21	20	9	31	43	49	13	18	45	6	35	54	55	19	15	19	25	45	44	2	17	53	30	46	37	58	34	47	61	19	39	5	36	9	28	54	39	31	42	8	39	44	55	46	41	12	14	21	50	62	40	38	18	10	24	17	45	13	5	42	43	51	0	23	18	24	29	21	42	19	17	41	8	62	16	23	46	62	62	54	23	18	12	40	59	24	39	13	16	15	18	44	14	41	
55	71	63	51	69	38	60	38	47	66	81	22	48	66	39	49	10	13	12	25	47	63	32	64	68	65	33	57	68	58	64	21	71	11	34	61	31	30	67	19	69	47	47	44	53	42	24	57	31	68	42	58	69	78	26	61	39	16	13	29	54	66	67	31	12	68	24	35	51	65	42	8	4	18	62	38	22	14	56	24	62	33	68	32	52	74	15	58	18	43	30	50	73	60	52	42	29	47	67	67	43	51	35	12	44	70	79	63	54	12	18	47	11	58	13	22	64	45	61	23	0	12	45	36	33	45	38	11	63	15	77	9	1	54	75	79	51	30	12	22	57	77	26	61	36	36	12	40	40	22	41	
65	67	66	51	63	36	62	48	41	69	82	19	51	59	33	42	6	21	22	16	54	56	31	60	61	69	26	58	69	62	63	29	71	22	32	54	41	29	62	29	70	54	49	39	54	52	34	50	41	68	35	64	64	79	31	54	30	5	22	21	47	58	67	30	0	63	16	43	61	70	35	6	11	28	62	48	16	21	63	34	63	43	72	41	59	78	23	57	13	48	27	46	72	57	50	50	22	52	60	71	53	55	28	4	37	68	80	56	55	20	19	42	1	61	5	20	60	52	66	18	12	0	42	41	36	52	37	18	55	10	79	4	13	60	78	80	61	34	19	24	58	77	32	57	31	35	17	37	50	10	49	
65	25	34	14	24	8	27	47	8	38	42	24	27	28	10	13	37	38	44	30	41	26	15	19	26	39	20	26	30	35	23	35	32	45	12	23	47	16	22	45	35	39	20	4	22	49	41	16	48	28	14	42	24	39	28	23	25	44	38	24	19	29	26	15	42	23	27	40	55	43	11	39	41	40	25	52	25	35	49	41	26	44	45	41	41	44	36	18	29	32	15	5	32	14	8	44	22	33	26	41	50	33	17	38	16	26	41	24	21	37	28	6	42	31	37	23	19	43	40	24	45	42	0	29	21	40	9	37	29	32	42	40	45	38	44	40	57	27	37	25	21	36	32	16	11	10	35	6	50	36	43	
36	49	28	23	51	22	27	18	36	30	48	26	12	57	32	41	34	23	27	40	15	55	17	45	55	29	36	23	36	22	35	15	38	28	20	52	20	18	48	23	34	14	15	31	20	20	17	45	21	36	38	22	50	45	10	52	45	45	22	37	47	58	38	19	41	50	35	12	27	29	35	35	33	19	30	24	31	21	24	17	29	16	32	13	18	39	20	29	30	7	24	34	42	38	29	15	35	11	55	31	21	15	35	37	40	44	46	53	22	23	21	34	40	23	37	24	44	15	25	29	36	41	29	0	8	13	19	25	58	32	42	37	35	18	39	47	28	6	24	17	26	46	10	41	29	20	24	24	21	42	14	
44	43	30	19	44	14	27	26	27	33	48	18	15	49	23	32	29	21	27	32	23	47	8	38	48	33	27	23	35	26	32	16	37	28	11	44	26	10	42	26	35	22	13	22	19	29	21	37	27	34	29	29	44	45	9	44	36	40	21	29	38	50	35	10	36	43	27	19	36	34	26	30	29	21	29	31	23	19	32	21	29	23	37	20	26	42	19	25	23	15	15	26	40	32	23	24	27	18	47	35	29	20	26	31	31	40	46	45	20	21	16	26	35	25	31	16	38	24	30	21	33	36	21	8	0	22	11	22	49	25	43	32	33	25	42	46	37	6	21	11	24	44	12	35	20	12	21	16	29	35	23	
25	57	27	31	60	35	29	13	48	27	49	39	15	68	45	53	46	32	34	53	2	67	30	54	66	25	49	25	38	19	40	23	40	36	33	63	19	32	58	29	34	3	22	43	25	12	22	56	20	39	50	14	60	46	22	63	58	57	31	50	59	70	42	32	52	59	48	11	15	22	48	46	43	26	33	19	44	31	11	22	32	15	25	14	7	35	30	35	43	7	37	45	45	47	39	7	48	8	65	27	12	12	48	49	53	50	46	65	27	33	34	46	51	23	48	37	53	3	18	42	45	52	40	13	22	0	32	35	70	44	40	48	44	11	36	48	17	19	34	30	31	49	19	50	42	33	35	37	15	55	6	
55	34	31	14	33	3	26	38	16	35	45	17	21	37	13	21	31	29	35	28	33	36	6	28	36	36	20	23	32	31	26	25	34	36	4	32	37	7	31	35	34	31	15	11	19	40	31	25	38	31	18	36	33	42	18	32	28	40	29	23	27	38	30	6	37	32	23	31	47	39	16	32	34	30	26	43	21	26	41	31	27	35	41	31	34	43	27	20	23	24	10	15	35	23	14	35	21	26	35	38	41	27	18	32	21	32	43	34	19	28	19	14	36	27	32	16	28	34	36	19	38	37	9	19	11	32	0	28	38	26	43	34	37	32	43	43	48	17	28	16	21	40	22	25	11	2	26	5	41	33	34	
47	62	52	40	61	29	49	30	39	55	70	15	36	60	32	42	12	3	8	25	37	58	22	56	61	54	29	45	57	47	53	11	60	8	25	55	23	21	59	13	57	37	36	36	41	34	16	50	23	57	36	47	61	67	14	55	37	23	4	26	48	60	57	22	18	60	21	25	43	54	35	12	8	10	51	30	17	3	45	16	51	25	57	23	42	63	5	47	14	31	22	42	62	51	42	32	25	36	60	56	35	40	29	15	39	60	68	57	43	2	9	39	17	47	15	14	56	35	50	17	11	18	37	25	22	35	28	0	58	13	66	14	10	43	64	68	43	19	1	12	46	67	15	53	28	27	2	31	32	23	31	
94	29	59	41	21	35	52	76	21	63	59	43	56	6	27	17	53	60	66	39	71	4	41	24	11	65	30	52	52	63	43	61	53	67	38	7	74	41	22	69	58	69	49	26	49	78	68	13	75	49	22	70	22	58	55	7	25	55	61	34	10	3	45	40	55	21	39	69	85	70	23	55	60	65	48	80	41	58	78	68	50	73	71	69	70	68	59	42	45	62	37	25	49	29	33	73	33	62	11	66	79	62	28	52	19	38	60	7	48	59	50	23	55	58	51	44	25	72	68	41	63	55	29	58	49	70	38	58	0	48	64	55	64	67	68	57	86	55	59	49	46	51	59	26	31	37	56	33	79	45	72	
60	57	56	40	54	25	51	41	32	59	71	8	41	51	24	34	5	16	20	12	46	48	21	50	53	59	18	48	58	52	53	22	60	20	22	46	36	19	52	26	60	45	38	30	44	45	28	42	36	57	27	54	54	68	22	46	25	14	17	14	39	50	56	19	10	53	8	36	54	60	27	7	11	22	52	43	7	14	55	28	53	36	63	34	50	67	17	47	3	39	17	36	62	47	39	43	14	43	52	61	46	46	20	6	29	58	70	48	44	14	10	32	10	51	5	9	50	45	56	8	15	10	32	32	25	44	26	13	48	0	68	8	15	50	68	69	54	25	13	14	47	66	25	48	21	24	11	26	44	11	42	
61	37	14	29	44	45	17	54	49	13	10	60	30	59	53	54	72	65	69	71	39	60	47	40	54	15	62	20	12	21	21	57	11	71	47	57	59	49	42	66	8	37	30	46	24	52	59	51	60	15	56	28	43	8	51	57	68	83	64	66	57	62	19	49	79	43	67	50	52	20	54	74	73	62	17	60	64	62	39	59	16	55	18	53	34	8	62	24	66	37	53	43	15	35	34	47	64	33	54	14	52	29	59	75	58	26	7	57	24	65	60	47	78	19	74	58	39	43	23	62	77	79	42	42	43	40	43	66	64	68	0	76	76	29	7	10	54	47	65	55	21	15	52	38	52	45	65	45	55	76	47	
61	65	63	48	62	34	59	44	40	66	79	17	48	59	32	42	3	17	18	17	50	56	29	58	61	66	26	55	66	59	61	25	68	18	30	54	37	27	61	25	67	50	46	38	51	48	30	50	37	65	35	60	63	76	27	54	31	9	18	21	47	58	64	28	4	62	16	39	57	66	35	2	7	24	60	44	15	17	59	30	60	39	69	37	55	74	19	55	11	44	25	44	70	55	48	46	22	48	60	68	49	52	28	3	37	66	77	56	52	16	16	41	3	58	4	18	59	49	62	16	9	4	40	37	32	48	34	14	55	8	76	0	9	56	75	77	57	31	15	21	55	74	29	56	30	32	13	35	46	12	45	
54	71	63	50	69	38	60	37	47	65	81	22	47	66	39	49	11	12	11	26	46	64	31	64	68	65	33	56	68	58	63	21	70	10	34	61	30	30	67	18	68	47	46	44	52	41	23	57	30	67	42	57	69	78	25	61	40	17	13	29	54	66	67	31	13	68	24	34	50	64	42	9	4	18	61	37	22	14	55	23	62	32	67	31	51	74	15	57	18	42	30	50	72	60	52	41	30	46	67	67	42	50	35	12	44	70	79	63	53	12	18	47	12	58	13	22	64	44	60	23	1	13	45	35	33	44	37	10	64	15	76	9	0	53	74	79	50	29	11	22	56	77	25	61	36	36	11	39	39	22	40	
33	50	16	26	55	35	20	25	46	16	38	43	11	65	45	52	53	41	44	57	10	64	33	48	62	14	52	17	28	8	31	32	29	46	35	60	31	35	52	39	23	8	18	42	18	23	32	53	32	30	51	4	54	35	29	60	60	64	40	54	57	67	33	35	60	53	52	22	23	11	48	54	51	36	25	30	48	39	12	32	23	26	14	25	5	23	38	28	48	11	40	42	35	41	34	18	52	7	61	15	23	5	50	56	53	42	35	61	20	41	40	44	59	13	55	41	48	14	7	46	54	60	38	18	25	11	32	43	67	50	29	56	53	0	24	37	25	25	42	35	23	39	28	45	43	34	43	36	26	60	18	
55	43	12	31	50	46	17	49	52	9	17	60	27	64	55	57	72	63	67	72	34	64	47	45	59	10	63	20	16	17	25	54	16	68	47	61	55	49	47	62	10	32	29	49	24	47	56	55	56	19	59	22	49	15	49	61	70	82	62	67	61	66	24	49	78	49	67	46	46	14	56	73	72	59	20	55	64	60	33	56	18	51	12	49	28	1	60	27	65	34	53	46	21	39	37	43	65	30	59	8	47	25	61	74	60	32	14	61	24	62	59	50	77	17	73	58	44	38	17	62	75	78	44	39	42	36	43	64	68	68	7	75	74	24	0	17	48	45	63	54	23	22	49	42	54	46	63	46	50	76	42	
70	29	21	29	37	44	19	61	46	21	2	60	34	52	51	49	74	68	73	70	47	53	48	33	47	23	60	24	11	29	17	61	8	74	47	50	65	50	35	70	14	45	33	44	27	60	64	45	66	12	53	36	36	2	55	50	64	83	67	64	51	55	13	49	80	36	66	56	60	29	51	75	76	66	17	67	64	65	48	64	17	61	28	59	42	18	65	22	66	43	53	39	8	29	31	55	62	40	47	23	60	36	57	75	54	19	3	50	25	68	61	44	79	25	75	59	32	51	31	62	79	80	40	47	46	48	43	68	57	69	10	77	79	37	17	0	62	51	68	57	22	6	56	31	51	45	67	43	63	75	54	
8	74	41	48	78	51	45	13	64	41	63	51	32	85	60	69	55	40	39	65	17	84	45	71	83	39	63	42	53	33	56	32	55	40	49	80	20	47	75	32	48	19	39	59	42	9	27	73	20	55	66	26	77	60	34	80	72	66	39	63	76	87	58	47	61	76	60	18	2	34	64	55	50	33	50	13	56	40	15	27	48	18	36	20	20	47	38	52	54	24	51	62	61	64	56	13	62	25	82	40	8	28	63	58	69	67	60	82	44	41	45	63	60	38	58	49	71	14	31	54	51	61	57	28	37	17	48	43	86	54	54	57	50	25	48	62	0	32	42	42	47	64	30	68	57	49	44	53	11	65	14	
39	49	33	25	50	20	31	21	33	36	52	20	17	55	28	38	28	17	22	34	21	53	13	44	54	35	31	27	39	28	37	10	42	23	16	50	20	14	48	20	39	20	18	28	23	23	15	43	21	39	34	29	50	49	4	50	40	39	17	31	44	56	40	15	34	49	29	14	31	35	31	29	27	15	33	25	25	15	30	15	33	17	38	14	24	44	15	31	24	13	19	32	45	38	29	19	30	17	53	37	24	21	30	31	37	46	50	51	25	17	15	32	34	28	30	18	44	20	31	23	30	34	27	6	6	19	17	19	55	25	47	31	29	25	45	51	32	0	18	11	29	50	6	41	25	17	18	22	24	36	18	
46	62	51	40	61	29	49	29	39	54	70	15	36	61	32	43	13	2	7	25	36	58	22	56	61	53	29	45	57	46	53	10	59	8	25	55	22	21	59	12	57	36	35	36	41	33	15	50	22	56	36	46	61	67	14	55	37	24	3	26	49	61	57	22	19	60	21	24	42	53	35	13	8	9	51	29	18	2	44	15	51	24	56	22	41	62	4	47	14	31	22	42	62	51	42	31	26	35	60	55	34	39	30	16	39	60	68	57	42	1	9	39	18	46	16	14	56	34	49	18	12	19	37	24	21	34	28	1	59	13	65	15	11	42	63	68	42	18	0	12	46	66	14	53	28	27	2	31	31	24	30	
48	50	41	28	49	17	38	29	28	45	59	9	26	50	21	32	18	13	19	23	32	48	10	44	50	44	22	34	46	38	41	12	48	20	13	45	26	9	47	20	46	31	24	24	30	33	19	39	26	45	27	39	49	56	8	45	31	29	13	21	38	51	45	10	24	48	18	23	41	45	25	19	18	15	39	33	14	10	41	19	40	25	48	22	35	53	11	35	13	24	11	30	50	39	30	29	20	28	49	46	34	31	21	20	30	48	57	47	31	12	5	28	23	37	20	7	44	31	41	12	22	24	25	17	11	30	16	12	49	14	55	21	22	35	54	57	42	11	12	0	34	55	12	41	18	15	10	19	32	25	28	
55	27	13	7	32	23	6	42	29	17	24	38	15	43	31	34	51	46	51	49	30	43	26	25	39	18	40	6	11	17	9	39	13	52	25	39	46	28	29	49	13	28	11	25	6	42	43	32	47	10	35	25	31	21	32	39	46	61	45	44	38	45	12	27	58	30	45	37	46	23	32	53	53	44	5	48	42	43	35	43	5	42	25	39	28	23	43	5	44	24	31	23	16	18	14	37	42	22	39	20	43	19	37	53	37	19	22	40	4	45	39	27	57	11	53	37	25	34	22	40	57	58	21	26	24	31	21	46	46	47	21	55	56	23	23	22	47	29	46	34	0	20	34	22	30	23	45	23	45	54	36	
72	23	23	26	31	41	20	62	41	24	8	58	35	46	46	44	71	66	72	66	48	47	45	27	41	26	56	24	11	31	13	60	9	73	44	44	66	47	29	70	16	46	32	39	26	61	64	39	67	10	49	39	30	7	53	44	60	80	66	60	46	49	10	46	77	30	62	57	62	33	46	72	73	65	16	68	61	64	50	64	17	62	32	59	44	23	64	19	63	44	49	34	4	24	27	56	58	41	41	26	61	37	53	73	49	13	9	44	24	66	59	39	76	26	72	56	26	52	34	59	77	77	36	46	44	49	40	67	51	66	15	74	77	39	22	6	64	50	66	55	20	0	55	26	47	42	65	40	64	72	55	
36	55	38	31	56	25	36	17	38	40	58	21	22	60	32	42	26	13	17	34	21	58	18	50	59	39	34	32	45	32	43	5	47	18	21	54	15	18	54	14	44	21	23	33	29	21	9	48	15	45	38	31	56	55	4	54	43	37	12	33	49	61	46	19	32	55	30	11	29	39	36	26	23	9	39	21	25	12	30	9	39	13	41	10	26	49	10	37	24	16	22	38	51	44	35	18	32	20	58	41	22	24	33	29	41	52	55	56	31	13	15	37	32	33	29	19	50	20	34	24	26	32	32	10	12	19	22	15	59	25	52	29	25	28	49	56	30	6	14	12	34	55	0	47	29	22	15	27	20	36	17	
76	9	34	19	10	24	27	60	17	38	33	40	35	21	24	19	53	54	60	44	51	22	31	3	17	40	33	28	26	39	17	50	27	61	28	19	61	32	7	60	32	49	28	18	26	61	56	13	62	23	24	47	9	32	43	19	35	59	54	38	20	24	19	31	57	8	42	53	66	46	23	55	57	55	23	65	41	51	57	56	25	58	47	54	49	42	52	17	44	43	31	11	23	3	12	56	36	42	17	41	61	41	30	54	24	13	34	19	24	53	44	16	57	34	53	39	3	53	44	39	61	57	16	41	35	50	25	53	26	48	38	56	61	45	42	31	68	41	53	41	22	26	47	0	26	26	51	22	63	50	54	
64	35	42	23	33	8	36	46	11	46	53	14	32	32	3	14	26	30	36	19	43	29	11	28	32	46	9	34	41	42	34	30	43	37	8	26	43	10	31	38	44	42	26	8	29	48	37	21	44	39	9	47	33	50	24	26	17	33	30	13	20	32	37	10	31	32	15	39	56	50	7	28	32	34	35	50	14	27	52	37	36	42	52	38	45	53	29	28	18	34	6	14	43	25	19	44	11	36	31	49	49	38	7	27	12	37	52	28	29	29	19	11	31	38	26	14	29	44	47	13	36	31	11	29	20	42	11	28	31	21	52	30	36	43	54	51	57	25	28	18	30	47	29	26	0	9	26	7	49	24	43	
56	35	34	16	34	2	28	38	15	37	47	15	23	37	11	20	29	28	34	25	34	35	5	29	36	38	18	26	34	33	28	25	36	35	2	32	37	6	32	34	37	33	17	10	21	41	31	25	38	33	17	38	34	44	18	32	26	38	28	21	26	38	32	5	35	33	21	31	48	41	14	30	32	29	28	43	19	25	43	31	29	35	43	32	36	45	26	22	21	26	7	15	37	24	15	36	18	27	35	40	41	29	16	30	20	34	46	33	21	27	18	14	34	30	30	14	29	35	38	16	36	35	10	20	12	33	2	27	37	24	45	32	36	34	46	45	49	17	27	15	23	42	22	26	9	0	25	4	41	30	35	
49	60	51	39	59	27	48	31	37	54	69	13	36	58	29	40	11	5	10	23	37	55	20	54	59	53	26	44	56	47	52	12	58	10	23	53	25	19	57	15	56	37	35	34	40	35	17	47	25	55	34	47	59	66	14	53	34	22	5	24	46	58	55	20	17	58	19	26	44	54	33	11	8	11	50	32	15	4	46	17	50	26	56	24	42	62	6	46	12	31	20	40	61	49	41	33	23	35	58	56	36	39	27	14	36	59	67	55	41	3	7	37	16	46	14	12	54	35	49	15	12	17	35	24	21	35	26	2	56	11	65	13	11	43	63	67	44	18	2	10	45	65	15	51	26	25	0	29	33	22	32	
60	31	34	15	30	2	28	43	11	38	46	18	25	33	9	16	31	32	38	26	38	31	9	25	32	39	17	26	33	35	26	29	35	39	6	27	42	10	28	39	37	36	19	6	22	45	36	21	43	32	14	40	30	43	23	27	24	40	32	21	22	34	30	9	37	29	22	36	52	43	11	33	35	34	27	47	20	29	46	36	29	40	45	36	39	46	30	21	23	29	9	11	36	20	13	40	18	31	31	41	46	31	14	33	16	31	45	29	21	31	22	10	36	31	32	17	25	39	40	18	40	37	6	24	16	37	5	31	33	26	45	35	39	36	46	43	53	22	31	19	23	40	27	22	7	4	29	0	46	31	39	
16	70	42	44	72	43	44	2	57	42	64	41	29	78	52	62	44	29	28	55	16	77	37	66	77	40	54	40	53	34	54	21	55	29	41	73	9	38	70	21	49	18	35	52	39	3	16	66	9	54	58	28	72	61	24	73	63	55	28	54	68	80	56	39	50	71	50	9	11	37	55	44	39	22	48	4	46	29	20	16	47	7	39	10	21	49	27	49	43	20	43	55	60	59	51	8	52	23	76	42	4	27	54	47	61	64	61	75	41	30	35	55	49	38	47	39	66	12	33	44	40	50	50	21	29	15	41	32	79	44	55	46	39	26	50	63	11	24	31	32	45	64	20	63	49	41	33	46	0	55	9	
71	59	64	47	55	31	59	52	33	67	77	16	50	49	26	33	12	26	30	6	57	46	29	52	51	68	17	56	65	62	58	33	67	30	28	44	47	26	54	36	67	56	46	33	51	56	39	41	47	63	26	64	55	75	33	44	20	10	27	12	37	48	62	27	10	54	9	47	65	69	27	13	19	33	59	54	12	25	66	39	60	48	72	45	60	76	28	53	12	49	23	39	67	50	44	54	13	53	50	70	57	56	20	9	27	62	76	46	52	25	21	34	11	59	9	18	52	56	66	14	22	10	36	42	35	55	33	23	45	11	76	12	22	60	76	75	65	36	24	25	54	72	36	50	24	30	22	31	55	0	53	
21	61	33	35	64	37	35	7	50	33	55	37	20	71	46	55	43	28	29	51	8	70	31	58	69	32	49	31	44	25	45	20	46	31	34	66	13	32	61	23	40	9	26	45	30	6	17	59	14	45	52	20	64	52	20	66	58	54	27	50	61	72	47	33	49	63	46	6	13	29	49	43	39	22	39	13	42	28	14	17	38	9	31	8	13	41	26	40	41	11	37	48	51	51	42	1	48	14	68	33	7	18	48	46	54	55	52	67	32	29	32	48	48	29	46	35	57	4	25	41	41	49	43	14	23	6	34	31	72	42	47	45	40	18	42	54	14	18	30	28	36	55	17	54	43	35	32	39	9	53	0	

