5  50
1	43	79	21	87	31	72	89	88	76	1	79	75	86	33	75	83	36	44	81	72	4	95	90	59	73	72	1	58	39	21	94	91	84	12	84	10	19	53	69	5	77	81	75	26	64	72	45	91	36	
72	47	21	14	14	49	69	9	4	57	76	67	54	51	31	2	37	5	59	31	49	42	31	83	47	7	98	87	46	4	52	11	60	81	26	69	48	10	22	61	60	48	83	52	49	26	2	75	43	43	
82	53	28	28	33	19	51	35	37	47	2	33	45	53	54	69	56	93	49	45	31	13	100	11	93	74	88	1	78	11	34	10	64	49	24	49	69	36	66	73	26	15	53	20	39	84	15	50	17	89	
34	27	99	84	5	34	62	94	16	65	22	44	29	72	35	59	37	30	87	14	78	87	92	40	79	52	90	54	22	17	58	38	85	34	20	15	67	63	85	49	44	7	87	38	64	48	62	5	33	1	
26	61	87	97	100	48	23	22	50	39	67	15	67	99	51	46	78	79	97	91	98	55	50	22	19	84	91	11	54	84	42	93	16	11	12	75	57	44	96	25	57	45	59	42	74	9	47	46	49	76	
494	1753	1977	196	1929	176	1328	72	1854	2109	1553	1804	1548	1057	1926	778	2124	1229	277	342	1817	1465	1058	152	613	1270	1227	2062	1264	535	2431	860	1853	64	1145	1886	847	1455	364	969	2426	1205	1862	612	1358	2090	546	270	1399	2374	
0	73	58	84	73	53	58	89	36	24	16	37	58	71	65	25	45	61	51	68	75	22	72	73	24	65	50	38	67	68	53	68	66	75	78	72	46	47	58	50	77	79	52	22	53	59	75	41	97	21	60	
73	0	24	36	16	21	56	38	49	52	57	40	26	33	27	48	31	18	28	55	30	52	20	9	58	16	66	47	17	7	46	47	9	50	32	20	27	27	30	26	30	29	67	57	29	16	34	32	35	53	15	
58	24	0	57	14	11	63	60	46	35	45	21	36	49	8	37	29	30	7	66	49	40	39	31	51	8	68	45	33	24	53	60	24	64	51	39	17	13	39	26	49	49	70	49	35	23	51	22	59	37	23	
84	36	57	0	53	49	38	5	49	71	69	63	27	13	62	61	41	28	58	31	9	63	18	27	62	51	52	47	24	33	34	24	33	21	6	18	49	52	26	38	8	8	53	63	31	35	9	50	18	69	35	
73	16	14	53	0	21	68	55	56	49	58	36	39	48	12	50	37	31	21	69	47	53	36	26	63	8	76	54	32	20	58	62	22	65	48	36	28	26	42	33	46	45	78	61	40	25	50	34	51	51	25	
53	21	11	49	21	0	52	52	35	31	37	18	25	39	19	29	18	21	9	55	40	32	31	25	42	13	57	34	25	18	41	49	17	54	43	31	7	5	28	15	41	41	59	40	24	14	42	13	53	31	14	
58	56	63	38	68	52	0	43	25	56	47	56	30	28	71	43	34	37	60	10	33	44	39	48	34	62	14	24	39	49	10	13	47	20	35	39	48	51	26	36	36	38	14	37	28	43	30	43	56	52	43	
89	38	60	5	55	52	43	0	54	76	73	67	31	18	64	66	46	32	61	35	14	68	21	29	67	53	57	52	27	36	39	29	36	25	10	21	53	56	31	43	12	11	57	67	36	38	14	54	14	73	38	
36	49	46	49	56	35	25	54	0	31	22	33	26	36	54	18	18	31	41	33	40	19	40	44	12	48	23	2	36	42	17	31	40	39	43	40	29	32	24	23	43	45	25	13	21	33	39	23	64	27	34	
24	52	35	71	49	31	56	76	31	0	14	13	44	59	41	13	30	44	28	64	61	13	56	54	27	42	53	32	50	48	48	61	46	68	65	56	25	25	45	33	63	64	55	23	40	40	62	22	81	5	41	
16	57	45	69	58	37	47	73	22	14	0	24	42	55	52	8	29	45	38	55	59	5	56	57	13	50	41	23	51	51	40	54	50	61	63	56	31	32	42	33	62	63	43	10	37	43	59	25	81	9	43	
37	40	21	63	36	18	56	67	33	13	24	0	37	52	28	18	24	35	14	62	54	20	47	43	34	28	57	33	40	36	46	57	35	64	57	47	14	12	39	25	55	56	59	30	34	29	55	14	71	16	30	
58	26	36	27	39	25	30	31	26	44	42	37	0	15	43	34	14	7	34	30	17	37	14	20	38	33	39	23	11	19	20	23	17	28	21	14	24	27	3	12	19	20	41	38	5	13	18	23	38	42	14	
71	33	49	13	48	39	28	18	36	59	55	52	15	0	55	48	29	18	48	23	5	50	13	24	48	44	41	33	16	28	22	15	26	16	8	13	39	42	13	27	8	10	42	49	18	25	3	38	29	56	26	
65	27	8	62	12	19	71	64	54	41	52	28	43	55	0	44	37	37	14	73	54	47	44	35	59	11	76	53	39	28	60	67	29	71	57	44	25	21	46	34	54	54	78	56	43	30	57	30	62	44	29	
25	48	37	61	50	29	43	66	18	13	8	18	34	48	44	0	20	36	30	51	51	3	48	48	15	42	40	19	42	42	35	48	41	55	55	48	22	24	34	24	54	55	42	12	29	34	51	16	72	9	34	
45	31	29	41	37	18	34	46	18	30	29	24	14	29	37	20	0	16	25	38	31	23	27	28	27	30	39	16	22	24	23	33	22	40	35	27	13	17	15	5	34	34	41	26	10	15	32	10	52	27	16	
61	18	30	28	31	21	37	32	31	44	45	35	7	18	37	36	16	0	30	37	19	39	11	13	43	26	47	29	5	12	27	30	10	34	22	11	21	24	11	12	20	20	48	42	11	7	21	22	36	43	7	
51	28	7	58	21	9	60	61	41	28	38	14	34	48	14	30	25	30	0	63	49	33	40	33	45	14	63	40	34	26	49	57	25	63	52	40	12	8	37	23	50	50	65	42	33	23	51	17	61	30	23	
68	55	66	31	69	55	10	35	33	64	55	62	30	23	73	51	38	37	63	0	27	52	36	46	43	63	24	32	38	49	16	7	47	10	29	36	51	55	27	39	30	32	23	46	30	43	24	48	49	60	44	
75	30	49	9	47	40	33	14	40	61	59	54	17	5	54	51	31	19	49	27	0	54	10	21	53	43	46	38	15	26	27	20	25	20	3	10	40	43	17	29	3	5	47	53	21	26	3	40	24	59	26	
22	52	40	63	53	32	44	68	19	13	5	20	37	50	47	3	23	39	33	52	54	0	50	51	14	45	40	20	45	46	36	50	44	57	57	50	25	27	36	27	56	57	42	10	32	37	54	19	75	8	38	
72	20	39	18	36	31	39	21	40	56	56	47	14	13	44	48	27	11	40	36	10	50	0	10	52	33	52	38	6	15	32	29	15	30	12	0	32	35	16	23	10	10	53	52	19	17	14	34	24	55	17	
73	9	31	27	26	25	48	29	44	54	57	43	20	24	35	48	28	13	33	46	21	51	10	0	55	24	59	42	9	7	39	39	8	41	22	10	29	30	23	23	20	19	61	55	24	14	24	32	28	53	13	
24	58	51	62	63	42	34	67	12	27	13	34	38	48	59	15	27	43	45	43	53	14	52	55	0	55	27	14	48	52	29	43	50	51	56	52	35	37	36	32	56	57	29	3	33	42	52	29	76	22	43	
65	16	8	51	8	13	62	53	48	42	50	28	33	44	11	42	30	26	14	63	43	45	33	24	55	0	69	46	28	17	52	57	18	61	45	33	20	18	36	26	43	43	71	53	34	19	46	26	51	43	19	
50	66	68	52	76	57	14	57	23	53	41	57	39	41	76	40	39	47	63	24	46	40	52	59	27	69	0	24	50	59	20	28	57	34	49	52	52	55	36	42	49	51	2	31	36	51	44	46	70	48	52	
38	47	45	47	54	34	24	52	2	32	23	33	23	33	53	19	16	29	40	32	38	20	38	42	14	46	24	0	34	40	16	30	38	37	41	38	28	31	21	21	41	42	26	15	18	31	37	22	61	28	32	
67	17	33	24	32	25	39	27	36	50	51	40	11	16	39	42	22	5	34	38	15	45	6	9	48	28	50	34	0	11	30	30	10	33	18	6	26	28	14	17	16	16	51	47	15	11	18	28	30	49	11	
68	7	24	33	20	18	49	36	42	48	51	36	19	28	28	42	24	12	26	49	26	46	15	7	52	17	59	40	11	0	39	41	2	44	28	15	22	23	23	19	26	25	60	50	22	9	29	26	35	47	8	
53	46	53	34	58	41	10	39	17	48	40	46	20	22	60	35	23	27	49	16	27	36	32	39	29	52	20	16	30	39	0	14	38	21	30	32	37	41	16	26	30	32	21	31	18	32	25	33	51	44	33	
68	47	60	24	62	49	13	29	31	61	54	57	23	15	67	48	33	30	57	7	20	50	29	39	43	57	28	30	30	41	14	0	40	7	22	29	46	49	20	34	23	25	28	45	24	37	17	43	42	57	37	
66	9	24	33	22	17	47	36	40	46	50	35	17	26	29	41	22	10	25	47	25	44	15	8	50	18	57	38	10	2	38	40	0	43	27	15	21	22	21	17	25	25	58	49	20	7	28	25	36	46	6	
75	50	64	21	65	54	20	25	39	68	61	64	28	16	71	55	40	34	63	10	20	57	30	41	51	61	34	37	33	44	21	7	43	0	20	30	52	55	25	40	22	24	34	53	30	41	16	50	39	64	42	
78	32	51	6	48	43	35	10	43	65	63	57	21	8	57	55	35	22	52	29	3	57	12	22	56	45	49	41	18	28	30	22	27	20	0	12	43	46	20	32	2	3	49	57	25	29	5	43	21	63	29	
72	20	39	18	36	31	39	21	40	56	56	47	14	13	44	48	27	11	40	36	10	50	0	10	52	33	52	38	6	15	32	29	15	30	12	0	32	35	16	23	10	10	53	52	19	17	14	34	24	55	17	
46	27	17	49	28	7	48	53	29	25	31	14	24	39	25	22	13	21	12	51	40	25	32	29	35	20	52	28	26	22	37	46	21	52	43	32	0	3	26	12	41	42	54	33	21	15	42	6	56	25	16	
47	27	13	52	26	5	51	56	32	25	32	12	27	42	21	24	17	24	8	55	43	27	35	30	37	18	55	31	28	23	41	49	22	55	46	35	3	0	29	15	44	44	57	35	25	17	45	8	58	26	18	
58	30	39	26	42	28	26	31	24	45	42	39	3	13	46	34	15	11	37	27	17	36	16	23	36	36	36	21	14	23	16	20	21	25	20	16	26	29	0	14	19	21	37	36	5	16	17	25	40	42	17	
50	26	26	38	33	15	36	43	23	33	33	25	12	27	34	24	5	12	23	39	29	27	23	23	32	26	42	21	17	19	26	34	17	40	32	23	12	15	14	0	31	31	44	31	9	10	30	11	48	31	11	
77	30	49	8	46	41	36	12	43	63	62	55	19	8	54	54	34	20	50	30	3	56	10	20	56	43	49	41	16	26	30	23	25	22	2	10	41	44	19	31	0	2	50	56	24	27	6	42	21	61	27	
79	29	49	8	45	41	38	11	45	64	63	56	20	10	54	55	34	20	50	32	5	57	10	19	57	43	51	42	16	25	32	25	25	24	3	10	42	44	21	31	2	0	52	58	25	27	8	43	19	62	27	
52	67	70	53	78	59	14	57	25	55	43	59	41	42	78	42	41	48	65	23	47	42	53	61	29	71	2	26	51	60	21	28	58	34	49	53	54	57	37	44	50	52	0	33	38	52	44	48	70	51	53	
22	57	49	63	61	40	37	67	13	23	10	30	38	49	56	12	26	42	42	46	53	10	52	55	3	53	31	15	47	50	31	45	49	53	57	52	33	35	36	31	56	58	33	0	33	41	53	27	76	18	42	
53	29	35	31	40	24	28	36	21	40	37	34	5	18	43	29	10	11	33	30	21	32	19	24	33	34	36	18	15	22	18	24	20	30	25	19	21	25	5	9	24	25	38	33	0	14	22	20	43	37	15	
59	16	23	35	25	14	43	38	33	40	43	29	13	25	30	34	15	7	23	43	26	37	17	14	42	19	51	31	11	9	32	37	7	41	29	17	15	17	16	10	27	27	52	41	14	0	28	18	41	39	1	
75	34	51	9	50	42	30	14	39	62	59	55	18	3	57	51	32	21	51	24	3	54	14	24	52	46	44	37	18	29	25	17	28	16	5	14	42	45	17	30	6	8	44	53	22	28	0	41	26	60	28	
41	32	22	50	34	13	43	54	23	22	25	14	23	38	30	16	10	22	17	48	40	19	34	32	29	26	46	22	28	26	33	43	25	50	43	34	6	8	25	11	42	43	48	27	20	18	41	0	59	21	19	
97	35	59	18	51	53	56	14	64	81	81	71	38	29	62	72	52	36	61	49	24	75	24	28	76	51	70	61	30	35	51	42	36	39	21	24	56	58	40	48	21	19	70	76	43	41	26	59	0	79	40	
21	53	37	69	51	31	52	73	27	5	9	16	42	56	44	9	27	43	30	60	59	8	55	53	22	43	48	28	49	47	44	57	46	64	63	55	25	26	42	31	61	62	51	18	37	39	60	21	79	0	40	
60	15	23	35	25	14	43	38	34	41	43	30	14	26	29	34	16	7	23	44	26	38	17	13	43	19	52	32	11	8	33	37	6	42	29	17	16	18	17	11	27	27	53	42	15	1	28	19	40	40	0	

