10  150
85	27	63	70	41	91	85	17	100	6	84	37	50	38	15	44	69	40	12	29	64	97	43	47	23	34	17	77	51	73	16	80	98	3	100	41	55	60	82	15	28	70	5	59	52	66	10	76	68	19	51	55	23	100	25	24	13	15	77	10	33	23	60	14	43	87	94	100	32	62	14	9	73	72	52	90	60	82	30	62	17	18	25	98	68	29	78	52	65	59	98	12	53	25	53	93	75	44	75	78	100	35	90	95	70	28	96	47	45	91	86	95	58	34	66	86	43	79	36	49	55	68	1	45	48	90	81	83	25	4	78	99	17	34	72	10	34	24	8	39	11	14	41	11	12	30	10	36	17	63	
90	71	34	8	9	63	85	48	86	88	2	62	40	75	68	29	77	33	55	9	63	63	86	87	12	85	78	35	95	58	92	9	81	17	33	11	51	9	57	42	59	53	94	81	2	11	67	5	72	81	3	100	41	8	29	61	68	33	33	43	63	51	93	59	5	26	62	77	55	18	85	32	47	66	68	87	7	1	53	62	81	13	28	76	24	55	24	4	33	11	31	15	59	4	76	72	10	76	7	69	56	14	20	93	50	53	67	74	1	31	98	19	77	30	54	84	96	74	87	99	81	17	5	75	32	98	25	23	99	88	34	16	89	14	40	16	20	82	14	100	35	76	97	6	90	71	86	38	45	25	
59	45	42	89	68	16	33	4	51	1	26	22	85	14	95	23	50	7	62	60	9	88	60	2	78	71	1	17	6	14	62	61	10	56	98	5	8	93	17	84	94	14	98	79	83	23	16	39	86	89	35	38	29	29	34	67	94	79	44	90	75	57	42	23	39	61	85	85	93	30	39	90	22	80	78	2	27	71	98	50	9	98	51	4	33	78	15	19	27	8	7	52	31	75	82	44	73	7	91	88	68	15	63	65	31	39	78	73	94	48	90	32	10	90	76	88	55	56	66	95	87	53	31	6	92	44	82	48	65	55	57	15	57	1	50	43	45	42	67	14	40	12	43	55	8	32	26	61	6	49	
51	24	12	24	9	94	51	4	46	49	99	81	78	7	63	7	69	48	16	57	65	90	99	88	14	79	50	8	74	35	79	9	39	27	69	48	89	2	82	61	82	52	86	77	2	45	64	20	89	95	25	69	45	4	84	63	60	53	10	21	43	62	43	54	3	13	51	66	70	53	37	87	98	51	64	53	30	52	20	88	83	89	81	76	35	3	84	92	43	18	91	84	11	33	44	69	16	84	82	36	7	14	43	18	8	34	100	31	15	90	67	29	28	27	19	95	13	70	68	96	28	5	26	30	9	83	8	1	56	30	13	29	4	89	9	59	28	76	91	50	65	63	18	24	3	95	5	54	14	34	
81	59	82	37	72	6	21	85	38	65	5	33	22	35	22	26	20	77	77	44	59	66	41	16	66	22	91	71	32	2	22	59	49	34	76	25	18	74	82	54	16	42	47	67	15	58	74	11	40	7	78	97	55	50	55	33	83	34	77	22	20	99	77	54	75	38	83	74	79	12	84	44	2	78	68	94	29	18	25	72	10	48	55	83	60	86	74	40	16	40	50	8	19	23	72	68	38	52	82	76	98	16	70	52	33	83	60	69	26	49	94	78	50	67	39	41	81	78	18	2	93	83	2	77	6	68	51	87	99	27	52	16	48	94	34	13	26	37	15	36	98	3	53	38	59	94	60	1	54	42	
60	26	19	75	28	69	87	42	14	43	93	74	77	69	29	71	28	6	74	80	30	30	65	47	26	1	12	25	53	82	43	12	25	60	76	91	27	16	94	70	13	4	36	74	42	1	68	89	53	47	50	22	6	78	72	63	94	57	63	24	57	97	40	36	92	91	26	71	99	37	90	92	51	82	22	72	38	68	21	4	65	94	3	36	44	94	98	49	86	38	45	18	12	47	65	78	94	48	9	24	48	45	65	63	87	28	22	79	58	17	74	88	72	47	63	63	51	88	45	17	87	15	68	1	64	23	66	19	16	1	42	20	84	42	36	55	31	33	85	71	96	85	38	28	37	45	36	7	36	55	
44	98	35	99	22	31	58	9	21	54	97	58	20	99	15	21	48	55	49	29	39	90	53	1	54	29	74	68	7	40	11	86	58	36	21	45	72	34	46	79	34	94	27	71	17	64	57	65	78	65	57	91	90	44	29	84	90	8	52	37	38	98	92	57	73	91	88	45	63	1	81	95	37	65	52	30	86	84	25	50	26	3	27	31	22	6	31	42	44	1	92	13	71	83	96	40	5	40	34	33	19	87	21	14	92	11	69	67	56	95	40	40	23	4	80	4	96	14	67	76	40	58	68	98	24	63	46	94	100	74	8	84	41	13	24	79	87	89	29	55	35	96	25	89	28	17	95	6	54	75	
48	76	32	45	7	35	94	72	67	70	30	100	14	13	7	68	55	28	39	73	36	5	10	55	7	46	27	6	100	70	12	56	88	24	100	43	90	7	58	8	86	9	96	42	9	76	76	5	78	87	94	53	48	73	44	3	14	45	35	53	80	74	68	95	6	92	54	48	52	38	68	36	34	44	26	37	1	69	82	41	64	73	25	32	74	51	81	38	80	15	95	54	69	35	96	93	22	41	31	75	78	92	56	87	45	97	77	40	53	30	39	61	85	94	34	32	78	76	42	23	40	73	78	20	57	10	50	17	60	27	97	51	8	74	32	56	56	81	35	20	81	37	40	15	16	48	50	89	77	21	
24	85	32	29	83	80	87	96	58	99	47	91	46	21	37	30	83	5	9	1	13	64	55	7	53	18	36	25	30	55	41	4	4	21	99	80	37	76	53	34	32	38	14	68	99	43	9	47	76	61	46	51	51	71	95	100	27	52	27	3	62	96	91	80	39	90	86	19	96	67	5	1	56	97	94	85	6	93	25	52	54	17	14	17	21	59	78	15	87	63	73	55	58	97	4	48	60	17	41	23	44	28	44	18	98	6	23	55	46	63	36	11	40	32	62	73	18	60	30	94	39	63	63	39	61	55	9	45	79	93	15	66	91	49	24	46	99	61	40	86	24	57	49	34	34	29	44	86	69	21	
35	15	64	31	88	9	41	85	88	49	86	76	63	8	78	36	55	86	82	21	89	74	74	100	22	68	14	97	16	14	28	7	26	2	24	9	41	6	97	18	76	81	48	88	42	3	73	9	96	79	46	14	15	6	60	27	67	5	37	94	36	4	76	96	90	16	55	8	21	63	55	97	63	98	10	18	13	92	71	6	63	8	68	31	68	62	72	93	49	73	38	38	67	95	24	83	69	60	76	2	28	4	69	85	88	3	97	18	39	9	97	80	22	96	5	30	99	10	28	66	85	43	30	17	74	14	10	78	56	77	81	31	66	42	22	59	48	36	10	8	88	80	3	98	93	7	90	35	63	9	
5650	2377	3608	2070	258	6230	1974	6208	7443	630	7412	3850	3222	156	3027	6148	1966	774	6631	5874	2217	5472	2218	1379	5173	3284	3828	3389	2676	2523	1488	659	6662	6688	4611	5802	2025	4070	7060	835	6600	1081	7294	613	1000	6419	4665	1548	1438	3539	955	3976	1001	4817	2767	2232	356	1343	1666	4142	2374	6058	2206	3774	5379	4158	249	6432	3624	1032	4027	7376	7339	4015	382	896	1562	1547	3337	3181	5104	7010	5462	1698	7284	7294	6450	798	3405	2593	6420	1736	3472	7271	4256	4886	4126	4582	253	6435	6942	770	6126	2841	5988	7412	2050	5137	5457	664	246	1851	5159	6661	5783	6756	7235	4100	4283	3539	4246	1869	5645	5574	1976	5102	5231	5625	7321	4017	3410	3864	4783	4377	4491	795	971	2963	1831	1900	4151	1427	4279	2566	3343	6584	6408	86	295	6225	
0	62	69	44	68	59	66	69	66	49	75	81	69	70	97	72	35	52	63	22	77	52	55	55	80	62	29	33	61	25	72	94	88	69	73	77	40	27	26	76	48	33	59	65	79	55	76	72	69	12	61	61	59	52	50	32	55	76	61	58	86	66	66	34	61	53	39	84	64	33	54	86	36	43	53	82	66	49	67	30	50	57	35	19	34	73	50	60	80	61	47	57	72	39	44	63	54	47	72	80	76	23	60	62	19	31	58	27	75	56	57	53	52	71	78	41	46	54	97	36	67	31	51	35	65	23	53	81	41	32	37	51	33	77	43	93	27	28	66	53	69	75	91	14	62	68	81	53	39	51	78	
62	0	14	19	6	47	36	63	9	17	47	39	62	25	47	11	37	53	63	41	33	18	41	8	38	2	37	55	25	37	10	42	45	65	44	43	22	41	56	19	23	39	8	6	24	27	32	47	66	49	3	68	5	19	11	47	17	15	21	21	44	10	5	32	36	13	22	35	40	30	20	43	53	31	25	50	17	39	53	55	22	18	28	50	52	16	48	15	19	1	39	48	48	27	24	28	27	32	21	37	35	39	29	23	43	50	44	48	33	44	36	12	35	70	17	22	54	17	48	29	12	32	38	48	26	43	64	41	59	35	55	21	54	35	34	46	51	34	21	23	19	13	40	47	65	14	41	40	49	11	30	
69	14	0	30	12	61	50	77	21	30	61	51	76	38	56	18	49	66	77	47	45	17	55	20	50	12	47	68	39	44	15	50	56	79	58	56	32	51	67	28	37	51	10	18	33	41	44	61	80	56	17	82	19	33	21	59	14	19	35	35	55	3	9	36	50	26	31	45	54	40	17	54	66	44	39	63	30	53	67	67	36	32	33	60	64	26	61	9	24	14	53	62	61	38	37	42	41	46	32	49	48	46	43	37	50	62	58	59	46	58	50	16	49	84	21	28	67	15	58	40	24	42	52	60	40	53	78	53	72	46	68	19	67	48	47	56	62	40	34	37	31	16	50	54	79	26	53	54	62	22	41	
44	19	30	0	25	36	32	52	21	6	44	42	51	29	55	28	18	38	50	26	36	20	29	11	41	20	18	37	22	20	28	52	49	54	41	42	4	22	37	32	10	20	20	21	35	19	35	42	55	32	17	54	15	11	8	29	22	32	20	17	47	26	24	21	29	9	7	42	33	11	24	47	35	15	16	49	22	25	44	36	11	15	16	31	34	28	34	25	35	18	25	36	42	8	7	25	18	18	29	40	37	22	24	22	25	32	34	29	36	32	27	16	24	58	34	13	38	21	56	10	23	13	26	30	25	24	49	43	42	16	38	22	36	37	18	52	32	20	24	15	25	31	49	30	51	24	43	28	32	8	36	
68	6	12	25	0	50	38	66	9	23	49	38	65	25	44	6	43	57	66	47	32	22	44	14	37	6	43	61	28	43	4	38	43	68	46	43	28	47	62	16	28	45	11	6	21	31	31	49	69	56	8	72	10	24	18	53	21	9	24	24	42	10	4	38	38	18	28	33	43	36	24	41	59	36	29	50	18	43	55	61	27	21	34	56	57	14	52	17	13	7	44	51	49	33	30	31	30	37	19	36	35	45	31	25	49	56	48	54	33	47	40	17	39	73	11	28	58	21	46	35	11	38	42	53	28	49	68	41	65	41	61	25	60	35	39	44	57	41	22	27	19	7	38	54	68	13	41	43	54	17	28	
59	47	61	36	50	0	15	16	41	32	17	30	15	29	48	49	27	10	16	53	30	56	6	41	29	49	34	29	22	47	51	48	36	18	17	22	38	34	35	44	26	27	53	44	42	19	30	14	19	52	43	22	42	28	43	26	58	52	26	26	34	58	52	55	12	35	42	39	10	37	60	34	25	22	22	24	33	12	8	32	26	29	50	39	26	42	9	59	51	46	13	2	13	31	29	20	20	18	36	30	27	48	19	25	48	29	2	31	28	4	10	51	12	22	52	49	16	57	46	33	40	38	10	24	24	37	22	29	26	32	26	59	29	28	20	42	32	50	30	24	34	53	43	51	18	39	29	8	20	40	35	
66	36	50	32	38	15	0	28	29	26	12	17	26	15	34	36	31	25	30	54	15	50	13	33	15	39	37	40	11	48	38	34	23	30	9	11	35	39	45	29	22	32	43	32	28	13	15	10	31	56	33	37	32	21	36	35	50	38	15	16	21	47	41	53	4	27	39	24	5	37	53	21	36	23	16	17	20	17	17	42	21	19	48	46	36	28	21	50	37	36	19	17	11	29	26	8	14	18	22	16	12	49	8	13	51	38	13	39	13	14	9	44	13	35	38	45	30	50	33	33	27	38	15	33	10	42	37	16	39	34	38	52	39	13	22	29	41	50	17	17	20	40	29	55	32	26	16	13	31	33	20	
69	63	77	52	66	16	28	0	57	48	24	40	2	43	56	64	40	17	6	66	41	73	23	58	39	65	47	36	38	61	67	58	44	2	25	31	54	47	43	58	42	40	69	60	56	36	42	21	3	64	60	13	58	44	59	37	74	67	42	42	42	74	68	70	27	51	58	50	23	52	76	43	32	38	38	29	48	27	11	39	43	45	65	50	34	56	20	76	65	62	27	16	20	46	45	35	36	34	51	40	38	61	34	41	61	38	19	42	39	20	26	68	28	6	67	64	22	74	54	48	55	52	26	34	39	50	19	38	29	46	32	75	36	39	35	50	41	64	45	40	49	69	53	64	9	54	38	24	30	57	47	
66	9	21	21	9	41	29	57	0	17	39	30	56	17	38	8	37	48	57	46	24	26	36	12	29	11	38	55	19	41	9	33	36	59	36	34	25	42	56	11	22	39	17	3	15	22	23	40	60	53	6	63	7	17	17	47	26	12	15	15	35	18	12	39	29	12	27	26	33	33	29	34	52	30	21	42	9	35	46	55	20	13	34	51	51	8	44	24	13	9	36	43	40	27	24	21	22	29	12	28	27	43	22	16	47	50	39	48	25	38	31	20	31	64	13	29	50	26	40	30	3	35	34	47	19	45	60	32	57	36	54	29	54	26	32	37	51	40	13	19	10	12	32	52	60	5	32	35	47	14	21	
49	17	30	6	23	32	26	48	17	0	38	36	47	22	49	25	20	36	47	32	30	24	25	10	34	19	21	38	16	26	26	46	43	50	35	36	10	25	39	27	6	22	21	18	30	13	29	36	51	37	15	51	13	5	10	30	26	29	13	11	41	27	23	27	23	5	13	36	28	16	28	40	35	13	10	43	16	22	39	38	5	8	22	34	34	23	31	27	31	16	22	32	36	10	7	19	12	15	23	34	31	28	18	15	31	33	29	31	29	28	22	19	20	54	30	19	36	25	50	13	18	18	22	30	19	27	47	37	42	18	38	26	37	31	16	46	34	26	18	9	19	29	43	36	48	19	37	24	31	8	30	
75	47	61	44	49	17	12	24	39	38	0	16	22	23	32	45	41	28	28	65	18	61	20	44	15	50	47	47	22	59	48	34	20	26	3	7	47	49	53	37	34	42	55	43	34	25	19	3	27	66	44	36	43	33	48	43	62	47	26	27	18	58	51	65	15	39	51	26	11	48	65	19	43	34	28	7	30	26	14	49	33	31	60	56	43	36	26	62	44	47	27	20	4	41	38	19	26	29	30	17	15	60	20	24	61	46	17	48	17	19	18	56	23	30	46	57	34	62	30	44	37	50	23	41	21	52	38	14	43	45	43	64	46	16	32	26	49	61	26	29	30	49	29	66	31	35	14	21	38	45	24	
81	39	51	42	38	30	17	40	30	36	16	0	38	14	17	33	46	41	44	67	6	56	29	39	1	41	52	57	20	61	36	18	7	42	15	9	46	54	62	24	34	48	47	33	20	26	7	19	43	71	36	52	36	31	43	52	56	34	22	24	5	48	42	63	21	34	49	9	21	50	59	5	53	38	28	14	22	34	30	59	32	27	58	62	53	24	38	54	30	39	36	32	20	43	38	18	27	33	18	2	5	63	20	20	65	55	29	56	6	31	26	50	30	46	33	54	46	56	16	46	27	52	31	50	16	58	52	2	56	49	55	59	56	4	38	12	57	62	19	28	20	37	13	69	47	25	2	30	48	40	10	
69	62	76	51	65	15	26	2	56	47	22	38	0	42	54	63	40	17	7	66	39	72	21	57	37	64	47	37	36	60	65	56	42	4	23	29	53	47	43	56	41	40	68	58	54	34	40	19	5	64	58	15	57	43	58	37	73	65	41	41	40	72	67	69	26	50	57	48	22	51	75	41	33	37	37	27	47	26	9	39	41	43	65	50	34	55	20	75	64	61	27	15	18	45	44	34	35	33	49	38	36	61	33	39	61	38	18	42	37	19	25	67	27	8	65	64	22	73	52	48	54	52	25	34	37	50	20	36	30	45	32	74	36	37	34	48	41	64	43	39	47	67	51	64	10	53	36	23	30	56	45	
70	25	38	29	25	29	15	43	17	22	23	14	42	0	27	22	36	39	45	54	8	42	26	25	13	27	41	51	9	48	25	24	20	46	20	17	33	44	54	14	22	38	33	20	13	16	7	24	46	59	22	52	22	18	29	44	42	24	9	12	19	35	29	50	17	20	36	14	20	38	45	18	47	28	18	25	8	28	32	52	20	13	45	53	47	13	35	40	21	25	29	31	24	31	26	10	17	25	7	12	10	50	12	7	53	47	27	47	8	28	21	36	23	50	23	40	43	42	27	34	14	40	26	43	6	47	51	16	51	38	49	45	50	10	29	23	49	49	5	17	6	26	20	58	48	12	16	26	42	26	7	
97	47	56	55	44	48	34	56	38	49	32	17	54	27	0	38	63	58	60	81	20	65	47	49	18	49	67	75	36	75	41	6	12	58	31	25	59	70	79	28	49	64	55	41	23	42	21	35	59	86	44	68	45	45	54	69	64	37	36	39	14	54	48	76	38	47	62	13	38	65	67	13	71	54	44	27	33	51	46	76	47	40	71	79	71	30	56	61	32	47	53	50	36	58	53	34	43	50	27	18	21	77	37	34	80	72	46	73	22	48	43	59	47	62	35	66	64	64	2	61	35	67	49	67	31	74	69	18	73	65	72	68	74	21	54	6	74	76	31	43	30	40	6	85	63	33	18	48	65	51	19	
72	11	18	28	6	49	36	64	8	25	45	33	63	22	38	0	45	56	65	52	28	28	43	17	33	12	46	63	26	47	3	32	38	66	42	39	32	50	64	10	30	47	17	7	15	30	27	45	67	60	11	71	13	25	22	55	27	4	22	23	37	16	10	43	36	20	33	27	40	40	30	36	60	38	29	46	15	43	53	63	28	21	39	59	59	8	51	23	7	12	44	50	46	35	32	28	30	37	15	31	31	50	30	23	53	58	46	56	29	46	38	23	39	71	5	34	58	27	40	38	8	42	42	55	25	52	68	36	65	43	62	31	62	30	40	38	59	46	19	27	15	4	32	58	67	10	36	43	55	21	23	
35	37	49	18	43	27	31	40	37	20	41	46	40	36	63	45	0	24	37	26	42	38	21	29	45	38	7	18	27	20	46	61	53	42	38	42	17	8	19	45	15	2	39	38	47	20	41	38	42	25	35	38	33	20	27	10	40	49	28	25	51	45	42	29	26	25	20	50	29	12	41	51	17	8	18	47	34	15	35	18	17	25	26	16	15	42	20	43	50	36	14	26	37	10	13	28	20	12	40	45	41	21	26	29	21	13	25	11	41	23	22	34	17	45	50	26	21	39	62	10	37	12	17	11	31	11	32	46	23	5	19	39	17	42	8	58	14	24	33	20	36	49	57	25	37	38	46	19	14	26	44	
52	53	66	38	57	10	25	17	48	36	28	41	17	39	58	56	24	0	12	49	40	59	13	46	40	54	31	20	30	44	58	59	47	18	27	33	39	30	27	52	29	23	57	50	52	26	40	24	18	47	49	15	48	33	46	20	61	60	34	33	44	63	58	54	22	40	43	49	20	36	63	45	16	23	27	35	41	13	15	23	30	35	50	33	18	50	5	63	59	52	13	8	23	31	31	29	26	20	45	41	37	44	27	33	44	21	12	25	38	11	18	55	17	20	60	49	6	60	57	33	47	36	14	17	33	33	12	40	15	29	16	61	20	38	20	53	24	48	38	29	42	61	54	47	13	47	40	13	13	44	45	
63	63	77	50	66	16	30	6	57	47	28	44	7	45	60	65	37	12	0	62	44	71	22	57	43	65	43	30	38	57	67	62	48	6	29	35	51	42	37	60	41	36	68	60	58	35	44	25	6	59	59	8	58	43	58	32	73	68	43	42	46	73	68	66	28	50	55	53	25	48	75	47	27	35	37	33	49	25	14	33	41	45	62	45	29	58	17	75	67	62	25	15	24	43	43	36	36	32	52	44	41	57	35	42	56	33	18	37	42	19	26	66	27	8	68	62	17	72	58	45	56	49	24	29	40	45	12	42	23	42	26	73	30	42	32	54	36	61	46	39	50	69	57	59	3	55	42	23	25	55	50	
22	41	47	26	47	53	54	66	46	32	65	67	66	54	81	52	26	49	62	0	62	30	47	35	66	41	19	36	46	6	51	78	74	67	63	65	22	19	31	58	33	26	38	45	61	41	61	63	68	10	41	62	40	36	30	31	33	56	45	43	72	44	45	12	50	35	19	68	54	17	32	72	37	31	39	71	49	41	61	33	34	41	13	21	35	54	46	38	60	40	40	52	62	24	28	49	40	36	55	65	62	5	47	47	6	31	51	26	61	49	46	31	42	70	58	19	45	32	82	21	48	15	43	33	51	17	55	68	44	21	39	29	35	63	33	78	29	6	50	38	51	55	75	8	62	50	68	45	37	32	62	
77	33	45	36	32	30	15	41	24	30	18	6	39	8	20	28	42	40	44	62	0	50	27	33	5	35	47	55	15	56	31	19	12	43	16	12	40	50	59	19	29	44	41	27	15	21	1	20	44	66	30	52	30	25	37	48	50	29	16	19	11	42	36	58	18	28	44	9	20	45	53	10	51	33	24	18	16	31	30	56	27	21	53	58	50	19	36	48	26	33	33	32	21	38	33	14	22	30	13	4	3	57	16	14	60	51	28	52	2	29	23	44	26	48	28	48	45	50	20	41	21	47	29	47	11	53	52	8	54	44	52	53	54	2	34	16	54	56	13	23	14	31	14	65	47	19	8	28	45	34	5	
52	18	17	20	22	56	50	73	26	24	61	56	72	42	65	28	38	59	71	30	50	0	50	17	55	16	34	55	39	28	26	60	62	75	58	58	20	38	53	37	30	39	10	24	42	38	49	60	75	40	20	75	20	29	13	48	3	31	35	33	61	15	18	18	48	22	17	52	52	26	3	60	54	36	35	65	34	46	63	54	30	30	17	45	53	34	54	8	36	17	46	57	61	28	28	42	37	39	38	54	52	30	41	37	34	50	54	46	50	53	46	6	44	79	33	12	58	2	66	28	29	28	46	49	41	38	69	58	61	33	57	3	55	52	38	63	49	24	37	33	36	29	58	38	72	31	58	48	52	16	47	
55	41	55	29	44	6	13	23	36	25	20	29	21	26	47	43	21	13	22	47	27	50	0	35	28	43	28	28	17	41	46	47	36	25	18	23	31	29	33	39	19	22	46	38	39	13	27	17	25	47	37	27	36	21	36	23	51	47	21	20	34	51	46	48	9	29	35	37	9	31	53	34	23	16	15	27	28	6	14	29	20	23	43	35	24	37	9	53	46	40	7	7	16	24	22	16	14	11	32	29	25	42	14	20	42	26	4	28	25	2	5	45	5	29	47	42	17	51	46	27	34	32	4	21	20	32	25	29	26	26	25	52	27	26	14	42	29	44	25	17	29	48	42	46	23	34	29	2	18	34	32	
55	8	20	11	14	41	33	58	12	10	44	39	57	25	49	17	29	46	57	35	33	17	35	0	38	9	29	48	22	30	17	45	45	60	41	41	14	33	48	23	16	31	11	10	27	22	32	44	60	42	6	62	5	13	5	39	17	21	18	17	44	17	13	27	31	6	15	37	36	22	20	43	45	24	19	48	17	32	48	47	15	13	22	42	44	20	41	18	25	7	33	42	44	19	16	25	21	25	22	37	35	32	25	20	35	42	39	40	33	38	31	11	29	64	23	17	47	17	50	21	14	24	32	40	24	35	57	41	52	27	48	20	47	35	26	47	43	28	20	17	19	20	43	40	58	16	41	33	41	3	31	
80	38	50	41	37	29	15	39	29	34	15	1	37	13	18	33	45	40	43	66	5	55	28	38	0	40	50	56	19	59	36	19	8	41	14	8	44	53	61	23	33	46	46	32	19	25	6	18	42	69	35	51	35	30	42	50	55	34	20	23	6	47	41	62	19	33	48	10	19	49	58	6	52	36	27	14	21	33	29	57	31	25	57	61	52	24	37	53	30	38	34	31	19	41	37	17	25	32	18	1	3	61	19	18	63	53	28	54	5	29	24	49	28	46	33	53	45	55	18	45	26	51	30	49	15	56	51	3	54	47	53	58	55	3	36	13	56	60	18	27	19	36	14	68	46	24	3	29	47	39	10	
62	2	12	20	6	49	39	65	11	19	50	41	64	27	49	12	38	54	65	41	35	16	43	9	40	0	38	57	28	37	10	43	47	67	46	45	23	42	57	20	25	40	6	8	25	29	34	49	68	49	5	70	7	21	12	49	15	15	23	23	46	8	4	32	38	14	22	37	42	31	18	45	55	33	27	52	19	41	55	56	24	20	28	51	53	18	49	13	20	2	41	50	50	28	25	31	29	34	23	39	38	39	31	25	43	51	46	49	35	46	38	11	37	72	17	22	55	15	50	30	14	33	40	49	29	44	66	43	61	36	57	19	56	37	35	48	52	34	23	25	21	13	42	48	67	16	43	42	50	12	32	
29	37	47	18	43	34	37	47	38	21	47	52	47	41	67	46	7	31	43	19	47	34	28	29	50	38	0	21	31	13	46	65	59	49	45	48	15	4	19	48	18	7	37	38	50	25	46	44	49	19	35	44	33	23	26	14	37	50	32	29	57	44	42	23	33	25	17	55	36	7	37	57	21	13	23	54	37	22	42	20	20	28	20	13	19	44	27	41	52	36	21	33	44	10	14	33	24	18	43	50	47	14	31	33	14	15	32	12	46	30	28	32	24	51	51	22	27	36	67	8	39	6	24	16	36	6	37	52	28	2	23	34	20	47	14	63	15	17	37	24	39	49	61	18	43	40	52	26	19	26	48	
33	55	68	37	61	29	40	36	55	38	47	57	37	51	75	63	18	20	30	36	55	55	28	48	56	57	21	0	41	32	64	74	64	36	46	51	35	18	7	62	33	16	57	56	63	34	54	43	36	30	53	28	51	38	46	8	58	67	43	41	62	64	61	44	36	43	38	64	37	29	59	62	4	25	34	54	50	23	36	3	35	42	41	15	4	59	20	62	68	54	21	27	43	29	31	41	34	26	56	56	53	32	39	44	30	5	29	9	53	27	31	53	28	38	68	44	14	57	74	28	55	28	25	8	45	19	20	57	8	22	4	56	1	54	23	69	7	37	49	36	52	67	69	31	29	55	57	26	9	45	58	
61	25	39	22	28	22	11	38	19	16	22	20	36	9	36	26	27	30	38	46	15	39	17	22	19	28	31	41	0	40	28	33	27	40	19	20	25	34	44	22	13	28	32	21	22	6	14	21	41	50	22	45	21	11	25	34	39	29	4	5	25	36	30	43	10	16	29	23	14	30	42	25	37	18	8	27	10	19	27	42	12	8	38	43	37	19	26	39	28	25	20	24	22	22	18	3	7	15	15	18	15	42	3	3	44	37	20	37	14	20	12	33	14	45	29	35	34	39	36	26	17	31	17	33	4	38	42	21	42	29	39	41	40	16	19	32	39	41	8	8	12	30	29	49	41	16	21	17	32	22	17	
25	37	44	20	43	47	48	61	41	26	59	61	60	48	75	47	20	44	57	6	56	28	41	30	59	37	13	32	40	0	47	72	68	62	56	59	16	14	28	52	26	20	34	40	55	35	55	56	62	12	36	57	34	30	25	26	31	51	39	36	66	41	41	12	44	29	14	62	47	10	30	66	33	25	32	65	43	35	55	30	28	35	11	18	31	49	40	36	55	36	34	46	56	18	22	42	34	30	49	59	56	2	41	41	6	27	45	22	55	43	40	28	36	65	53	16	40	30	76	14	43	9	37	29	44	13	50	62	40	15	35	27	32	56	27	72	25	5	44	32	46	50	69	10	56	44	62	39	32	26	56	
72	10	15	28	4	51	38	67	9	26	48	36	65	25	41	3	46	58	67	51	31	26	46	17	36	10	46	64	28	47	0	35	41	69	45	42	32	50	65	13	31	48	15	8	18	32	30	48	70	60	11	73	13	26	21	56	25	5	24	25	40	13	8	42	39	21	32	30	43	40	28	39	61	39	31	49	18	45	56	64	29	23	38	59	60	12	53	21	9	11	46	52	49	36	33	31	32	39	18	34	34	49	32	25	53	59	48	57	32	48	41	21	41	73	7	33	60	25	43	38	11	42	44	56	28	52	70	39	67	44	63	29	63	34	41	41	60	45	21	29	18	3	35	58	69	12	39	45	56	20	26	
94	42	50	52	38	48	34	58	33	46	34	18	56	24	6	32	61	59	62	78	19	60	47	45	19	43	65	74	33	72	35	0	14	60	33	27	56	68	78	22	46	62	49	36	18	40	19	37	61	83	39	70	40	42	50	68	59	31	33	36	16	48	42	72	37	43	58	10	38	62	62	15	70	52	42	30	29	51	48	75	44	37	67	77	70	25	56	56	26	42	52	50	38	55	50	33	41	48	23	18	21	74	35	32	77	71	47	71	21	48	42	54	46	64	29	62	64	59	8	58	30	64	48	66	29	71	70	20	73	62	71	63	73	20	53	10	73	72	28	41	26	34	5	82	65	29	20	47	65	47	16	
88	45	56	49	43	36	23	44	36	43	20	7	42	20	12	38	53	47	48	74	12	62	36	45	8	47	59	64	27	68	41	14	0	46	19	13	53	61	69	28	41	55	53	39	23	33	13	23	47	78	42	56	42	38	50	59	62	38	29	31	2	53	47	70	27	41	56	11	27	57	65	2	60	45	36	15	28	41	34	66	39	34	65	70	60	29	44	60	34	45	42	38	24	50	46	25	34	41	24	8	12	70	27	27	72	62	35	63	13	37	32	56	36	50	36	61	52	62	10	53	33	59	38	57	23	65	57	7	62	56	61	65	63	11	45	6	64	69	25	35	26	41	10	77	51	31	7	37	54	47	15	
69	65	79	54	68	18	30	2	59	50	26	42	4	46	58	66	42	18	6	67	43	75	25	60	41	67	49	36	40	62	69	60	46	0	27	33	55	48	43	60	44	41	71	62	58	38	44	23	1	65	62	12	60	46	61	38	76	69	44	44	44	76	70	71	30	53	59	52	26	53	78	45	33	39	40	31	51	29	13	39	45	47	67	51	35	59	21	78	68	65	29	18	22	48	47	38	38	35	53	42	40	62	37	43	62	39	21	43	42	22	29	70	30	4	69	66	23	76	56	50	58	54	28	35	41	51	18	40	29	47	32	77	36	41	37	52	42	66	47	42	51	71	55	65	8	56	40	26	31	59	49	
73	44	58	41	46	17	9	25	36	35	3	15	23	20	31	42	38	27	29	63	16	58	18	41	14	46	45	46	19	56	45	33	19	27	0	6	44	46	51	34	31	39	52	39	31	22	17	4	28	64	41	37	40	30	44	41	59	44	23	24	17	55	48	62	12	35	48	24	9	46	62	18	41	31	25	8	27	24	15	48	30	27	57	54	42	33	25	59	42	44	25	19	5	38	35	16	23	26	27	15	13	58	17	21	59	44	16	46	14	18	16	52	21	32	43	54	33	59	30	41	34	47	21	39	17	50	38	13	43	42	42	61	45	13	30	25	47	58	23	26	27	46	28	63	32	32	13	20	36	41	22	
77	43	56	42	43	22	11	31	34	36	7	9	29	17	25	39	42	33	35	65	12	58	23	41	8	45	48	51	20	59	42	27	13	33	6	0	45	50	56	31	32	43	50	38	27	24	12	10	34	68	39	43	39	31	45	46	59	41	23	25	11	53	47	63	15	36	49	18	14	48	61	12	47	34	26	7	25	29	21	53	31	28	58	58	47	30	31	58	38	43	30	25	11	41	37	17	25	30	24	9	8	61	18	21	62	49	21	50	10	23	20	52	25	37	40	55	39	58	24	44	32	50	26	44	17	54	44	7	48	46	48	61	50	9	34	19	52	61	22	27	24	43	22	67	38	30	7	24	42	42	17	
40	22	32	4	28	38	35	54	25	10	47	46	53	33	59	32	17	39	51	22	40	20	31	14	44	23	15	35	25	16	32	56	53	55	44	45	0	19	34	36	13	19	22	25	39	22	39	45	56	28	21	54	19	14	11	27	23	36	24	21	51	29	27	18	32	13	4	46	36	8	24	51	34	16	19	52	27	26	45	34	14	19	13	28	32	32	34	26	39	21	26	38	45	7	9	28	21	20	33	44	41	18	27	26	21	30	35	26	39	34	29	17	25	59	38	10	38	22	60	7	27	10	27	29	29	21	48	47	41	13	36	21	34	41	18	56	30	16	28	18	29	35	53	26	52	28	47	29	31	11	40	
27	41	51	22	47	34	39	47	42	25	49	54	47	44	70	50	8	30	42	19	50	38	29	33	53	42	4	18	34	14	50	68	61	48	46	50	19	0	15	52	21	7	41	42	54	28	49	46	48	17	39	43	37	26	30	11	40	54	35	32	59	48	46	26	34	29	20	58	37	11	41	59	18	16	26	55	40	23	42	16	24	31	23	9	16	48	27	44	56	40	21	33	45	14	18	36	27	20	47	53	49	14	33	36	14	12	32	8	48	30	30	36	25	50	55	25	26	39	70	12	43	9	25	14	38	3	35	54	25	6	20	38	17	50	16	66	11	19	40	27	43	53	64	17	42	44	54	27	18	30	52	
26	56	67	37	62	35	45	43	56	39	53	62	43	54	79	64	19	27	37	31	59	53	33	48	61	57	19	7	44	28	65	78	69	43	51	56	34	15	0	64	34	17	57	57	66	38	58	49	43	24	54	35	52	39	45	10	56	68	46	43	67	63	61	40	41	44	36	68	42	27	56	67	10	26	37	60	52	27	42	4	36	44	38	10	9	61	26	60	69	55	26	33	49	29	32	45	37	29	58	61	57	27	42	47	24	7	35	8	57	33	36	51	32	45	69	41	21	55	79	27	56	25	30	12	48	15	27	62	15	21	11	54	7	58	25	74	5	33	51	38	55	68	73	25	36	57	62	31	15	45	62	
76	19	28	32	16	44	29	58	11	27	37	24	56	14	28	10	45	52	60	58	19	37	39	23	23	20	48	62	22	52	13	22	28	60	34	31	36	52	64	0	30	47	26	13	5	28	18	38	61	64	17	67	18	25	28	54	36	10	19	21	27	26	20	50	31	23	38	17	34	43	39	26	59	37	28	37	12	41	47	62	28	20	46	61	58	3	48	33	7	19	42	45	39	37	33	23	28	36	7	22	22	54	25	19	58	58	41	57	20	42	34	31	36	65	9	40	56	36	30	40	9	45	39	54	19	55	65	26	64	45	61	40	61	22	39	28	59	51	14	26	10	13	22	63	62	8	26	39	54	26	13	
48	23	37	10	28	26	22	42	22	6	34	34	41	22	49	30	15	29	41	33	29	30	19	16	33	25	18	33	13	26	31	46	41	44	31	32	13	21	34	30	0	17	27	23	32	9	28	32	45	36	20	45	18	5	17	25	32	34	13	10	39	33	29	31	19	10	17	36	23	16	34	39	30	8	6	39	18	16	33	33	2	9	26	31	29	26	24	33	35	22	16	26	32	8	4	16	8	9	25	32	29	28	14	14	30	28	23	26	28	22	16	25	13	48	35	23	30	31	49	12	22	18	16	25	18	25	40	35	36	15	32	32	32	30	10	45	29	28	18	5	21	34	43	35	42	22	35	18	25	14	30	
33	39	51	20	45	27	32	40	39	22	42	48	40	38	64	47	2	23	36	26	44	39	22	31	46	40	7	16	28	20	48	62	55	41	39	43	19	7	17	47	17	0	41	40	49	22	43	39	41	25	37	37	35	22	29	8	42	51	29	27	53	47	44	30	28	27	22	52	30	13	43	53	15	10	20	48	36	15	35	16	19	27	27	14	13	44	20	45	52	38	14	26	38	12	15	29	21	14	42	46	43	21	27	30	21	11	25	9	42	23	23	36	18	44	52	28	20	41	64	11	39	13	18	10	33	10	30	48	22	6	17	40	15	43	9	60	12	24	35	21	38	51	58	24	36	40	48	20	12	28	46	
59	8	10	20	11	53	43	69	17	21	55	47	68	33	55	17	39	57	68	38	41	10	46	11	46	6	37	57	32	34	15	49	53	71	52	50	22	41	57	26	27	41	0	14	31	33	40	54	72	47	11	73	11	24	11	49	9	20	28	27	52	7	7	27	42	17	21	43	47	30	12	51	56	34	31	58	25	44	59	57	26	24	24	50	54	24	52	7	25	8	44	53	55	28	27	35	32	37	29	45	43	36	35	30	40	52	50	49	41	49	42	6	41	75	23	18	57	9	56	29	20	32	43	50	34	43	68	49	62	35	58	13	56	43	37	54	52	31	28	29	27	18	48	45	70	22	49	45	52	13	38	
65	6	18	21	6	44	32	60	3	18	43	33	58	20	41	7	38	50	60	45	27	24	38	10	32	8	38	56	21	40	8	36	39	62	39	38	25	42	57	13	23	40	14	0	18	25	26	43	63	53	4	66	5	18	15	48	23	11	17	18	38	15	8	37	32	13	26	29	36	32	26	37	53	31	23	45	12	37	49	56	21	15	33	52	52	10	46	21	14	6	38	45	43	28	25	24	24	31	15	31	30	43	25	19	46	51	41	49	28	41	33	18	33	66	13	27	52	23	42	30	6	35	36	48	22	45	62	35	59	36	55	27	55	30	33	40	52	39	16	21	13	11	34	51	62	8	35	37	48	13	24	
79	24	33	35	21	42	28	56	15	30	34	20	54	13	23	15	47	52	58	61	15	42	39	27	19	25	50	63	22	55	18	18	23	58	31	27	39	54	66	5	32	49	31	18	0	28	15	35	59	67	21	65	22	27	32	56	41	14	19	22	23	31	25	54	30	26	41	12	33	46	44	21	59	39	29	33	13	41	45	64	29	22	50	63	59	7	48	38	10	24	42	44	36	39	35	23	28	36	7	18	19	58	25	19	61	59	40	58	17	41	34	36	36	63	13	44	56	41	25	43	13	48	39	55	19	57	64	22	64	47	61	45	62	18	40	23	61	55	14	27	10	17	17	66	61	11	22	39	54	30	9	
55	27	41	19	31	19	13	36	22	13	25	26	34	16	42	30	20	26	35	41	21	38	13	22	25	29	25	34	6	35	32	40	33	38	22	24	22	28	38	28	9	22	33	25	28	0	21	23	38	44	24	41	22	8	24	27	39	34	9	7	31	38	32	40	10	15	26	30	14	24	41	31	31	12	3	30	16	13	26	35	8	9	35	37	30	25	21	40	34	26	14	20	23	17	13	7	1	8	21	24	21	37	5	9	38	31	16	30	20	16	9	32	8	42	34	32	28	38	42	20	21	26	11	26	10	31	37	26	36	22	33	40	33	22	12	38	33	37	14	4	18	35	36	43	37	21	26	12	26	21	24	
76	32	44	35	31	30	15	42	23	29	19	7	40	7	21	27	41	40	44	61	1	49	27	32	6	34	46	54	14	55	30	19	13	44	17	12	39	49	58	18	28	43	40	26	15	21	0	21	45	65	29	52	29	25	36	48	49	28	15	18	12	41	35	57	18	27	43	9	20	44	52	11	50	33	23	19	15	31	31	55	26	20	52	58	50	18	36	47	25	32	32	32	21	37	33	13	21	29	12	5	4	57	15	13	59	51	28	51	2	29	23	43	26	48	27	47	44	49	21	40	20	46	28	46	10	53	52	9	53	43	52	52	53	3	33	17	53	55	12	22	13	31	15	64	47	18	9	28	45	33	5	
72	47	61	42	49	14	10	21	40	36	3	19	19	24	35	45	38	24	25	63	20	60	17	44	18	49	44	43	21	56	48	37	23	23	4	10	45	46	49	38	32	39	54	43	35	23	21	0	24	63	43	33	42	31	46	40	61	48	25	26	21	57	51	63	13	37	49	28	9	46	64	22	39	31	26	10	30	23	11	46	31	30	58	52	40	37	23	61	45	47	24	16	1	39	36	18	24	26	31	19	17	58	18	24	59	42	14	44	18	16	16	55	20	27	47	55	30	61	33	42	37	47	20	37	20	49	34	17	40	42	40	63	43	18	30	29	45	59	27	27	30	50	32	63	28	36	17	18	34	43	26	
69	66	80	55	69	19	31	3	60	51	27	43	5	46	59	67	42	18	6	68	44	75	25	60	42	68	49	36	41	62	70	61	47	1	28	34	56	48	43	61	45	41	72	63	59	38	45	24	0	65	62	12	61	47	62	38	77	70	45	45	45	77	71	72	30	54	60	53	26	54	79	46	33	40	41	32	51	29	14	39	45	48	67	51	35	60	22	78	68	65	29	18	23	48	47	38	39	36	54	43	41	63	37	44	62	39	21	43	43	22	29	70	31	3	70	67	23	76	57	50	58	54	28	35	42	51	18	41	29	47	32	77	36	42	37	53	42	66	48	43	52	72	56	65	8	57	41	27	31	59	50	
12	49	56	32	56	52	56	64	53	37	66	71	64	59	86	60	25	47	59	10	66	40	47	42	69	49	19	30	50	12	60	83	78	65	64	68	28	17	24	64	36	25	47	53	67	44	65	63	65	0	49	58	47	41	38	27	43	64	50	47	76	54	53	22	52	41	27	73	55	21	42	76	32	33	42	73	54	40	60	27	38	45	23	14	30	61	44	48	67	48	39	50	63	28	32	52	43	38	60	69	66	10	50	51	6	26	50	22	65	48	47	40	43	67	66	28	42	42	86	24	55	19	43	30	54	14	50	71	38	21	33	39	30	66	34	82	23	16	55	42	57	63	79	2	58	56	71	45	34	39	67	
61	3	17	17	8	43	33	60	6	15	44	36	58	22	44	11	35	49	59	41	30	20	37	6	35	5	35	53	22	36	11	39	42	62	41	39	21	39	54	17	20	37	11	4	21	24	29	43	62	49	0	65	2	16	11	45	20	15	18	17	41	14	8	33	32	10	21	32	37	29	23	40	50	28	22	47	14	36	49	53	19	14	29	48	49	14	44	18	18	3	36	44	44	25	22	25	23	29	18	34	32	38	25	19	42	48	41	46	30	40	33	14	32	66	17	23	51	20	46	27	9	31	35	45	23	41	61	38	57	33	53	23	52	32	31	43	49	35	17	20	16	14	38	47	61	11	38	36	46	9	27	
61	68	82	54	72	22	37	13	63	51	36	52	15	52	68	71	38	15	8	62	52	75	27	62	51	70	44	28	45	57	73	70	56	12	37	43	54	43	35	67	45	37	73	66	65	41	52	33	12	58	65	0	63	48	62	31	77	74	49	48	54	78	73	68	35	55	58	61	32	50	78	55	25	38	42	42	56	29	22	31	46	50	64	43	27	64	20	79	74	67	29	21	32	46	46	43	41	36	59	52	49	57	41	48	56	31	25	36	50	25	32	70	32	11	75	65	17	76	66	48	62	50	29	28	47	45	8	50	20	43	24	76	28	50	36	62	34	62	53	44	57	76	65	58	5	61	50	28	25	60	57	
59	5	19	15	10	42	32	58	7	13	43	36	57	22	45	13	33	48	58	40	30	20	36	5	35	7	33	51	21	34	13	40	42	60	40	39	19	37	52	18	18	35	11	5	22	22	29	42	61	47	2	63	0	14	9	43	20	17	17	16	41	15	10	32	31	8	20	32	35	27	23	40	49	26	20	46	14	34	48	51	17	13	27	46	47	15	43	18	20	4	34	43	43	23	20	24	22	27	18	34	32	37	24	18	40	46	39	44	30	39	31	14	30	65	18	22	49	20	46	25	9	29	33	43	22	39	59	38	55	31	51	23	50	32	29	43	47	33	17	18	16	16	38	45	60	11	38	35	44	8	27	
52	19	33	11	24	28	21	44	17	5	33	31	43	18	45	25	20	33	43	36	25	29	21	13	30	21	23	38	11	30	26	42	38	46	30	31	14	26	39	25	5	22	24	18	27	8	25	31	47	41	16	48	14	0	15	30	30	29	9	6	36	30	25	32	18	7	18	32	23	19	32	36	35	13	6	38	13	19	34	38	3	5	27	36	34	21	28	31	30	18	20	29	32	12	8	14	8	13	20	29	26	32	13	11	34	33	25	31	25	24	18	23	16	50	30	24	34	29	46	16	17	21	19	30	14	30	44	32	40	20	37	31	37	26	15	42	34	30	14	4	16	29	39	39	45	17	32	20	30	12	26	
50	11	21	8	18	43	36	59	17	10	48	43	58	29	54	22	27	46	58	30	37	13	36	5	42	12	26	46	25	25	21	50	50	61	44	45	11	30	45	28	17	29	11	15	32	24	36	46	62	38	11	62	9	15	0	37	15	26	22	20	48	18	16	22	34	9	10	41	38	19	17	47	44	23	21	52	21	33	50	45	16	17	17	39	42	25	41	17	30	10	33	43	47	17	15	28	23	26	27	41	39	27	27	24	31	40	40	37	37	39	33	8	30	65	28	12	46	14	55	18	19	21	33	39	28	32	57	45	50	24	46	16	45	39	26	52	40	23	24	19	24	25	47	36	59	21	45	35	40	3	35	
32	47	59	29	53	26	35	37	47	30	43	52	37	44	69	55	10	20	32	31	48	48	23	39	50	49	14	8	34	26	56	68	59	38	41	46	27	11	10	54	25	8	49	48	56	27	48	40	38	27	45	31	43	30	37	0	50	59	36	33	56	56	52	37	31	35	30	57	32	21	51	57	7	17	26	50	42	17	34	8	27	34	34	13	5	51	18	54	60	46	16	25	39	20	23	34	27	19	48	51	47	26	32	37	25	3	26	5	47	23	26	45	22	40	60	36	15	49	68	20	47	20	20	3	38	13	24	51	14	14	9	48	7	48	15	64	5	31	41	28	45	59	63	27	31	47	51	21	7	37	51	
55	17	14	22	21	58	50	74	26	26	62	56	73	42	64	27	40	61	73	33	50	3	51	17	55	15	37	58	39	31	25	59	62	76	59	59	23	40	56	36	32	42	9	23	41	39	49	61	77	43	20	77	20	30	15	50	0	30	36	34	61	13	17	21	49	23	20	52	53	29	3	60	57	38	36	66	34	48	65	57	31	31	20	48	55	33	56	5	34	17	48	58	62	30	30	43	38	41	38	54	52	33	42	38	37	52	55	49	50	54	48	6	46	80	32	15	60	1	66	30	29	31	48	52	41	41	71	58	64	36	59	5	57	52	41	63	52	27	37	34	36	27	58	41	74	31	58	50	54	17	47	
76	15	19	32	9	52	38	67	12	29	47	34	65	24	37	4	49	60	68	56	29	31	47	21	34	15	50	67	29	51	5	31	38	69	44	41	36	54	68	10	34	51	20	11	14	34	28	48	70	64	15	74	17	29	26	59	30	0	25	26	38	17	13	47	39	24	37	27	43	44	33	36	64	42	33	48	18	47	56	67	32	25	43	63	63	10	55	26	5	15	48	53	48	39	36	31	33	41	16	32	32	54	33	26	57	62	49	60	30	49	42	26	42	74	2	37	62	30	39	42	12	46	45	59	28	56	72	37	69	47	66	34	66	32	44	37	63	49	21	31	18	3	31	62	70	13	37	46	59	25	24	
61	21	35	20	24	26	15	42	15	13	26	22	41	9	36	22	28	34	43	45	16	35	21	18	20	23	32	43	4	39	24	33	29	44	23	23	24	35	46	19	13	29	28	17	19	9	15	25	45	50	18	49	17	9	22	36	36	25	0	2	27	32	26	41	14	13	27	23	19	29	38	26	40	19	9	30	7	22	31	44	11	5	36	44	39	16	29	35	25	21	23	28	26	21	17	7	9	17	12	20	17	41	7	2	44	39	24	39	15	24	16	29	17	49	25	32	37	35	36	25	13	31	20	35	6	38	46	23	45	29	42	38	42	17	20	32	41	40	5	8	9	26	29	48	45	12	23	20	35	19	16	
58	21	35	17	24	26	16	42	15	11	27	24	41	12	39	23	25	33	42	43	19	33	20	17	23	23	29	41	5	36	25	36	31	44	24	25	21	32	43	21	10	27	27	18	22	7	18	26	45	47	17	48	16	6	20	33	34	26	2	0	30	31	26	39	15	11	25	26	19	26	37	29	38	17	7	32	9	20	31	41	8	3	34	41	37	18	28	34	27	20	21	27	27	19	14	8	7	15	14	22	19	38	8	4	41	37	23	36	18	23	15	28	15	48	27	30	35	34	39	22	14	28	18	33	8	35	45	25	43	26	40	36	40	20	18	35	38	37	8	5	11	27	32	46	44	14	25	19	33	17	19	
86	44	55	47	42	34	21	42	35	41	18	5	40	19	14	37	51	44	46	72	11	61	34	44	6	46	57	62	25	66	40	16	2	44	17	11	51	59	67	27	39	53	52	38	23	31	12	21	45	76	41	54	41	36	48	56	61	38	27	30	0	52	46	69	25	40	55	11	25	55	64	1	57	43	34	13	27	39	32	63	38	32	64	67	58	28	42	59	34	44	40	36	22	48	44	23	32	38	23	7	10	68	25	25	70	59	33	60	11	34	30	55	34	48	36	59	50	61	12	51	32	57	36	55	21	63	55	5	59	54	59	64	61	9	43	8	62	67	24	34	25	40	11	75	49	30	5	35	52	45	14	
66	10	3	26	10	58	47	74	18	27	58	48	72	35	54	16	45	63	73	44	42	15	51	17	47	8	44	64	36	41	13	48	53	76	55	53	29	48	63	26	33	47	7	15	31	38	41	57	77	54	14	78	15	30	18	56	13	17	32	31	52	0	6	34	46	23	28	43	51	37	16	51	62	41	36	60	27	49	63	63	32	29	31	57	61	24	58	8	22	11	49	58	58	35	33	39	37	42	29	46	45	43	39	33	47	58	55	56	43	54	47	13	46	80	19	25	64	14	56	36	21	39	49	57	37	50	74	50	69	42	64	18	63	45	43	54	59	38	31	34	28	14	48	52	75	23	50	50	58	19	38	
66	5	9	24	4	52	41	68	12	23	51	42	67	29	48	10	42	58	68	45	36	18	46	13	41	4	42	61	30	41	8	42	47	70	48	47	27	46	61	20	29	44	7	8	25	32	35	51	71	53	8	73	10	25	16	52	17	13	26	26	46	6	0	35	41	18	26	37	45	35	20	45	58	37	31	54	21	44	58	60	27	23	31	55	57	18	53	13	17	6	45	53	52	32	29	33	32	38	23	40	39	43	33	27	47	55	49	53	37	49	41	14	41	75	15	25	59	17	50	34	14	37	44	53	31	48	69	44	65	40	61	21	60	38	39	48	56	38	25	28	22	10	42	51	70	16	44	45	54	16	32	
34	32	36	21	38	55	53	70	39	27	65	63	69	50	76	43	29	54	66	12	58	18	48	27	62	32	23	44	43	12	42	72	70	71	62	63	18	26	40	50	31	30	27	37	54	40	57	63	72	22	33	68	32	32	22	37	21	47	41	39	69	34	35	0	50	29	14	63	54	18	20	68	44	32	37	70	43	43	62	42	32	36	5	31	42	47	49	26	51	31	42	54	63	24	27	46	39	37	49	61	59	13	45	43	17	38	52	34	57	50	47	21	43	75	49	10	51	20	77	21	41	17	44	40	47	25	61	65	51	24	46	17	43	59	34	73	37	7	45	36	46	45	69	20	67	43	65	46	43	24	57	
61	36	50	29	38	12	4	27	29	23	15	21	26	17	38	36	26	22	28	50	18	48	9	31	19	38	33	36	10	44	39	37	27	30	12	15	32	34	41	31	19	28	42	32	30	10	18	13	30	52	32	35	31	18	34	31	49	39	14	15	25	46	41	50	0	25	36	27	4	33	51	25	32	19	13	21	21	13	16	38	18	18	45	42	32	29	18	49	38	35	15	14	13	26	23	8	11	14	24	20	16	45	7	13	47	34	10	35	16	11	5	42	9	34	39	42	26	48	37	29	28	35	10	29	11	38	34	20	35	30	34	50	35	17	18	33	36	46	17	14	21	41	33	51	31	26	20	9	27	31	23	
53	13	26	9	18	35	27	51	12	5	39	34	50	20	47	20	25	40	50	35	28	22	29	6	33	14	25	43	16	29	21	43	41	53	35	36	13	29	44	23	10	27	17	13	26	15	27	37	54	41	10	55	8	7	9	35	23	24	13	11	40	23	18	29	25	0	15	34	29	20	26	39	40	18	13	43	13	26	41	43	9	8	24	39	39	19	35	24	26	12	26	36	38	15	12	19	15	19	20	32	30	31	18	15	35	38	32	36	28	31	25	17	23	58	25	19	41	23	47	18	13	22	26	35	19	32	51	36	46	23	42	25	42	30	21	44	39	29	15	11	16	24	40	40	52	15	36	27	36	6	27	
39	22	31	7	28	42	39	58	27	13	51	49	57	36	62	33	20	43	55	19	44	17	35	15	48	22	17	38	29	14	32	58	56	59	48	49	4	20	36	38	17	22	21	26	41	26	43	49	60	27	21	58	20	18	10	30	20	37	27	25	55	28	26	14	36	15	0	49	40	9	20	54	37	20	23	56	29	30	50	37	18	22	9	29	35	34	38	24	40	21	30	42	49	11	13	32	25	24	35	47	44	17	31	29	20	32	39	29	43	38	33	15	30	63	38	6	41	19	63	10	29	11	31	32	33	22	52	50	44	16	39	18	37	45	22	59	32	13	31	22	32	35	56	25	56	30	50	33	34	12	43	
84	35	45	42	33	39	24	50	26	36	26	9	48	14	13	27	50	49	53	68	9	52	37	37	10	37	55	64	23	62	30	10	11	52	24	18	46	58	68	17	36	52	43	29	12	30	9	28	53	73	32	61	32	32	41	57	52	27	23	26	11	43	37	63	27	34	49	0	29	52	55	10	60	42	32	23	20	40	39	65	34	27	58	67	60	19	46	50	22	35	42	41	29	45	41	22	30	38	14	9	12	64	25	21	67	60	37	61	11	38	32	47	35	56	25	53	54	52	13	48	23	54	38	56	19	61	61	12	63	52	61	56	63	11	42	11	63	62	18	31	17	30	6	72	56	21	12	37	54	39	6	
64	40	54	33	43	10	5	23	33	28	11	21	22	20	38	40	29	20	25	54	20	52	9	36	19	42	36	37	14	47	43	38	27	26	9	14	36	37	42	34	23	30	47	36	33	14	20	9	26	55	37	32	35	23	38	32	53	43	19	19	25	51	45	54	4	29	40	29	0	37	56	25	33	22	17	18	25	15	12	39	22	22	49	44	33	33	17	54	42	40	16	12	9	30	27	12	15	17	27	20	17	49	11	17	50	35	8	37	18	9	7	47	11	30	43	46	25	53	37	33	32	38	12	30	15	41	32	20	34	33	34	55	36	18	21	33	38	50	21	18	25	45	33	54	27	30	20	10	27	35	25	
33	30	40	11	36	37	37	52	33	16	48	50	51	38	65	40	12	36	48	17	45	26	31	22	49	31	7	29	30	10	40	62	57	53	46	48	8	11	27	43	16	13	30	32	46	24	44	46	54	21	29	50	27	19	19	21	29	44	29	26	55	37	35	18	33	20	9	52	37	0	30	55	28	15	21	54	33	25	45	27	18	24	13	20	26	39	31	33	47	29	24	36	46	7	11	32	23	20	39	48	45	12	30	30	14	23	35	19	44	33	30	24	26	57	45	15	33	28	65	4	34	2	27	23	34	13	44	51	35	7	30	27	28	46	17	61	22	13	33	21	36	43	58	19	49	35	51	29	26	19	46	
54	20	17	24	24	60	53	76	29	28	65	59	75	45	67	30	41	63	75	32	53	3	53	20	58	18	37	59	42	30	28	62	65	78	62	61	24	41	56	39	34	43	12	26	44	41	52	64	79	42	23	78	23	32	17	51	3	33	38	37	64	16	20	20	51	26	20	55	56	30	0	63	58	39	38	69	37	50	67	57	34	34	19	48	56	36	58	7	38	20	49	60	64	31	32	45	40	43	41	57	55	32	45	40	36	53	57	49	53	56	50	9	48	82	35	15	62	3	69	31	32	31	50	53	44	41	72	61	65	36	60	3	58	55	42	66	52	26	40	37	39	30	61	40	76	34	61	52	55	20	50	
86	43	54	47	41	34	21	43	34	40	19	5	41	18	13	36	51	45	47	72	10	60	34	43	6	45	57	62	25	66	39	15	2	45	18	12	51	59	67	26	39	53	51	37	21	31	11	22	46	76	40	55	40	36	47	57	60	36	26	29	1	51	45	68	25	39	54	10	25	55	63	0	58	43	33	14	26	39	33	64	37	31	63	67	58	27	42	58	32	43	40	37	23	48	43	23	32	38	22	6	10	68	25	25	70	60	33	60	11	35	30	54	34	49	35	59	51	60	12	51	31	57	36	55	21	63	56	5	60	54	59	63	61	9	43	7	62	67	23	33	24	39	10	74	50	29	5	35	53	44	13	
36	53	66	35	59	25	36	32	52	35	43	53	33	47	71	60	17	16	27	37	51	54	23	45	52	55	21	4	37	33	61	70	60	33	41	47	34	18	10	59	30	15	56	53	59	31	50	39	33	32	50	25	49	35	44	7	57	64	40	38	57	62	58	44	32	40	37	60	33	28	58	58	0	22	31	50	47	19	31	6	32	39	41	18	2	56	16	60	65	52	18	23	38	27	29	37	31	23	52	52	49	33	35	40	31	6	25	10	49	23	27	51	24	35	65	43	10	56	70	26	52	27	21	5	41	20	17	53	7	21	2	55	3	50	20	65	9	38	45	33	49	64	65	32	26	52	53	22	5	43	54	
43	31	44	15	36	22	23	38	30	13	34	38	37	28	54	38	8	23	35	31	33	36	16	24	36	33	13	25	18	25	39	52	45	39	31	34	16	16	26	37	8	10	34	31	39	12	33	31	40	33	28	38	26	13	23	17	38	42	19	17	43	41	37	32	19	18	20	42	22	15	39	43	22	0	10	40	25	10	30	25	10	17	27	25	21	34	18	40	43	30	10	22	31	8	7	19	11	5	31	36	33	26	17	20	27	20	20	19	32	18	15	31	11	43	43	26	23	37	54	11	30	16	12	17	22	19	33	38	28	11	24	37	24	33	2	50	21	28	25	11	28	42	48	32	36	30	38	14	17	21	36	
53	25	39	16	29	22	16	38	21	10	28	28	37	18	44	29	18	27	37	39	24	35	15	19	27	27	23	34	8	32	31	42	36	40	25	26	19	26	37	28	6	20	31	23	29	3	23	26	41	42	22	42	20	6	21	26	36	33	9	7	34	36	31	37	13	13	23	32	17	21	38	33	31	10	0	33	16	13	28	34	5	8	32	35	30	25	22	37	34	25	14	22	26	14	10	10	2	8	21	27	23	34	8	10	36	30	19	29	22	18	11	30	10	44	34	29	29	36	44	17	21	23	13	26	12	29	39	29	36	20	33	37	33	24	11	40	31	34	14	2	18	34	38	41	39	21	29	14	26	18	25	
82	50	63	49	50	24	17	29	42	43	7	14	27	25	27	46	47	35	33	71	18	65	27	48	14	52	54	54	27	65	49	30	15	31	8	7	52	55	60	37	39	48	58	45	33	30	19	10	32	73	47	42	46	38	52	50	66	48	30	32	13	60	54	70	21	43	56	23	18	54	69	14	50	40	33	0	32	33	20	56	38	35	65	62	50	37	33	65	44	50	34	27	11	47	43	24	31	35	31	15	15	67	25	28	68	53	24	55	17	26	25	59	29	35	47	62	41	66	25	50	39	56	30	48	24	59	44	11	50	51	50	68	53	15	39	21	56	67	29	34	31	50	25	72	37	37	11	28	45	49	24	
66	17	30	22	18	33	20	48	9	16	30	22	47	8	33	15	34	41	49	49	16	34	28	17	21	19	37	50	10	43	18	29	28	51	27	25	27	40	52	12	18	36	25	12	13	16	15	30	51	54	14	56	14	13	21	42	34	18	7	9	27	27	21	43	21	13	29	20	25	33	37	26	47	25	16	32	0	29	37	50	16	8	38	50	46	9	36	32	18	17	30	34	31	26	22	13	16	24	6	20	18	45	14	7	48	46	30	45	16	31	23	28	24	55	18	33	44	34	34	30	7	35	27	42	9	43	53	24	52	34	49	37	49	18	27	30	47	43	3	14	2	20	26	53	51	5	24	27	42	18	13	
49	39	53	25	43	12	17	27	35	22	26	34	26	28	51	43	15	13	25	41	31	46	6	32	33	41	22	23	19	35	45	51	41	29	24	29	26	23	27	41	16	15	44	37	41	13	31	23	29	40	36	29	34	19	33	17	48	47	22	20	39	49	44	43	13	26	30	40	15	25	50	39	19	10	13	33	29	0	20	24	17	22	38	29	19	38	8	50	47	38	1	11	22	19	18	18	13	7	34	33	30	36	16	22	36	20	10	22	29	8	8	41	5	32	47	37	15	47	51	21	34	26	2	15	22	26	25	34	23	20	20	48	22	30	8	46	23	38	27	16	31	48	46	40	26	34	34	4	13	31	35	
67	53	67	44	55	8	17	11	46	39	14	30	9	32	46	53	35	15	14	61	30	63	14	48	29	55	42	36	27	55	56	48	34	13	15	21	45	42	42	47	33	35	59	49	45	26	31	11	14	60	49	22	48	34	50	34	65	56	31	31	32	63	58	62	16	41	50	39	12	45	67	33	31	30	28	20	37	20	0	38	33	34	58	47	33	45	16	66	54	52	21	9	10	38	36	24	26	25	39	30	27	56	24	30	56	36	10	39	28	12	17	58	19	17	56	56	22	64	44	41	44	46	18	31	28	45	24	28	31	40	32	66	35	28	28	40	39	58	34	30	38	58	43	59	17	43	28	16	27	47	36	
30	55	67	36	61	32	42	39	55	38	49	59	39	52	76	63	18	23	33	33	56	54	29	47	57	56	20	3	42	30	64	75	66	39	48	53	34	16	4	62	33	16	57	56	64	35	55	46	39	27	53	31	51	38	45	8	57	67	44	41	63	63	60	42	38	43	37	65	39	27	57	64	6	25	34	56	50	24	38	0	35	42	40	13	5	59	22	61	68	54	23	30	45	28	31	42	35	27	56	58	54	29	40	44	27	5	31	8	54	29	33	52	29	41	68	42	17	56	76	27	55	26	27	8	46	16	23	58	11	21	7	55	3	55	23	71	5	35	49	36	53	67	71	28	32	55	58	28	11	44	59	
50	22	36	11	27	26	21	43	20	5	33	32	41	20	47	28	17	30	41	34	27	30	20	15	31	24	20	35	12	28	29	44	39	45	30	31	14	24	36	28	2	19	26	21	29	8	26	31	45	38	19	46	17	3	16	27	31	32	11	8	38	32	27	32	18	9	18	34	22	18	34	37	32	10	5	38	16	17	33	35	0	7	27	33	31	24	25	33	33	21	17	27	31	10	6	14	7	10	22	30	27	30	13	12	32	30	23	28	26	22	16	25	14	49	33	24	31	31	47	14	20	20	16	27	16	27	42	33	37	18	34	32	34	28	12	43	31	29	16	4	19	32	41	37	43	20	33	18	27	14	28	
57	18	32	15	21	29	19	45	13	8	31	27	43	13	40	21	25	35	45	41	21	30	23	13	25	20	28	42	8	35	23	37	34	47	27	28	19	31	44	20	9	27	24	15	22	9	20	30	48	45	14	50	13	5	17	34	31	25	5	3	32	29	23	36	18	8	22	27	22	24	34	31	39	17	8	35	8	22	34	42	7	0	31	41	38	17	30	31	26	17	22	30	30	17	13	11	8	16	15	25	22	37	11	7	39	37	26	36	20	25	18	25	17	51	26	27	37	31	41	21	13	26	21	34	11	34	47	28	44	25	41	33	41	22	19	37	39	35	9	6	11	25	34	44	46	13	28	21	34	14	21	
35	28	33	16	34	50	48	65	34	22	60	58	65	45	71	39	26	50	62	13	53	17	43	22	57	28	20	41	38	11	38	67	65	67	57	58	13	23	38	46	26	27	24	33	50	35	52	58	67	23	29	64	27	27	17	34	20	43	36	34	64	31	31	5	45	24	9	58	49	13	19	63	41	27	32	65	38	38	58	40	27	31	0	29	39	42	45	25	47	27	37	50	58	19	22	41	34	32	44	56	54	13	40	38	17	36	48	32	52	46	42	18	38	70	45	5	47	19	72	17	37	14	40	36	42	23	58	60	48	20	43	16	41	54	30	68	35	7	40	31	41	41	64	21	63	38	60	41	40	20	52	
19	50	60	31	56	39	46	50	51	34	56	62	50	53	79	59	16	33	45	21	58	45	35	42	61	51	13	15	43	18	59	77	70	51	54	58	28	9	10	61	31	14	50	52	63	37	58	52	51	14	48	43	46	36	39	13	48	63	44	41	67	57	55	31	42	39	29	67	44	20	48	67	18	25	35	62	50	29	47	13	33	41	29	0	16	57	31	52	65	49	28	38	52	24	27	44	36	29	56	61	58	17	42	45	14	12	38	8	57	36	37	44	33	53	65	33	28	47	79	21	52	18	32	16	47	7	35	62	24	15	19	45	15	58	24	75	9	23	49	36	52	62	73	15	44	53	62	34	20	39	61	
34	52	64	34	57	26	36	34	51	34	43	53	34	47	71	59	15	18	29	35	50	53	24	44	52	53	19	4	37	31	60	70	60	35	42	47	32	16	9	58	29	13	54	52	59	30	50	40	35	30	49	27	47	34	42	5	55	63	39	37	58	61	57	42	32	39	35	60	33	26	56	58	2	21	30	50	46	19	33	5	31	38	39	16	0	55	17	59	64	51	17	24	39	25	27	37	30	22	51	52	49	30	35	40	29	4	26	8	49	24	27	50	24	37	64	41	12	54	70	25	51	25	21	4	41	17	19	53	9	19	4	53	3	50	19	66	7	35	44	32	48	63	65	30	28	51	53	23	5	41	54	
73	16	26	28	14	42	28	56	8	23	36	24	55	13	30	8	42	50	58	54	19	34	37	20	24	18	44	59	19	49	12	25	29	59	33	30	32	48	61	3	26	44	24	10	7	25	18	37	60	61	14	64	15	21	25	51	33	10	16	18	28	24	18	47	29	19	34	19	33	39	36	27	56	34	25	37	9	38	45	59	24	17	42	57	55	0	45	31	9	16	39	43	38	34	30	21	25	33	6	22	22	51	23	16	54	54	39	53	20	39	32	28	33	63	10	37	53	33	32	37	5	42	36	51	17	51	62	27	61	42	58	37	58	21	36	30	56	48	11	23	7	12	24	59	60	4	27	36	51	22	14	
50	48	61	34	52	9	21	20	44	31	26	38	20	35	56	51	20	5	17	46	36	54	9	41	37	49	27	20	26	40	53	56	44	21	25	31	34	27	26	48	24	20	52	46	48	21	36	23	22	44	44	20	43	28	41	18	56	55	29	28	42	58	53	49	18	35	38	46	17	31	58	42	16	18	22	33	36	8	16	22	25	30	45	31	17	45	0	58	55	47	8	7	22	26	26	25	21	15	41	37	34	41	23	29	41	20	9	23	34	7	14	50	12	25	55	45	8	55	55	28	43	32	9	15	29	30	16	37	17	25	17	56	19	35	15	50	23	44	34	24	38	56	51	44	17	42	37	9	11	39	41	
60	15	9	25	17	59	50	76	24	27	62	54	75	40	61	23	43	63	75	38	48	8	53	18	53	13	41	62	39	36	21	56	60	78	59	58	26	44	60	33	33	45	7	21	38	40	47	61	78	48	18	79	18	31	17	54	5	26	35	34	59	8	13	26	49	24	24	50	54	33	7	58	60	40	37	65	32	50	66	61	33	31	25	52	59	31	58	0	31	15	50	60	62	33	32	42	39	43	36	52	50	38	42	37	42	56	57	53	48	56	49	8	47	82	28	20	63	6	63	34	27	35	50	55	41	46	74	56	67	39	63	10	61	50	43	61	56	32	36	35	34	23	55	46	76	29	56	51	57	19	45	
80	19	24	35	13	51	37	65	13	31	44	30	64	21	32	7	50	59	67	60	26	36	46	25	30	20	52	68	28	55	9	26	34	68	42	38	39	56	69	7	35	52	25	14	10	34	25	45	68	67	18	74	20	30	30	60	34	5	25	27	34	22	17	51	38	26	40	22	42	47	38	32	65	43	34	44	18	47	54	68	33	26	47	65	64	9	55	31	0	19	48	52	46	41	38	30	34	42	14	29	29	57	32	25	60	63	48	61	27	49	41	31	42	72	3	41	62	35	34	44	13	49	45	60	26	59	71	33	70	50	67	39	67	29	45	32	64	53	20	32	16	8	26	65	69	13	33	46	60	28	20	
61	1	14	18	7	46	36	62	9	16	47	39	61	25	47	12	36	52	62	40	33	17	40	7	38	2	36	54	25	36	11	42	45	65	44	43	21	40	55	19	22	38	8	6	24	26	32	47	65	48	3	67	4	18	10	46	17	15	21	20	44	11	6	31	35	12	21	35	40	29	20	43	52	30	25	50	17	38	52	54	21	17	27	49	51	16	47	15	19	0	38	47	47	26	23	28	26	31	21	37	35	38	28	22	42	49	43	47	33	43	36	12	35	69	17	22	53	17	49	28	12	31	38	47	26	42	63	41	58	34	54	20	53	35	33	46	50	34	20	22	19	14	41	47	64	14	41	39	48	10	30	
47	39	53	25	44	13	19	27	36	22	27	36	27	29	53	44	14	13	25	40	33	46	7	33	34	41	21	21	20	34	46	52	42	29	25	30	26	21	26	42	16	14	44	38	42	14	32	24	29	39	36	29	34	20	33	16	48	48	23	21	40	49	45	42	15	26	30	42	16	24	49	40	18	10	14	34	30	1	21	23	17	22	37	28	17	39	8	50	48	38	0	12	24	18	17	19	14	7	35	34	31	35	17	23	35	19	11	20	31	9	10	41	6	33	48	37	14	47	52	20	35	25	4	14	23	25	24	35	22	19	19	48	21	32	7	48	21	37	28	16	32	48	47	39	26	35	35	5	12	31	36	
57	48	62	36	51	2	17	16	43	32	20	32	15	31	50	50	26	8	15	52	32	57	7	42	31	50	33	27	24	46	52	50	38	18	19	25	38	33	33	45	26	26	53	45	44	20	32	16	18	50	44	21	43	29	43	25	58	53	28	27	36	58	53	54	14	36	42	41	12	36	60	37	23	22	22	27	34	11	9	30	27	30	50	38	24	43	7	60	52	47	12	0	15	30	29	22	21	17	38	32	29	47	20	27	47	27	4	30	30	4	11	52	12	22	53	48	14	58	49	32	41	37	10	22	25	36	20	31	23	31	24	59	27	30	19	44	30	49	31	24	36	55	45	50	17	40	31	8	18	41	37	
72	48	61	42	49	13	11	20	40	36	4	20	18	24	36	46	37	23	24	62	21	61	16	44	19	50	44	43	22	56	49	38	24	22	5	11	45	45	49	39	32	38	55	43	36	23	21	1	23	63	44	32	43	32	47	39	62	48	26	27	22	58	52	63	13	38	49	29	9	46	64	23	38	31	26	11	31	22	10	45	31	30	58	52	39	38	22	62	46	47	24	15	0	39	36	19	24	26	32	20	18	58	19	24	58	42	13	44	19	15	16	55	20	26	48	55	30	61	34	42	38	47	20	37	21	49	33	18	39	42	39	63	42	18	29	30	45	59	27	27	31	50	33	62	27	36	18	18	34	44	27	
39	27	38	8	33	31	29	46	27	10	41	43	45	31	58	35	10	31	43	24	38	28	24	19	41	28	10	29	22	18	36	55	50	48	38	41	7	14	29	37	8	12	28	28	39	17	37	39	48	28	25	46	23	12	17	20	30	39	21	19	48	35	32	24	26	15	11	45	30	7	31	48	27	8	14	47	26	19	38	28	10	17	19	24	25	34	26	33	41	26	18	30	39	0	4	24	16	13	33	41	38	20	22	23	22	23	28	21	36	26	23	24	19	51	41	18	30	29	58	3	28	9	20	21	26	17	41	43	34	8	29	29	28	38	11	54	24	20	26	14	29	39	51	27	44	29	43	22	23	16	38	
44	24	37	7	30	29	26	45	24	7	38	38	44	26	53	32	13	31	43	28	33	28	22	16	37	25	14	31	18	22	33	50	46	47	35	37	9	18	32	33	4	15	27	25	35	13	33	36	47	32	22	46	20	8	15	23	30	36	17	14	44	33	29	27	23	12	13	41	27	11	32	43	29	7	10	43	22	18	36	31	6	13	22	27	27	30	26	32	38	23	17	29	36	4	0	20	12	11	28	37	34	24	18	19	26	26	26	24	32	25	20	24	16	50	37	19	30	29	54	7	25	13	18	23	22	21	41	39	35	12	31	30	30	34	10	50	27	23	22	10	25	36	47	31	44	25	39	20	25	14	34	
63	28	42	25	31	20	8	35	21	19	19	18	34	10	34	28	28	29	36	49	14	42	16	25	17	31	33	41	3	42	31	33	25	38	16	17	28	36	45	23	16	29	35	24	23	7	13	18	38	52	25	43	24	14	28	34	43	31	7	8	23	39	33	46	8	19	32	22	12	32	45	23	37	19	10	24	13	18	24	42	14	11	41	44	37	21	25	42	30	28	19	22	19	24	20	0	8	15	16	17	13	44	2	5	46	38	18	38	12	18	11	36	13	42	31	38	33	42	34	28	20	34	16	33	4	39	41	19	41	30	39	44	40	14	20	30	40	44	9	10	13	33	28	51	39	18	19	16	32	25	17	
54	27	41	18	30	20	14	36	22	12	26	27	35	17	43	30	20	26	36	40	22	37	14	21	25	29	24	34	7	34	32	41	34	38	23	25	21	27	37	28	8	21	32	24	28	1	21	24	39	43	23	41	22	8	23	27	38	33	9	7	32	37	32	39	11	15	25	30	15	23	40	32	31	11	2	31	16	13	26	35	7	8	34	36	30	25	21	39	34	26	14	21	24	16	12	8	0	8	21	25	22	36	6	9	38	30	17	30	21	17	10	31	8	43	34	31	28	38	43	19	21	25	12	26	11	31	38	27	36	22	33	39	33	22	12	38	32	36	14	3	18	34	37	42	38	21	27	13	26	20	24	
47	32	46	18	37	18	18	34	29	15	29	33	33	25	50	37	12	20	32	36	30	39	11	25	32	34	18	26	15	30	39	48	41	35	26	30	20	20	29	36	9	14	37	31	36	8	29	26	36	38	29	36	27	13	26	19	41	41	17	15	38	42	38	37	14	19	24	38	17	20	43	38	23	5	8	35	24	7	25	27	10	16	32	29	22	33	15	43	42	31	7	17	26	13	11	15	8	0	29	32	29	31	13	17	32	22	15	22	28	13	10	34	6	39	42	31	21	40	50	16	29	21	7	18	19	24	31	34	28	16	25	41	25	29	4	46	24	33	22	10	26	41	44	37	33	29	34	9	18	24	32	
72	21	32	29	19	36	22	51	12	23	30	18	49	7	27	15	40	45	52	55	13	38	32	22	18	23	43	56	15	49	18	23	24	53	27	24	33	47	58	7	25	42	29	15	7	21	12	31	54	60	18	59	18	20	27	48	38	16	12	14	23	29	23	49	24	20	35	14	27	39	41	22	52	31	21	31	6	34	39	56	22	15	44	56	51	6	41	36	14	21	35	38	32	33	28	16	21	29	0	16	16	51	18	12	54	51	34	51	13	34	27	32	29	57	16	39	49	38	28	36	9	41	32	48	12	50	57	21	57	40	54	41	55	15	33	25	53	49	7	20	3	19	20	59	55	7	21	32	47	24	9	
80	37	49	40	36	30	16	40	28	34	17	2	38	12	18	31	45	41	44	65	4	54	29	37	1	39	50	56	18	59	34	18	8	42	15	9	44	53	61	22	32	46	45	31	18	24	5	19	43	69	34	52	34	29	41	51	54	32	20	22	7	46	40	61	20	32	47	9	20	48	57	6	52	36	27	15	20	33	30	58	30	25	56	61	52	22	37	52	29	37	34	32	20	41	37	17	25	32	16	0	3	61	19	18	63	54	28	54	4	30	25	48	28	47	31	52	46	54	17	44	25	50	30	49	14	56	52	4	55	47	54	57	55	2	36	13	56	60	17	26	18	35	13	68	47	23	4	29	47	38	8	
76	35	48	37	35	27	12	38	27	31	15	5	36	10	21	31	41	37	41	62	3	52	25	35	3	38	47	53	15	56	34	21	12	40	13	8	41	49	57	22	29	43	43	30	19	21	4	17	41	66	32	49	32	26	39	47	52	32	17	19	10	45	39	59	16	30	44	12	17	45	55	10	49	33	23	15	18	30	27	54	27	22	54	58	49	22	34	50	29	35	31	29	18	38	34	13	22	29	16	3	0	58	15	15	60	50	25	51	2	26	21	46	25	44	31	50	42	52	21	41	24	47	27	45	11	53	49	6	51	44	50	55	52	1	33	17	53	57	15	23	16	35	16	64	44	22	6	26	43	36	9	
23	39	46	22	45	48	49	61	43	28	60	63	61	50	77	50	21	44	57	5	57	30	42	32	61	39	14	32	42	2	49	74	70	62	58	61	18	14	27	54	28	21	36	43	58	37	57	58	63	10	38	57	37	32	27	26	33	54	41	38	68	43	43	13	45	31	17	64	49	12	32	68	33	26	34	67	45	36	56	29	30	37	13	17	30	51	41	38	57	38	35	47	58	20	24	44	36	31	51	61	58	0	42	43	4	26	46	22	56	44	41	30	37	65	55	18	41	32	78	16	45	10	38	29	46	13	50	63	39	16	34	29	31	58	28	74	25	6	46	34	48	52	71	8	57	46	63	40	32	29	58	
60	29	43	24	31	19	8	34	22	18	20	20	33	12	37	30	26	27	35	47	16	41	14	25	19	31	31	39	3	41	32	35	27	37	17	18	27	33	42	25	14	27	35	25	25	5	15	18	37	50	25	41	24	13	27	32	42	33	7	8	25	39	33	45	7	18	31	25	11	30	45	25	35	17	8	25	14	16	24	40	13	11	40	42	35	23	23	42	32	28	17	20	19	22	18	2	6	13	18	19	15	42	0	6	44	35	16	36	14	16	9	36	11	41	33	37	31	42	36	26	21	32	14	31	6	37	39	21	39	28	37	44	38	16	17	32	38	42	11	9	15	34	31	49	37	20	21	14	30	25	19	
62	23	37	22	25	25	13	41	16	15	24	20	39	7	34	23	29	33	42	47	14	37	20	20	18	25	33	44	3	41	25	32	27	43	21	21	26	36	47	19	14	30	30	19	19	9	13	24	44	51	19	48	18	11	24	37	38	26	2	4	25	33	27	43	13	15	29	21	17	30	40	25	40	20	10	28	7	22	30	44	12	7	38	45	40	16	29	37	25	22	23	27	24	23	19	5	9	17	12	18	15	43	6	0	45	40	23	39	13	23	15	31	17	48	26	34	37	37	35	27	14	32	20	36	4	39	46	21	45	30	42	40	43	15	21	31	42	42	5	9	9	27	28	50	44	13	21	20	35	21	15	
19	43	50	25	49	48	51	61	47	31	61	65	61	53	80	53	21	44	56	6	60	34	42	35	63	43	14	30	44	6	53	77	72	62	59	62	21	14	24	58	30	21	40	46	61	38	59	59	62	6	42	56	40	34	31	25	37	57	44	41	70	47	47	17	47	35	20	67	50	14	36	70	31	27	36	68	48	36	56	27	32	39	17	14	29	54	41	42	60	42	35	47	58	22	26	46	38	32	54	63	60	4	44	45	0	25	46	20	59	44	43	34	38	64	59	22	40	36	80	18	48	12	38	27	48	11	49	65	38	16	33	33	29	60	29	76	22	10	48	36	50	56	73	5	56	50	65	40	31	32	60	
31	50	62	32	56	29	38	38	50	33	46	55	38	47	72	58	13	21	33	31	51	50	26	42	53	51	15	5	37	27	59	71	62	39	44	49	30	12	7	58	28	11	52	51	59	31	51	42	39	26	48	31	46	33	40	3	52	62	39	37	59	58	55	38	34	38	32	60	35	23	53	60	6	20	30	53	46	20	36	5	30	37	36	12	4	54	20	56	63	49	19	27	42	23	26	38	30	22	51	54	50	26	35	40	25	0	28	4	50	26	29	47	25	41	63	38	16	51	71	22	50	22	23	5	41	13	24	54	13	16	8	50	5	51	18	67	3	32	44	31	48	62	66	26	32	50	54	24	8	39	55	
58	44	58	34	48	2	13	19	39	29	17	29	18	27	46	46	25	12	18	51	28	54	4	39	28	46	32	29	20	45	48	47	35	21	16	21	35	32	35	41	23	25	50	41	40	16	28	14	21	50	41	25	39	25	40	26	55	49	24	23	33	55	49	52	10	32	39	37	8	35	57	33	25	20	19	24	30	10	10	31	23	26	48	38	26	39	9	57	48	43	11	4	13	28	26	18	17	15	34	28	25	46	16	23	46	28	0	30	26	2	7	49	9	25	49	46	17	55	45	31	37	36	8	23	21	36	24	28	26	30	26	56	29	26	18	41	31	48	27	21	31	51	42	50	21	36	28	6	20	38	33	
27	48	59	29	54	31	39	42	48	31	48	56	42	47	73	56	11	25	37	26	52	46	28	40	54	49	12	9	37	22	57	71	63	43	46	50	26	8	8	57	26	9	49	49	58	30	51	44	43	22	46	36	44	31	37	5	49	60	39	36	60	56	53	34	35	36	29	61	37	19	49	60	10	19	29	55	45	22	39	8	28	36	32	8	8	53	23	53	61	47	20	30	44	21	24	38	30	22	51	54	51	22	36	39	20	4	30	0	50	28	30	44	26	45	61	34	20	48	72	19	48	18	24	8	41	9	28	55	17	13	12	47	9	52	18	68	3	27	44	31	47	60	67	22	36	49	55	26	12	37	55	
75	33	46	36	33	28	13	39	25	29	17	6	37	8	22	29	41	38	42	61	2	50	25	33	5	35	46	53	14	55	32	21	13	42	14	10	39	48	57	20	28	42	41	28	17	20	2	18	43	65	30	50	30	25	37	47	50	30	15	18	11	43	37	57	16	28	43	11	18	44	53	11	49	32	22	17	16	29	28	54	26	20	52	57	49	20	34	48	27	33	31	30	19	36	32	12	21	28	13	4	2	56	14	13	59	50	26	50	0	27	21	44	25	46	29	48	43	50	21	40	22	46	27	45	10	52	50	8	52	43	50	53	52	2	32	17	52	55	13	22	14	33	16	63	45	20	8	26	43	34	7	
56	44	58	32	47	4	14	20	38	28	19	31	19	28	48	46	23	11	19	49	29	53	2	38	29	46	30	27	20	43	48	48	37	22	18	23	34	30	33	42	22	23	49	41	41	16	29	16	22	48	40	25	39	24	39	23	54	49	24	23	34	54	49	50	11	31	38	38	9	33	56	35	23	18	18	26	31	8	12	29	22	25	46	36	24	39	7	56	49	43	9	4	15	26	25	18	17	13	34	30	26	44	16	23	44	26	2	28	27	0	7	48	8	26	49	44	15	54	47	29	37	34	6	21	22	34	23	29	25	28	24	55	26	27	16	42	29	46	28	20	32	50	43	48	21	36	29	4	18	37	34	
57	36	50	27	40	10	9	26	31	22	18	26	25	21	43	38	22	18	26	46	23	46	5	31	24	38	28	31	12	40	41	42	32	29	16	20	29	30	36	34	16	23	42	33	34	9	23	16	29	47	33	32	31	18	33	26	48	42	16	15	30	47	41	47	5	25	33	32	7	30	50	30	27	15	11	25	23	8	17	33	16	18	42	37	27	32	14	49	41	36	10	11	16	23	20	11	10	10	27	25	21	41	9	15	43	29	7	30	21	7	0	41	4	33	42	40	22	47	42	26	29	31	5	24	15	34	30	25	30	26	29	49	30	22	13	38	31	43	20	13	24	43	38	47	28	29	25	5	22	30	27	
53	12	16	16	17	51	44	68	20	19	56	50	67	36	59	23	34	55	66	31	44	6	45	11	49	11	32	53	33	28	21	54	56	70	52	52	17	36	51	31	25	36	6	18	36	32	43	55	70	40	14	70	14	23	8	45	6	26	29	28	55	13	14	21	42	17	15	47	47	24	9	54	51	31	30	59	28	41	58	52	25	25	18	44	50	28	50	8	31	12	41	52	55	24	24	36	31	34	32	48	46	30	36	31	34	47	49	44	44	48	41	0	39	74	29	12	54	6	60	25	23	26	42	46	35	37	65	52	58	31	54	9	52	46	34	58	47	25	31	28	30	24	52	38	67	25	52	43	48	11	41	
52	35	49	24	39	12	13	28	31	20	23	30	27	23	47	39	17	17	27	42	26	44	5	29	28	37	24	28	14	36	41	46	36	30	21	25	25	25	32	36	13	18	41	33	36	8	26	20	31	43	32	32	30	16	30	22	46	42	17	15	34	46	41	43	9	23	30	35	11	26	48	34	24	11	10	29	24	5	19	29	14	17	38	33	24	33	12	47	42	35	6	12	20	19	16	13	8	6	29	28	25	37	11	17	38	25	9	26	25	8	4	39	0	34	43	36	20	45	46	22	30	27	3	20	17	29	29	29	28	21	25	46	27	26	9	42	27	39	22	12	26	43	41	42	29	29	29	4	18	28	30	
71	70	84	58	73	22	35	6	64	54	30	46	8	50	62	71	45	20	8	70	48	79	29	64	46	72	51	38	45	65	73	64	50	4	32	37	59	50	45	65	48	44	75	66	63	42	48	27	3	67	66	11	65	50	65	40	80	74	49	48	48	80	75	75	34	58	63	56	30	57	82	49	35	43	44	35	55	32	17	41	49	51	70	53	37	63	25	82	72	69	33	22	26	51	50	42	43	39	57	47	44	65	41	48	64	41	25	45	46	26	33	74	34	0	73	70	25	80	60	53	62	57	32	37	45	53	18	44	30	50	34	80	38	45	40	56	44	69	52	46	56	75	59	67	9	61	44	30	33	63	54	
78	17	21	34	11	52	38	67	13	30	46	33	65	23	35	5	50	60	68	58	28	33	47	23	33	17	51	68	29	53	7	29	36	69	43	40	38	55	69	9	35	52	23	13	13	34	27	47	70	66	17	75	18	30	28	60	32	2	25	27	36	19	15	49	39	25	38	25	43	45	35	35	65	43	34	47	18	47	56	68	33	26	45	65	64	10	55	28	3	17	48	53	48	41	37	31	34	42	16	31	31	55	33	26	59	63	49	61	29	49	42	29	43	73	0	39	63	32	37	43	13	48	46	60	28	58	72	36	70	49	67	36	67	31	45	35	64	51	21	32	17	5	29	64	70	13	36	46	60	26	23	
41	22	28	13	28	49	45	64	29	19	57	54	64	40	66	34	26	49	62	19	48	12	42	17	53	22	22	44	35	16	33	62	61	66	54	55	10	25	41	40	23	28	18	27	44	32	47	55	67	28	23	65	22	24	12	36	15	37	32	30	59	25	25	10	42	19	6	53	46	15	15	59	43	26	29	62	33	37	56	42	24	27	5	33	41	37	45	20	41	22	37	48	55	18	19	38	31	31	39	52	50	18	37	34	22	38	46	34	48	44	40	12	36	70	39	0	48	14	67	17	31	16	38	38	38	26	58	56	50	22	45	12	43	50	29	64	37	12	35	28	36	36	59	26	62	33	56	40	41	14	47	
46	54	67	38	58	16	30	22	50	36	34	46	22	43	64	58	21	6	17	45	45	58	17	47	45	55	27	14	34	40	60	64	52	23	33	39	38	26	21	56	30	20	57	52	56	28	44	30	23	42	51	17	49	34	46	15	60	62	37	35	50	64	59	51	26	41	41	54	25	33	62	51	10	23	29	41	44	15	22	17	31	37	47	28	12	53	8	63	62	53	14	14	30	30	30	33	28	21	49	46	42	41	31	37	40	16	17	20	43	15	22	54	20	25	63	48	0	60	63	31	50	33	17	12	37	28	10	45	9	26	10	60	13	43	20	58	19	45	42	31	46	63	59	42	16	49	45	17	8	44	49	
54	17	15	21	21	57	50	74	26	25	62	56	73	42	64	27	39	60	72	32	50	2	51	17	55	15	36	57	39	30	25	59	62	76	59	58	22	39	55	36	31	41	9	23	41	38	49	61	76	42	20	76	20	29	14	49	1	30	35	34	61	14	17	20	48	23	19	52	53	28	3	60	56	37	36	66	34	47	64	56	31	31	19	47	54	33	55	6	35	17	47	58	61	29	29	42	38	40	38	54	52	32	42	37	36	51	55	48	50	54	47	6	45	80	32	14	60	0	66	29	29	30	48	51	41	40	70	58	63	35	58	4	56	52	40	63	51	26	37	34	36	28	58	40	73	31	58	49	53	17	47	
97	48	58	56	46	46	33	54	40	50	30	16	52	27	2	40	62	57	58	82	20	66	46	50	18	50	67	74	36	76	43	8	10	56	30	24	60	70	79	30	49	64	56	42	25	42	21	33	57	86	46	66	46	46	55	68	66	39	36	39	12	56	50	77	37	47	63	13	37	65	69	12	70	54	44	25	34	51	44	76	47	41	72	79	70	32	55	63	34	49	52	49	34	58	54	34	43	50	28	17	21	78	36	35	80	71	45	72	21	47	42	60	46	60	37	67	63	66	0	62	37	67	48	67	31	74	68	17	72	65	71	69	73	20	54	4	74	76	32	44	31	42	8	85	61	35	17	47	65	52	20	
36	29	40	10	35	33	33	48	30	13	44	46	48	34	61	38	10	33	45	21	41	28	27	21	45	30	8	28	26	14	38	58	53	50	41	44	7	12	27	40	12	11	29	30	43	20	40	42	50	24	27	48	25	16	18	20	30	42	25	22	51	36	34	21	29	18	10	48	33	4	31	51	26	11	17	50	30	21	41	27	14	21	17	21	25	37	28	34	44	28	20	32	42	3	7	28	19	16	36	44	41	16	26	27	18	22	31	19	40	29	26	25	22	53	43	17	31	29	62	0	31	5	23	21	30	14	41	47	33	6	29	29	27	42	13	58	22	17	30	18	32	41	55	23	46	32	47	25	24	18	42	
67	12	24	23	11	40	27	55	3	18	37	27	54	14	35	8	37	47	56	48	21	29	34	14	26	14	39	55	17	43	11	30	33	58	34	32	27	43	56	9	22	39	20	6	13	21	20	37	58	55	9	62	9	17	19	47	29	12	13	14	32	21	14	41	28	13	29	23	32	34	32	31	52	30	21	39	7	34	44	55	20	13	37	52	51	5	43	27	13	12	35	41	38	28	25	20	21	29	9	25	24	45	21	14	48	50	37	48	22	37	29	23	30	62	13	31	50	29	37	31	0	36	33	47	16	46	59	29	57	37	54	32	54	24	32	34	51	42	10	19	7	13	29	53	58	2	29	34	47	17	18	
31	32	42	13	38	38	38	52	35	18	50	52	52	40	67	42	12	36	49	15	47	28	32	24	51	33	6	28	31	9	42	64	59	54	47	50	10	9	25	45	18	13	32	35	48	26	46	47	54	19	31	50	29	21	21	20	31	46	31	28	57	39	37	17	35	22	11	54	38	2	31	57	27	16	23	56	35	26	46	26	20	26	14	18	25	42	32	35	49	31	25	37	47	9	13	34	25	21	41	50	47	10	32	32	12	22	36	18	46	34	31	26	27	57	48	16	33	30	67	5	36	0	28	22	36	11	43	53	34	6	29	28	27	48	18	63	21	12	36	23	38	45	60	17	49	37	53	30	25	21	48	
51	38	52	26	42	10	15	26	34	22	23	31	25	26	49	42	17	14	24	43	29	46	4	32	30	40	24	25	17	37	44	48	38	28	21	26	27	25	30	39	16	18	43	36	39	11	28	20	28	43	35	29	33	19	33	20	48	45	20	18	36	49	44	44	10	26	31	38	12	27	50	36	21	12	13	30	27	2	18	27	16	21	40	32	21	36	9	50	45	38	4	10	20	20	18	16	12	7	32	30	27	38	14	20	38	23	8	24	27	6	5	42	3	32	46	38	17	48	48	23	33	28	0	18	20	29	26	31	25	22	23	48	25	28	10	44	26	40	25	15	29	46	43	42	26	32	31	2	16	31	32	
35	48	60	30	53	24	33	34	47	30	41	50	34	43	67	55	11	17	29	33	47	49	21	40	49	49	16	8	33	29	56	66	57	35	39	44	29	14	12	54	25	10	50	48	55	26	46	37	35	30	45	28	43	30	39	3	52	59	35	33	55	57	53	40	29	35	32	56	30	23	53	55	5	17	26	48	42	15	31	8	27	34	36	16	4	51	15	55	60	47	14	22	37	21	23	33	26	18	48	49	45	29	31	36	27	5	23	8	45	21	24	46	20	37	60	38	12	51	67	21	47	22	18	0	37	16	21	50	12	16	7	50	7	46	15	62	8	33	41	28	44	59	62	30	28	47	50	19	4	37	50	
65	26	40	25	28	24	10	39	19	19	21	16	37	6	31	25	31	33	40	51	11	41	20	24	15	29	36	45	4	44	28	29	23	41	17	17	29	38	48	19	18	33	34	22	19	10	10	20	42	54	23	47	22	14	28	38	41	28	6	8	21	37	31	47	11	19	33	19	15	34	44	21	41	22	12	24	9	22	28	46	16	11	42	47	41	17	29	41	26	26	23	25	21	26	22	4	11	19	12	14	11	46	6	4	48	41	21	41	10	22	15	35	17	45	28	38	37	41	31	30	16	36	20	37	0	42	45	17	45	33	43	44	44	12	23	27	43	45	6	12	10	30	25	53	42	15	17	20	36	25	13	
23	43	53	24	49	37	42	50	45	27	52	58	50	47	74	52	11	33	45	17	53	38	32	35	56	44	6	19	38	13	52	71	65	51	50	54	21	3	15	55	25	10	43	45	57	31	53	49	51	14	41	45	39	30	32	13	41	56	38	35	63	50	48	25	38	32	22	61	41	13	41	63	20	19	29	59	43	26	45	16	27	34	23	7	17	51	30	46	59	42	25	36	49	17	21	39	31	24	50	56	53	13	37	39	11	13	36	9	52	34	34	37	29	53	58	26	28	40	74	14	46	11	29	16	42	0	37	58	26	9	21	39	18	53	20	70	12	18	43	30	46	56	68	14	44	47	58	31	20	32	55	
53	64	78	49	68	22	37	19	60	47	38	52	20	51	69	68	32	12	12	55	52	69	25	57	51	66	37	20	42	50	70	70	57	18	38	44	48	35	27	65	40	30	68	62	64	37	52	34	18	50	61	8	59	44	57	24	71	72	46	45	55	74	69	61	34	51	52	61	32	44	72	56	17	33	39	44	53	25	24	23	42	47	58	35	19	62	16	74	71	63	24	20	33	41	41	41	38	31	57	52	49	50	39	46	49	24	24	28	50	23	30	65	29	18	72	58	10	70	68	41	59	43	26	21	45	37	0	51	12	37	16	70	20	50	30	64	26	55	50	41	55	73	65	50	10	59	51	25	18	55	57	
81	41	53	43	41	29	16	38	32	37	14	2	36	16	18	36	46	40	42	68	8	58	29	41	3	43	52	57	21	62	39	20	7	40	13	7	47	54	62	26	35	48	49	35	22	26	9	17	41	71	38	50	38	32	45	51	58	37	23	25	5	50	44	65	20	36	50	12	20	51	61	5	53	38	29	11	24	34	28	58	33	28	60	62	53	27	37	56	33	41	35	31	18	43	39	19	27	34	21	4	6	63	21	21	65	54	28	55	8	29	25	52	29	44	36	56	45	58	17	47	29	53	31	50	17	58	51	0	55	49	54	61	56	6	38	13	57	63	21	29	22	39	15	70	45	27	0	30	47	42	13	
41	59	72	42	65	26	39	29	57	42	43	56	30	51	73	65	23	15	23	44	54	61	26	52	54	61	28	8	42	40	67	73	62	29	43	48	41	25	15	64	36	22	62	59	64	36	53	40	29	38	57	20	55	40	50	14	64	69	45	43	59	69	65	51	35	46	44	63	34	35	65	60	7	28	36	50	52	23	31	11	37	44	48	24	9	61	17	67	70	58	22	23	39	34	35	41	36	28	57	55	51	39	39	45	38	13	26	17	52	25	30	58	28	30	70	50	9	63	72	33	57	34	25	12	45	26	12	55	0	28	5	62	8	52	25	68	15	45	50	38	54	70	68	39	21	57	55	25	10	49	58	
32	35	46	16	41	32	34	46	36	18	45	49	45	38	65	43	5	29	42	21	44	33	26	27	47	36	2	22	29	15	44	62	56	47	42	46	13	6	21	45	15	6	35	36	47	22	43	42	47	21	33	43	31	20	24	14	36	47	29	26	54	42	40	24	30	23	16	52	33	7	36	54	21	11	20	51	34	20	40	21	18	25	20	15	19	42	25	39	50	34	19	31	42	8	12	30	22	16	40	47	44	16	28	30	16	16	30	13	43	28	26	31	21	50	49	22	26	35	65	6	37	6	22	16	33	9	37	49	28	0	23	34	21	44	12	60	16	18	34	21	37	47	58	21	42	37	49	24	19	24	46	
37	55	68	38	61	26	38	32	54	38	43	55	32	49	72	62	19	16	26	39	52	57	25	48	53	57	23	4	39	35	63	71	61	32	42	48	36	20	11	61	32	17	58	55	61	33	52	40	32	33	53	24	51	37	46	9	59	66	42	40	59	64	61	46	34	42	39	61	34	30	60	59	2	24	33	50	49	20	32	7	34	41	43	19	4	58	17	63	67	54	19	24	39	29	31	39	33	25	54	54	50	34	37	42	33	8	26	12	50	24	29	54	25	34	67	45	10	58	71	29	54	29	23	7	43	21	16	54	5	23	0	58	4	51	22	67	10	40	47	35	51	66	67	34	25	54	54	24	7	45	56	
51	21	19	22	25	59	52	75	29	26	64	59	74	45	68	31	39	61	73	29	53	3	52	20	58	19	34	56	41	27	29	63	65	77	61	61	21	38	54	40	32	40	13	27	45	40	52	63	77	39	23	76	23	31	16	48	5	34	38	36	64	18	21	17	50	25	18	56	55	27	3	63	55	37	37	68	37	48	66	55	32	33	16	45	53	37	56	10	39	20	48	59	63	29	30	44	39	41	41	57	55	29	44	40	33	50	56	47	53	55	49	9	46	80	36	12	60	4	69	29	32	28	48	50	44	39	70	61	62	34	58	0	55	55	40	67	50	23	40	36	39	32	61	37	74	34	61	50	53	19	50	
33	54	67	36	60	29	39	36	54	37	46	56	36	50	74	62	17	20	30	35	54	55	27	47	55	56	20	1	40	32	63	73	63	36	45	50	34	17	7	61	32	15	56	55	62	33	53	43	36	30	52	28	50	37	45	7	57	66	42	40	61	63	60	43	35	42	37	63	36	28	58	61	3	24	33	53	49	22	35	3	34	41	41	15	3	58	19	61	67	53	21	27	42	28	30	40	33	25	55	55	52	31	38	43	29	5	29	9	52	26	30	52	27	38	67	43	13	56	73	27	54	27	25	7	44	18	20	56	8	21	4	55	0	53	22	69	6	36	48	35	51	66	68	30	29	54	56	26	8	44	57	
77	35	48	37	35	28	13	39	26	31	16	4	37	10	21	30	42	38	42	63	2	52	26	35	3	37	47	54	16	56	34	20	11	41	13	9	41	50	58	22	30	43	43	30	18	22	3	18	42	66	32	50	32	26	39	48	52	32	17	20	9	45	38	59	17	30	45	11	18	46	55	9	50	33	24	15	18	30	28	55	28	22	54	58	50	21	35	50	29	35	32	30	18	38	34	14	22	29	15	2	1	58	16	15	60	51	26	52	2	27	22	46	26	45	31	50	43	52	20	42	24	48	28	46	12	53	50	6	52	44	51	55	53	0	33	16	53	57	15	24	16	34	15	65	45	22	6	27	44	36	8	
43	34	47	18	39	20	22	35	32	16	32	38	34	29	54	40	8	20	32	33	34	38	14	26	36	35	14	23	19	27	41	53	45	37	30	34	18	16	25	39	10	9	37	33	40	12	33	30	37	34	31	36	29	15	26	15	41	44	20	18	43	43	39	34	18	21	22	42	21	17	42	43	20	2	11	39	27	8	28	23	12	19	30	24	19	36	15	43	45	33	7	19	29	11	10	20	12	4	33	36	33	28	17	21	29	18	18	18	32	16	13	34	9	40	45	29	20	40	54	13	32	18	10	15	23	20	30	38	25	12	22	40	22	33	0	50	20	30	26	13	29	44	48	33	33	32	38	12	15	24	36	
93	46	56	52	44	42	29	50	37	46	26	12	48	23	6	38	58	53	54	78	16	63	42	47	13	48	63	69	32	72	41	10	6	52	25	19	56	66	74	28	45	60	54	40	23	38	17	29	53	82	43	62	43	42	52	64	63	37	32	35	8	54	48	73	33	44	59	11	33	61	66	7	65	50	40	21	30	46	40	71	43	37	68	75	66	30	50	61	32	46	48	44	30	54	50	30	38	46	25	13	17	74	32	31	76	67	41	68	17	42	38	58	42	56	35	64	58	63	4	58	34	63	44	62	27	70	64	13	68	60	67	67	69	16	50	0	70	72	28	40	28	40	6	81	57	32	13	43	60	49	16	
27	51	62	32	57	32	41	41	51	34	49	57	41	49	74	59	14	24	36	29	54	49	29	43	56	52	15	7	39	25	60	73	64	42	47	52	30	11	5	59	29	12	52	52	61	33	53	45	42	23	49	34	47	34	40	5	52	63	41	38	62	59	56	37	36	39	32	63	38	22	52	62	9	21	31	56	47	23	39	5	31	39	35	9	7	56	23	56	64	50	21	30	45	24	27	40	32	24	53	56	53	25	38	42	22	3	31	3	52	29	31	47	27	44	64	37	19	51	74	22	51	21	26	8	43	12	26	57	15	16	10	50	6	53	20	70	0	30	46	33	50	63	69	24	35	51	57	27	11	40	57	
28	34	40	20	41	50	50	64	40	26	61	62	64	49	76	46	24	48	61	6	56	24	44	28	60	34	17	37	41	5	45	72	69	66	58	61	16	19	33	51	28	24	31	39	55	37	55	59	66	16	35	62	33	30	23	31	27	49	40	37	67	38	38	7	46	29	13	62	50	13	26	67	38	28	34	67	43	38	58	35	29	35	7	23	35	48	44	32	53	34	37	49	59	20	23	44	36	33	49	60	57	6	42	42	10	32	48	27	55	46	43	25	39	69	51	12	45	26	76	17	42	12	40	33	45	18	55	63	45	18	40	23	36	57	30	72	30	0	44	33	45	48	69	14	61	43	63	42	37	25	56	
66	21	34	24	22	30	17	45	13	18	26	19	43	5	31	19	33	38	46	50	13	37	25	20	18	23	37	49	8	44	21	28	25	47	23	22	28	40	51	14	18	35	28	16	14	14	12	27	48	55	17	53	17	14	24	41	37	21	5	8	24	31	25	45	17	15	31	18	21	33	40	23	45	25	14	29	3	27	34	49	16	9	40	49	44	11	34	36	20	20	28	31	27	26	22	9	14	22	7	17	15	46	11	5	48	44	27	44	13	28	20	31	22	52	21	35	42	37	32	30	10	36	25	41	6	43	50	21	50	34	47	40	48	15	26	28	46	44	0	13	4	23	25	53	48	9	21	25	40	21	12	
53	23	37	15	27	24	17	40	19	9	29	28	39	17	43	27	20	29	39	38	23	33	17	17	27	25	24	36	8	32	29	41	35	42	26	27	18	27	38	26	5	21	29	21	27	4	22	27	43	42	20	44	18	4	19	28	34	31	8	5	34	34	28	36	14	11	22	31	18	21	37	33	33	11	2	34	14	16	30	36	4	6	31	36	32	23	24	35	32	22	16	24	27	14	10	10	3	10	20	26	23	34	9	9	36	31	21	31	22	20	13	28	12	46	32	28	31	34	44	18	19	23	15	28	12	30	41	29	38	21	35	36	35	24	13	40	33	33	13	0	16	32	37	41	41	19	29	16	28	17	24	
69	19	31	25	19	34	20	49	10	19	30	20	47	6	30	15	36	42	50	51	14	36	29	19	19	21	39	52	12	46	18	26	26	51	27	24	29	43	55	10	21	38	27	13	10	18	13	30	52	57	16	57	16	16	24	45	36	18	9	11	25	28	22	46	21	16	32	17	25	36	39	24	49	28	18	31	2	31	38	53	19	11	41	52	48	7	38	34	16	19	32	36	31	29	25	13	18	26	3	18	16	48	15	9	50	48	31	47	14	32	24	30	26	56	17	36	46	36	31	32	7	38	29	44	10	46	55	22	54	37	51	39	51	16	29	28	50	45	4	16	0	19	23	55	52	5	22	29	44	21	11	
75	13	16	31	7	53	40	69	12	29	49	37	67	26	40	4	49	61	69	55	31	29	48	20	36	13	49	67	30	50	3	34	41	71	46	43	35	53	68	13	34	51	18	11	17	35	31	50	72	63	14	76	16	29	25	59	27	3	26	27	40	14	10	45	41	24	35	30	45	43	30	39	64	42	34	50	20	48	58	67	32	25	41	62	63	12	56	23	8	14	48	55	50	39	36	33	34	41	19	35	35	52	34	27	56	62	51	60	33	50	43	24	43	75	5	36	63	28	42	41	13	45	46	59	30	56	73	39	70	47	66	32	66	34	44	40	63	48	23	32	19	0	34	61	72	14	39	47	59	24	26	
91	40	50	49	38	43	29	53	32	43	29	13	51	20	6	32	57	54	57	75	14	58	42	43	14	42	61	69	29	69	35	5	10	55	28	22	53	64	73	22	43	58	48	34	17	36	15	32	56	79	38	65	38	39	47	63	58	31	29	32	11	48	42	69	33	40	56	6	33	58	61	10	65	48	38	25	26	46	43	71	41	34	64	73	65	24	51	55	26	41	47	45	33	51	47	28	37	44	20	13	16	71	31	28	73	66	42	67	16	43	38	52	41	59	29	59	59	58	8	55	29	60	43	62	25	68	65	15	68	58	67	61	68	15	48	6	69	69	25	37	23	34	0	78	60	27	15	43	60	45	12	
14	47	54	30	54	51	55	64	52	36	66	69	64	58	85	58	25	47	59	8	65	38	46	40	68	48	18	31	49	10	58	82	77	65	63	67	26	17	25	63	35	24	45	51	66	43	64	63	65	2	47	58	45	39	36	27	41	62	48	46	75	52	51	20	51	40	25	72	54	19	40	74	32	32	41	72	53	40	59	28	37	44	21	15	30	59	44	46	65	47	39	50	62	27	31	51	42	37	59	68	64	8	49	50	5	26	50	22	63	48	47	38	42	67	64	26	42	40	85	23	53	17	42	30	53	14	50	70	39	21	34	37	30	65	33	81	24	14	53	41	55	61	78	0	58	55	70	44	34	37	65	
62	65	79	51	68	18	32	9	60	48	31	47	10	48	63	67	37	13	3	62	47	72	23	58	46	67	43	29	41	56	69	65	51	8	32	38	52	42	36	62	42	36	70	62	61	37	47	28	8	58	61	5	60	45	59	31	74	70	45	44	49	75	70	67	31	52	56	56	27	49	76	50	26	36	39	37	51	26	17	32	43	46	63	44	28	60	17	76	69	64	26	17	27	44	44	39	38	33	55	47	44	57	37	44	56	32	21	36	45	21	28	67	29	9	70	62	16	73	61	46	58	49	26	28	42	44	10	45	21	42	25	74	29	45	33	57	35	61	48	41	52	72	60	58	0	57	45	25	24	57	52	
68	14	26	24	13	39	26	54	5	19	35	25	53	12	33	10	38	47	55	50	19	31	34	16	24	16	40	55	16	44	12	29	31	56	32	30	28	44	57	8	22	40	22	8	11	21	18	36	57	56	11	61	11	17	21	47	31	13	12	14	30	23	16	43	26	15	30	21	30	35	34	29	52	30	21	37	5	34	43	55	20	13	38	53	51	4	42	29	13	14	35	40	36	29	25	18	21	29	7	23	22	46	20	13	50	50	36	49	20	36	29	25	29	61	13	33	49	31	35	32	2	37	32	47	15	47	59	27	57	37	54	34	54	22	32	32	51	43	9	19	5	14	27	55	57	0	27	33	47	18	16	
81	41	53	43	41	29	16	38	32	37	14	2	36	16	18	36	46	40	42	68	8	58	29	41	3	43	52	57	21	62	39	20	7	40	13	7	47	54	62	26	35	48	49	35	22	26	9	17	41	71	38	50	38	32	45	51	58	37	23	25	5	50	44	65	20	36	50	12	20	51	61	5	53	38	29	11	24	34	28	58	33	28	60	62	53	27	37	56	33	41	35	31	18	43	39	19	27	34	21	4	6	63	21	21	65	54	28	55	8	29	25	52	29	44	36	56	45	58	17	47	29	53	31	50	17	58	51	0	55	49	54	61	56	6	38	13	57	63	21	29	22	39	15	70	45	27	0	30	47	42	13	
53	40	54	28	43	8	13	24	35	24	21	30	23	26	48	43	19	13	23	45	28	48	2	33	29	42	26	26	17	39	45	47	37	26	20	24	29	27	31	39	18	20	45	37	39	12	28	18	27	45	36	28	35	20	35	21	50	46	20	19	35	50	45	46	9	27	33	37	10	29	52	35	22	14	14	28	27	4	16	28	18	21	41	34	23	36	9	51	46	39	5	8	18	22	20	16	13	9	32	29	26	40	14	20	40	24	6	26	26	4	5	43	4	30	46	40	17	49	47	25	34	30	2	19	20	31	25	30	25	24	24	50	26	27	12	43	27	42	25	16	29	47	43	44	25	33	30	0	17	32	32	
39	49	62	32	54	20	31	30	47	31	38	48	30	42	65	55	14	13	25	37	45	52	18	41	47	50	19	9	32	32	56	65	54	31	36	42	31	18	15	54	25	12	52	48	54	26	45	34	31	34	46	25	44	30	40	7	54	59	35	33	52	58	54	43	27	36	34	54	27	26	55	53	5	17	26	45	42	13	27	11	27	34	40	20	5	51	11	57	60	48	12	18	34	23	25	32	26	18	47	47	43	32	30	35	31	8	20	12	43	18	22	48	18	33	60	41	8	53	65	24	47	25	16	4	36	20	18	47	10	19	7	53	8	44	15	60	11	37	40	28	44	59	60	34	24	47	47	17	0	39	49	
51	11	22	8	17	40	33	57	14	8	45	40	56	26	51	21	26	44	55	32	34	16	34	3	39	12	26	45	22	26	20	47	47	59	41	42	11	30	45	26	14	28	13	13	30	21	33	43	59	39	9	60	8	12	3	37	17	25	19	17	45	19	16	24	31	6	12	39	35	19	20	44	43	21	18	49	18	31	47	44	14	14	20	39	41	22	39	19	28	10	31	41	44	16	14	25	20	24	24	38	36	29	25	21	32	39	38	37	34	37	30	11	28	63	26	14	44	17	52	18	17	21	31	37	25	32	55	42	49	24	45	19	44	36	24	49	40	25	21	17	21	24	45	37	57	18	42	32	39	0	32	
78	30	41	36	28	35	20	47	21	30	24	10	45	7	19	23	44	45	50	62	5	47	32	31	10	32	48	58	17	56	26	16	15	49	22	17	40	52	62	13	30	46	38	24	9	24	5	26	50	67	27	57	27	26	35	51	47	24	16	19	14	38	32	57	23	27	43	6	25	46	50	13	54	36	25	24	13	35	36	59	28	21	52	61	54	14	41	45	20	30	36	37	27	38	34	17	24	32	9	8	9	58	19	15	60	55	33	55	7	34	27	41	30	54	23	47	49	47	20	42	18	48	32	50	13	55	57	13	58	46	56	50	57	8	36	16	57	56	12	24	11	26	12	65	52	16	13	32	49	32	0	

