5  150
84	17	19	12	88	76	76	1	34	13	3	31	45	67	3	69	49	22	71	42	66	65	72	27	7	82	21	15	39	98	22	6	69	28	73	15	85	65	82	31	37	48	98	26	79	55	26	47	55	57	100	86	48	74	96	65	86	78	71	36	18	80	82	17	47	39	1	81	38	41	63	19	2	80	57	68	51	93	18	59	29	75	16	64	38	24	94	82	34	63	69	62	23	58	36	99	42	98	84	91	37	58	82	5	41	1	28	37	47	42	21	6	93	37	59	81	47	10	11	65	7	93	73	50	12	82	59	56	71	79	20	74	13	49	68	29	53	30	77	64	97	42	42	93	58	32	85	95	26	3	
57	9	51	53	55	7	84	80	90	93	42	87	23	16	37	24	13	35	33	17	82	36	69	9	54	27	28	80	66	18	67	52	10	9	5	54	2	97	77	59	35	21	52	54	22	54	21	73	78	71	62	37	40	90	73	40	94	19	94	25	88	12	2	85	11	63	96	38	17	32	74	3	64	50	89	40	62	78	19	61	86	88	14	95	62	18	60	8	66	83	41	42	54	97	4	8	68	74	44	73	21	83	93	77	15	96	33	32	2	34	23	33	28	39	53	24	74	65	21	65	39	35	42	33	82	41	87	4	54	48	57	56	46	70	97	19	89	78	52	48	20	17	68	13	61	80	33	86	19	29	
88	41	49	96	63	29	6	69	6	37	8	91	35	11	44	67	87	50	54	17	8	32	6	78	28	1	6	73	1	67	54	60	32	45	96	88	60	88	75	57	55	45	35	17	70	92	80	1	7	66	43	38	50	56	68	20	18	78	51	79	93	87	55	62	66	62	47	39	77	96	55	36	69	47	4	39	43	81	35	54	39	44	57	69	21	22	29	99	95	99	47	64	33	90	9	93	45	57	33	77	53	69	25	87	26	40	52	74	25	85	8	59	7	36	58	42	52	57	28	25	54	1	15	99	41	50	22	63	62	72	51	35	14	50	83	48	41	98	79	45	79	44	10	3	75	74	78	89	66	19	
17	61	33	97	38	56	23	67	14	35	52	29	65	49	78	8	41	7	73	74	53	75	58	22	70	26	49	67	13	48	76	93	68	22	11	79	66	9	79	73	22	26	90	25	4	58	54	45	25	6	19	98	7	91	6	12	32	21	75	4	23	60	87	92	65	78	4	16	14	39	97	23	96	5	94	38	62	3	42	86	80	41	18	80	39	23	58	38	55	34	39	51	37	68	93	58	10	49	72	58	64	25	57	5	6	95	18	22	99	29	31	87	63	62	49	6	12	4	37	48	15	65	67	51	46	18	78	60	19	12	15	29	61	54	29	32	33	73	61	12	40	85	1	33	50	68	33	42	56	71	
61	21	3	65	28	26	11	61	19	95	25	94	74	34	20	13	75	46	76	67	60	17	77	22	24	33	30	15	30	31	67	64	35	63	24	42	29	78	53	50	83	90	75	77	28	56	17	94	45	18	50	59	95	28	66	94	61	29	9	12	40	95	5	25	56	9	2	52	20	84	64	39	26	97	32	96	99	55	96	90	82	46	84	84	83	12	31	60	65	88	8	18	7	32	96	100	12	19	73	9	90	1	98	89	96	100	77	38	50	69	66	100	20	56	25	32	86	15	58	78	79	5	65	49	12	21	33	38	81	87	91	76	69	63	77	61	31	8	3	43	84	15	2	23	81	4	32	43	2	60	
246	1103	2705	499	2401	5325	5841	1271	5420	6764	2308	2145	1948	5480	2038	6307	6428	1632	4491	4407	1586	481	3185	6612	3383	4729	5891	5298	6251	933	5549	3637	6281	2626	4566	3223	5746	434	5203	4063	2903	1043	1656	6895	4578	5283	5744	4120	5872	2881	251	1488	4288	5528	853	4628	69	2077	1457	5135	5348	6540	6229	4625	6451	745	5125	7132	6252	1918	6759	3376	1524	4903	337	3942	7277	6931	5211	3313	5382	6219	5246	6329	3986	3481	1079	6452	3038	1951	7269	2710	302	5206	3880	4298	4527	913	4792	5408	3879	4315	6405	5928	5346	568	1378	966	3774	1294	7339	7402	3722	2310	4635	5708	4944	5755	1274	6812	171	5321	7381	3023	327	958	3188	5358	1717	1363	3277	782	7198	6121	3067	1905	967	302	7109	289	3867	5552	7153	3372	4548	4408	5229	3406	5143	5377	
0	56	66	65	87	73	65	68	70	66	40	79	62	90	64	41	35	61	52	71	22	43	92	72	35	62	63	33	36	62	57	49	89	60	36	48	82	57	71	89	66	35	72	26	50	77	53	40	71	78	15	53	39	52	38	44	72	71	63	18	61	76	75	40	39	65	39	57	57	68	47	87	54	62	48	73	49	9	57	75	23	43	77	47	62	88	92	76	71	57	79	50	74	59	36	61	46	42	25	36	65	68	56	67	44	18	61	87	32	87	87	62	43	67	40	64	69	22	81	48	48	59	57	47	31	53	70	64	79	56	11	54	54	28	31	35	46	85	66	21	74	32	48	61	88	43	77	64	78	75	58	
56	0	47	58	40	63	39	16	14	24	16	25	15	49	39	34	26	51	6	14	38	42	45	18	45	8	56	24	46	42	41	25	46	66	48	56	34	38	30	42	27	41	52	31	38	50	28	44	52	36	45	54	24	6	34	18	35	14	19	38	58	23	25	17	36	50	44	47	34	27	55	43	15	67	40	43	56	48	57	34	34	17	45	44	11	39	50	52	17	14	25	53	21	32	41	47	17	36	43	21	67	11	21	19	18	38	41	38	24	52	46	62	39	69	18	40	12	45	41	9	17	29	61	10	50	38	58	47	40	21	47	9	62	28	31	45	30	37	24	37	53	24	60	61	50	40	47	30	41	26	64	
66	47	0	13	37	16	8	62	56	27	45	43	62	32	8	25	37	9	42	53	45	22	41	42	31	42	13	45	30	5	9	24	32	28	31	26	37	10	25	38	23	30	6	55	15	12	19	26	6	27	51	19	34	51	29	58	19	50	66	55	17	41	37	50	27	4	27	10	13	26	25	34	31	27	17	13	25	57	19	25	57	37	15	19	58	40	34	10	43	33	45	21	41	15	30	5	58	24	40	53	24	50	25	66	35	54	6	40	48	25	29	21	22	26	40	7	47	43	26	50	59	18	24	49	37	13	11	1	24	25	55	38	27	51	37	31	23	36	27	47	8	50	31	20	27	22	14	18	22	34	26	
65	58	13	0	50	8	21	74	68	40	53	57	73	44	21	29	42	6	52	66	47	23	54	55	29	54	2	50	28	17	17	33	45	15	29	18	50	19	39	51	36	31	14	59	20	23	29	25	13	41	51	12	40	61	32	66	33	63	77	58	5	55	50	58	30	9	26	11	24	39	18	47	42	14	20	26	17	57	9	39	61	45	28	19	69	53	46	19	56	44	58	15	54	27	30	11	66	27	40	60	11	63	36	77	43	57	18	53	53	36	42	8	24	12	47	21	59	42	39	60	68	29	12	58	34	20	6	13	37	36	54	49	16	55	41	29	29	49	39	50	16	55	21	7	39	24	27	31	35	47	13	
87	40	37	50	0	50	30	47	39	20	51	17	51	12	31	48	51	46	39	35	64	51	5	22	60	31	50	55	59	35	39	38	9	65	61	61	6	36	16	2	21	57	37	66	43	28	34	55	38	10	72	55	47	46	51	58	18	32	55	70	54	18	14	54	51	41	56	45	34	18	60	5	33	64	46	24	60	78	56	12	69	45	23	50	46	3	12	32	24	31	18	56	19	30	56	41	57	49	65	58	61	34	30	52	43	70	35	4	57	19	11	58	49	62	48	31	30	67	11	49	57	29	61	48	66	40	46	38	13	30	76	36	64	62	55	60	42	2	21	65	35	59	66	57	16	50	24	24	15	13	63	
73	63	16	8	50	0	24	79	72	43	60	59	78	42	24	37	49	13	57	70	55	31	53	58	37	58	10	58	36	21	22	39	43	20	37	26	51	25	41	50	39	39	13	67	27	21	35	33	12	41	59	20	47	67	40	73	34	67	82	66	12	57	52	65	38	13	34	18	29	42	26	46	47	18	28	26	25	66	17	40	69	52	27	27	74	53	44	17	59	49	60	23	57	31	38	16	73	35	48	67	14	67	41	82	50	65	22	54	61	34	40	13	32	14	54	24	63	50	38	66	74	34	19	64	42	26	5	16	37	41	63	54	23	63	49	37	36	49	43	58	14	63	29	13	37	32	25	34	35	49	19	
65	39	8	21	30	24	0	54	48	19	40	35	55	27	1	23	33	16	34	45	43	23	34	33	32	34	21	40	32	5	9	19	26	35	33	31	29	7	17	31	15	31	12	51	15	12	14	28	13	20	50	25	29	44	27	52	12	42	59	52	24	33	28	45	26	12	28	15	8	17	30	27	24	34	18	8	30	56	26	18	53	32	12	21	50	33	29	13	34	25	36	26	32	8	30	11	51	23	40	48	32	42	18	58	30	52	5	33	43	22	24	29	22	34	35	1	38	43	19	44	53	10	31	42	39	12	19	8	17	18	54	31	34	47	34	32	19	29	18	45	13	45	36	27	23	23	12	9	15	26	33	
68	16	62	74	47	79	54	0	8	36	30	30	7	58	54	50	42	67	23	12	52	58	51	25	62	20	72	38	62	57	57	42	55	83	64	73	41	54	41	49	40	57	67	42	55	63	44	61	67	46	59	70	40	17	50	25	47	15	9	50	75	29	33	29	52	66	60	63	50	39	71	51	31	83	57	56	72	61	73	44	45	33	58	61	6	45	59	66	23	29	29	69	28	47	58	63	22	53	58	32	83	13	37	5	34	51	56	44	37	62	55	79	56	85	33	55	17	60	51	21	21	44	78	22	66	54	74	62	50	37	61	25	79	41	46	62	47	45	37	51	67	37	77	77	60	57	60	44	52	35	80	
70	14	56	68	39	72	48	8	0	29	30	22	13	50	48	47	40	62	20	4	52	55	43	17	59	14	67	38	59	51	51	37	47	78	61	69	33	48	34	41	33	55	60	43	50	56	39	57	61	38	59	66	37	17	48	28	40	7	16	51	69	21	25	30	49	60	57	58	44	32	67	43	26	79	52	49	68	61	69	37	47	31	51	56	9	37	51	59	15	24	21	65	20	41	55	57	26	49	57	33	78	5	32	13	31	52	50	36	37	55	47	74	52	80	32	48	9	59	43	21	25	38	73	22	64	49	67	56	43	32	61	21	74	41	45	59	43	37	30	51	61	37	73	72	52	53	52	38	44	27	76	
66	24	27	40	20	43	19	36	29	0	31	17	38	26	19	29	31	34	21	26	44	34	26	14	41	16	39	35	41	23	25	18	24	53	43	46	16	22	6	22	4	38	31	46	27	26	16	38	31	13	52	41	27	30	31	40	11	23	42	50	42	14	11	35	32	31	38	31	18	3	45	21	13	52	30	20	45	57	43	10	49	25	22	34	33	21	28	29	15	11	18	41	13	14	38	29	39	30	45	39	51	23	10	40	23	50	22	21	37	28	23	47	32	53	28	20	20	47	17	31	40	12	48	30	48	24	39	28	16	10	55	17	50	42	35	41	23	18	1	45	31	39	51	46	26	33	23	9	17	9	50	
40	16	45	53	51	60	40	30	30	31	0	39	25	57	39	24	12	47	12	30	22	32	56	32	33	22	51	8	34	40	37	21	55	58	35	46	45	35	37	53	32	29	51	15	32	52	26	33	51	44	29	46	13	13	23	13	40	30	28	21	52	36	37	5	25	47	33	42	32	34	45	52	18	59	33	46	46	32	49	41	19	8	49	36	24	51	59	53	31	19	40	44	35	32	29	43	13	27	28	8	60	28	23	30	10	22	39	50	7	57	54	56	30	62	5	40	28	29	48	9	15	30	53	8	37	33	55	44	46	23	31	14	53	12	17	33	23	48	30	21	53	8	50	54	56	31	50	33	47	37	55	
79	25	43	57	17	59	35	30	22	17	39	0	34	29	35	45	44	51	27	18	57	51	21	7	58	17	56	46	58	39	42	34	25	70	60	63	11	39	18	19	20	54	46	55	44	39	33	55	46	19	65	58	40	32	47	44	24	15	38	61	59	3	6	42	48	47	55	49	35	18	62	21	25	69	47	33	62	70	60	19	59	36	33	51	29	15	29	43	8	22	1	58	4	31	54	46	42	47	60	46	68	17	26	35	35	61	39	14	47	34	26	64	49	69	38	36	13	62	23	35	42	29	65	35	64	41	54	44	24	26	68	25	67	52	49	58	40	15	18	58	45	48	68	62	31	50	35	26	26	9	67	
62	15	62	73	51	78	55	7	13	38	25	34	0	62	54	47	38	67	21	17	47	56	55	29	58	21	71	33	59	57	56	40	59	81	60	70	45	53	43	53	42	54	67	36	53	64	43	58	68	49	53	68	36	13	47	18	49	19	4	44	73	33	37	23	49	65	57	62	49	41	69	55	31	82	55	58	70	55	72	47	39	30	60	58	5	49	63	67	27	29	33	67	32	47	54	62	16	50	54	26	82	17	37	5	31	45	56	48	31	65	59	77	54	84	29	55	21	55	54	16	14	44	76	17	62	53	73	62	53	37	55	24	76	35	42	58	45	49	38	45	68	31	74	76	63	54	61	45	54	39	78	
90	49	32	44	12	42	27	58	50	26	57	29	62	0	28	49	55	41	47	46	68	50	12	33	59	41	44	61	59	31	37	41	3	59	61	58	17	34	20	11	25	57	30	72	42	21	36	55	31	13	75	51	51	55	53	67	18	43	66	75	48	29	25	62	52	35	55	41	34	23	57	7	39	58	45	19	56	81	51	16	75	51	16	48	57	15	2	25	35	38	30	53	30	31	57	36	65	49	66	65	55	45	34	63	49	75	32	16	63	8	3	52	49	56	54	28	41	69	9	57	66	31	55	57	66	39	39	33	11	34	79	43	59	68	58	59	44	13	26	69	28	65	62	51	5	50	17	26	12	23	57	
64	39	8	21	31	24	1	54	48	19	39	35	54	28	0	22	32	15	34	45	42	22	35	33	31	34	20	39	30	4	8	18	28	34	32	30	30	6	17	32	15	29	13	50	14	13	13	26	13	21	49	24	28	43	26	51	13	42	58	51	24	33	29	44	25	12	27	14	7	17	29	28	23	34	17	9	29	55	25	19	52	31	13	20	50	34	30	14	35	25	37	25	33	7	29	10	50	22	39	47	32	42	17	57	29	50	4	34	42	24	25	28	21	34	34	1	38	41	20	43	52	9	30	42	38	10	19	8	18	17	52	30	33	45	33	31	18	30	18	44	14	44	35	27	25	22	13	10	17	26	32	
41	34	25	29	48	37	23	50	47	29	24	45	47	49	22	0	12	24	27	45	19	8	53	40	13	33	27	20	13	21	16	11	48	34	15	22	44	16	32	50	27	9	31	30	10	35	13	10	31	38	26	21	11	34	3	37	31	44	51	29	28	42	39	29	3	26	10	19	15	30	21	47	21	35	9	32	22	32	25	35	32	17	35	11	44	50	51	35	40	24	46	19	41	18	9	22	38	2	17	30	35	42	19	52	16	28	20	49	24	46	46	31	6	38	19	23	40	19	40	32	40	18	29	31	19	12	33	24	38	19	30	25	29	26	12	13	5	46	28	22	34	25	26	30	46	7	36	23	37	38	31	
35	26	37	42	51	49	33	42	40	31	12	44	38	55	32	12	0	36	20	40	13	20	57	37	20	29	40	8	21	32	28	14	54	46	23	34	47	27	36	53	31	16	43	18	22	45	19	21	43	43	21	34	4	25	10	25	37	39	40	19	40	41	40	17	13	38	20	31	24	33	32	52	19	47	21	40	34	26	38	40	20	9	44	24	36	52	57	45	37	21	44	31	39	26	17	34	26	15	17	17	48	37	21	42	9	19	31	52	11	54	52	44	18	50	8	32	36	19	46	21	28	25	41	20	24	24	45	36	44	21	24	20	40	14	5	20	14	49	30	14	45	13	37	42	53	19	44	29	44	39	43	
61	51	9	6	46	13	16	67	62	34	47	51	67	41	15	24	36	0	45	59	42	18	50	49	26	48	5	44	25	11	10	26	41	19	25	18	45	13	33	47	30	26	12	54	14	20	23	21	11	36	47	10	34	54	27	60	28	57	70	53	8	49	44	52	25	5	22	5	17	33	17	43	36	18	15	22	16	53	10	34	56	39	24	14	63	49	43	17	50	38	52	13	48	20	25	5	60	22	36	54	16	56	30	70	37	52	12	49	48	34	38	12	19	18	41	15	53	38	35	53	62	23	15	52	31	13	9	8	33	30	50	42	18	50	36	26	23	45	34	45	15	50	22	11	36	19	23	25	31	42	17	
52	6	42	52	39	57	34	23	20	21	12	27	21	47	34	27	20	45	0	20	32	35	45	20	39	10	50	19	39	36	35	19	45	60	41	49	34	32	27	42	24	34	47	27	32	45	22	38	47	34	40	47	17	9	27	19	32	19	25	34	52	24	25	15	29	44	37	41	28	24	48	42	10	60	34	39	49	43	50	31	31	11	42	37	17	39	49	47	19	10	27	46	23	26	35	41	18	30	37	19	60	17	16	25	11	34	35	38	19	49	44	56	33	62	12	35	16	39	38	10	19	24	55	9	44	32	52	41	37	16	42	4	55	24	25	39	24	37	21	32	48	20	54	55	47	34	43	26	38	26	57	
71	14	53	66	35	70	45	12	4	26	30	18	17	46	45	45	40	59	20	0	52	53	39	13	58	12	64	38	58	48	49	35	43	76	60	67	29	46	30	37	30	54	57	45	48	53	37	56	58	34	59	64	37	19	47	30	37	3	20	52	67	17	21	31	48	57	56	56	42	28	66	39	25	76	50	46	67	62	66	33	48	31	47	55	12	33	47	56	11	22	17	63	16	39	54	54	28	48	57	35	76	3	29	17	31	53	48	32	38	51	43	71	51	78	32	45	6	59	39	23	27	36	71	23	63	47	65	53	39	29	62	20	72	43	45	58	41	33	27	51	57	38	72	70	48	52	49	35	41	24	73	
22	38	45	47	64	55	43	52	52	44	22	57	47	68	42	19	13	42	32	52	0	24	70	51	18	42	45	14	19	41	36	26	66	46	20	33	60	36	48	66	43	16	51	15	29	55	31	22	50	55	8	36	17	35	16	31	49	51	49	11	44	54	53	24	17	45	21	37	34	46	32	65	32	47	27	51	34	13	40	53	15	21	55	28	46	66	70	54	50	35	58	33	53	37	17	41	32	20	8	22	50	49	34	52	22	10	40	65	15	65	64	46	23	52	20	42	49	8	58	31	34	36	42	30	18	32	51	43	56	34	11	33	40	13	9	18	23	62	43	3	53	16	35	45	65	23	55	41	56	53	43	
43	42	22	23	51	31	23	58	55	34	32	51	56	50	22	8	20	18	35	53	24	0	56	46	9	41	21	28	8	19	14	17	50	25	10	14	49	15	35	53	31	8	28	36	8	34	18	4	27	41	29	13	19	43	9	46	33	51	59	35	20	48	45	37	7	21	5	13	17	34	13	50	28	26	5	32	14	35	17	38	38	26	35	4	53	53	53	32	46	31	52	11	47	20	7	17	46	5	18	38	27	50	25	60	24	34	19	53	31	46	47	23	2	29	27	22	48	21	42	41	48	22	20	39	15	11	27	21	40	25	32	33	20	33	18	9	11	50	33	27	30	33	18	22	47	1	35	26	38	43	22	
92	45	41	54	5	53	34	51	43	26	56	21	55	12	35	53	57	50	45	39	70	56	0	26	65	36	54	61	65	39	44	43	9	69	66	66	11	41	21	3	26	62	40	71	48	31	40	61	41	15	78	59	53	52	56	63	23	36	59	76	58	22	19	60	56	45	61	49	39	24	65	7	38	68	51	28	64	83	60	17	75	50	26	55	50	6	11	35	28	37	22	61	23	35	62	45	62	54	70	64	65	38	36	56	49	76	39	7	63	20	12	62	55	66	53	35	34	73	15	54	62	34	65	54	72	45	49	42	17	36	81	41	68	68	61	65	48	7	26	71	38	64	71	61	17	56	27	29	19	18	67	
72	18	42	55	22	58	33	25	17	14	32	7	29	33	33	40	37	49	20	13	51	46	26	0	53	10	54	39	53	37	39	29	30	67	55	59	16	36	17	24	18	49	45	48	40	40	28	50	46	21	59	55	34	25	42	37	24	10	33	54	57	4	8	35	43	46	50	46	32	16	58	26	19	67	42	33	58	63	57	20	52	29	34	47	24	20	34	43	2	16	7	55	3	28	49	43	35	42	54	39	65	12	21	30	28	54	37	19	40	37	30	61	44	67	31	34	8	56	26	28	35	26	62	28	59	37	53	42	26	21	62	18	64	45	42	53	35	20	15	51	45	41	64	60	34	45	36	23	27	10	64	
35	45	31	29	60	37	32	62	59	41	33	58	58	59	31	13	20	26	39	58	18	9	65	53	0	46	27	27	1	29	23	24	59	27	2	14	57	25	44	61	39	4	36	33	17	43	25	5	36	50	22	18	21	45	11	45	42	56	61	29	26	55	52	37	10	30	4	21	25	42	13	59	34	29	14	41	15	28	22	47	34	28	44	12	56	62	62	41	53	37	59	15	54	29	4	26	46	11	11	37	31	55	32	63	27	28	28	61	30	55	56	28	10	33	29	32	53	13	51	42	48	30	23	41	6	20	34	30	49	32	25	38	21	30	16	0	18	58	40	21	39	32	17	27	56	9	44	35	48	50	25	
62	8	42	54	31	58	34	20	14	16	22	17	21	41	34	33	29	48	10	12	42	41	36	10	46	0	53	29	46	37	37	23	38	64	48	55	25	34	22	33	20	42	46	38	36	43	25	44	47	28	50	51	26	15	35	27	28	10	25	44	55	15	17	24	36	46	44	44	30	19	54	34	13	64	38	36	55	53	54	26	41	20	38	42	16	30	42	46	9	10	17	51	13	27	42	43	25	36	46	29	64	8	17	24	20	44	36	29	30	44	38	60	39	66	22	35	7	48	33	18	25	24	59	17	52	35	53	42	32	17	52	9	60	34	34	46	29	29	17	42	47	31	60	58	42	40	40	24	33	18	61	
63	56	13	2	50	10	21	72	67	39	51	56	71	44	20	27	40	5	50	64	45	21	54	54	27	53	0	48	26	16	15	31	45	15	27	17	50	18	38	51	35	29	14	57	18	23	28	23	13	40	49	10	38	59	30	64	32	62	75	56	4	54	49	56	28	9	24	9	22	38	17	47	41	14	18	26	15	55	7	39	59	43	28	17	68	53	46	19	55	43	57	13	53	25	28	10	64	25	38	58	11	61	35	75	42	55	17	53	51	37	42	8	22	13	46	20	58	40	39	58	66	28	11	56	32	18	7	12	37	35	52	47	15	53	39	27	27	49	38	48	17	53	20	7	39	22	27	30	35	47	13	
33	24	45	50	55	58	40	38	38	35	8	46	33	61	39	20	8	44	19	38	14	28	61	39	27	29	48	0	28	40	36	21	59	53	29	41	50	35	41	58	36	23	51	10	30	52	26	28	51	48	21	42	11	21	18	18	43	38	35	15	49	43	43	10	21	46	28	39	32	38	40	57	22	55	30	47	41	24	46	45	13	10	51	32	32	56	63	53	38	24	46	39	41	32	24	42	19	23	21	10	56	35	26	38	12	15	39	55	3	60	57	52	26	58	7	40	36	22	51	17	21	31	49	16	30	32	53	44	50	26	23	21	48	6	10	27	22	53	35	13	53	5	44	51	59	27	51	35	50	43	51	
36	46	30	28	59	36	32	62	59	41	34	58	59	59	30	13	21	25	39	58	19	8	65	53	1	46	26	28	0	28	22	24	58	26	2	13	57	24	43	61	39	5	36	34	16	42	25	4	35	49	23	17	22	46	11	46	42	57	62	30	25	55	52	38	10	29	3	21	25	42	12	58	34	28	13	40	14	29	21	47	35	29	44	11	56	61	61	40	53	37	59	14	54	29	4	25	47	11	12	38	30	55	32	64	28	29	27	61	31	54	56	27	9	32	29	31	53	14	51	43	49	30	22	41	7	20	33	29	48	32	26	38	20	31	17	1	18	58	40	22	38	32	16	26	55	8	43	35	47	50	24	
62	42	5	17	35	21	5	57	51	23	40	39	57	31	4	21	32	11	36	48	41	19	39	37	29	37	16	40	28	0	5	19	31	30	29	26	34	5	21	36	19	27	11	50	12	14	14	24	11	25	47	20	29	46	25	53	17	46	61	50	19	37	33	45	23	8	24	10	8	21	25	32	26	30	14	12	25	54	21	23	52	32	15	17	53	38	34	13	38	28	41	21	37	10	27	6	52	20	37	48	28	45	20	61	30	50	1	38	43	26	28	24	19	29	35	4	42	40	24	45	54	12	26	44	35	8	16	5	22	20	51	33	29	46	33	29	18	34	22	43	13	45	31	23	27	19	15	13	20	30	28	
57	41	9	17	39	22	9	57	51	25	37	42	56	37	8	16	28	10	35	49	36	14	44	39	23	37	15	36	22	5	0	16	36	27	24	22	38	3	25	40	21	22	15	46	6	20	12	18	15	29	42	16	25	44	19	50	21	46	60	46	18	39	35	42	18	10	19	6	7	24	21	37	25	27	9	18	21	48	18	27	48	29	21	11	52	42	39	18	40	27	43	17	39	10	21	6	50	15	31	44	26	46	19	60	27	45	5	42	39	32	34	22	13	28	32	8	43	34	29	43	52	13	23	42	29	4	18	8	27	19	46	32	25	42	28	23	14	38	24	38	17	41	27	21	33	14	21	16	25	33	25	
49	25	24	33	38	39	19	42	37	18	21	34	40	41	18	11	14	26	19	35	26	17	43	29	24	23	31	21	24	19	16	0	39	41	26	31	34	14	22	40	17	20	30	32	13	31	5	21	30	29	34	28	10	28	13	34	22	33	44	34	33	31	28	26	14	26	21	22	11	19	30	38	10	41	15	26	31	40	31	26	35	13	29	19	36	39	43	32	29	13	35	27	30	11	20	22	33	13	26	29	41	32	8	44	11	34	18	39	24	39	37	37	15	43	16	19	30	29	31	26	35	10	36	25	30	13	34	23	29	8	38	16	37	28	17	24	6	36	17	28	32	26	36	36	39	16	30	15	29	27	38	
89	46	32	45	9	43	26	55	47	24	55	25	59	3	28	48	54	41	45	43	66	50	9	30	59	38	45	59	58	31	36	39	0	60	60	58	14	34	18	8	23	56	31	69	42	22	35	54	32	11	74	51	49	53	51	64	17	40	63	73	49	26	22	59	51	36	55	41	33	21	57	4	37	59	45	19	57	79	51	13	73	48	17	48	54	12	4	26	32	35	27	53	27	30	56	36	63	48	65	63	56	42	33	60	47	73	31	13	61	10	3	53	48	57	51	27	38	68	7	55	63	29	56	54	65	38	40	33	10	33	77	41	59	66	57	59	43	10	24	68	29	63	63	52	7	49	18	24	11	20	58	
60	66	28	15	65	20	35	83	78	53	58	70	81	59	34	34	46	19	60	76	46	25	69	67	27	64	15	53	26	30	27	41	60	0	25	12	64	31	52	66	49	30	29	60	28	38	39	25	28	55	48	12	45	68	35	71	47	74	84	57	11	67	63	63	33	24	25	21	34	52	13	62	51	2	26	41	12	54	9	53	61	51	43	22	78	68	61	34	68	54	71	14	67	38	29	24	72	31	38	63	6	73	47	85	50	56	30	68	56	51	57	7	27	7	53	34	70	39	54	66	74	41	5	65	29	29	21	27	52	47	51	57	6	57	43	27	36	64	52	49	31	58	12	8	54	27	42	43	50	61	2	
36	48	31	29	61	37	33	64	61	43	35	60	60	61	32	15	23	25	41	60	20	10	66	55	2	48	27	29	2	29	24	26	60	25	0	13	58	26	45	63	41	6	37	35	18	43	27	5	36	51	23	17	24	47	13	48	43	59	63	31	25	57	54	39	12	30	5	22	27	44	12	60	36	27	15	42	14	29	21	49	35	30	45	12	58	63	63	41	55	39	61	14	56	31	6	27	48	13	12	39	30	57	34	65	30	30	29	63	32	56	57	27	11	32	31	33	55	14	52	44	51	32	22	43	5	21	34	30	50	34	26	40	19	32	19	2	20	60	42	23	40	34	15	26	57	10	45	37	49	52	23	
48	56	26	18	61	26	31	73	69	46	46	63	70	58	30	22	34	18	49	67	33	14	66	59	14	55	17	41	13	26	22	31	58	12	13	0	60	25	47	62	43	18	30	48	19	38	31	12	29	51	36	7	33	57	23	59	43	65	73	44	13	60	57	51	21	23	13	16	28	46	1	59	42	14	16	38	1	42	9	49	49	40	41	12	67	64	60	35	60	45	64	5	60	32	17	21	60	20	25	51	17	64	38	75	39	43	26	64	44	51	55	14	16	19	41	30	62	27	51	55	62	34	9	53	17	22	24	25	49	38	39	47	6	45	31	14	25	60	45	36	33	46	5	13	53	15	41	38	47	55	10	
82	34	37	50	6	51	29	41	33	16	45	11	45	17	30	44	47	45	34	29	60	49	11	16	57	25	50	50	57	34	38	34	14	64	58	60	0	35	13	8	17	54	38	60	41	30	31	53	39	9	68	54	43	40	47	52	17	26	49	65	53	12	8	49	48	41	53	44	32	14	59	10	28	64	44	25	59	73	55	11	64	40	24	48	40	5	18	34	18	26	12	55	13	28	53	40	51	46	61	53	61	28	26	46	38	65	34	5	52	23	15	58	47	63	43	30	24	63	13	43	51	26	60	42	63	38	47	37	14	26	71	30	63	57	51	57	39	4	17	61	37	53	65	57	20	48	26	22	16	7	62	
57	38	10	19	36	25	7	54	48	22	35	39	53	34	6	16	27	13	32	46	36	15	41	36	25	34	18	35	24	5	3	14	34	31	26	25	35	0	22	38	18	23	16	45	7	19	10	20	16	26	43	19	24	42	20	48	18	43	57	45	21	36	32	40	18	12	20	9	4	21	24	34	22	30	10	16	24	49	21	24	47	27	19	13	49	39	37	18	37	24	40	20	36	7	22	8	48	15	32	43	29	43	16	57	25	45	4	39	38	30	31	25	14	31	30	7	40	35	26	41	49	10	26	39	31	4	20	9	24	16	46	29	28	41	28	25	13	35	21	38	18	40	30	24	31	15	19	13	23	30	28	
71	30	25	39	16	41	17	41	34	6	37	18	43	20	17	32	36	33	27	30	48	35	21	17	44	22	38	41	43	21	25	22	18	52	45	47	13	22	0	18	5	41	27	51	28	22	18	40	28	7	56	41	31	36	35	46	6	27	48	55	41	16	11	41	35	29	40	31	19	3	46	16	18	51	31	15	46	62	42	4	54	30	17	35	39	18	22	25	19	17	19	42	16	15	40	28	45	33	48	45	49	28	14	46	28	55	21	17	43	22	17	46	34	51	33	18	24	51	11	37	46	13	47	36	50	25	36	26	10	14	60	23	50	47	39	44	26	14	6	50	27	44	52	44	20	35	18	9	11	8	50	
89	42	38	51	2	50	31	49	41	22	53	19	53	11	32	50	53	47	42	37	66	53	3	24	61	33	51	58	61	36	40	40	8	66	63	62	8	38	18	0	23	59	37	68	45	29	36	57	38	11	74	56	49	49	53	60	19	34	57	72	55	20	16	56	53	42	57	46	36	20	61	4	35	65	48	25	61	80	57	14	71	47	23	51	48	4	11	33	26	33	20	57	21	32	58	42	59	50	66	61	62	36	32	54	46	72	36	5	59	19	10	59	51	63	50	32	32	69	12	51	59	31	62	50	68	41	46	39	14	32	78	38	65	64	57	61	44	4	23	68	36	61	67	58	15	52	24	26	16	15	64	
66	27	23	36	21	39	15	40	33	4	32	20	42	25	15	27	31	30	24	30	43	31	26	18	39	20	35	36	39	19	21	17	23	49	41	43	17	18	5	23	0	36	26	47	24	22	13	35	27	12	51	37	26	33	30	43	8	27	46	50	39	18	14	37	30	27	35	28	15	3	42	21	14	49	27	16	42	57	39	9	50	25	18	31	37	22	26	25	19	14	22	38	17	11	36	25	42	28	43	41	47	28	10	44	24	50	18	22	38	25	21	43	29	49	29	15	24	46	15	34	43	9	44	33	46	21	34	23	13	10	55	20	46	43	34	39	21	19	3	45	27	40	48	42	24	30	19	5	14	12	46	
35	41	30	31	57	39	31	57	55	38	29	54	54	57	29	9	16	26	34	54	16	8	62	49	4	42	29	23	5	27	22	20	56	30	6	18	54	23	41	59	36	0	36	30	15	42	22	6	36	47	20	20	17	41	7	41	39	52	57	27	28	51	49	33	6	30	5	22	23	39	17	56	30	32	13	39	18	27	24	44	31	24	43	12	51	59	60	40	49	33	55	17	50	26	1	26	42	8	9	33	34	50	28	59	23	26	27	58	26	53	54	30	8	36	24	30	49	12	49	38	44	27	26	36	10	19	35	29	46	28	24	33	25	26	12	4	14	55	37	19	39	28	21	29	54	8	43	32	45	47	28	
72	52	6	14	37	13	12	67	60	31	51	46	67	30	13	31	43	12	47	57	51	28	40	45	36	46	14	51	36	11	15	30	31	29	37	30	38	16	27	37	26	36	0	61	21	9	25	31	1	28	57	23	40	56	35	64	21	54	71	61	18	44	39	56	33	7	32	15	19	29	30	33	36	28	23	13	28	63	21	27	63	43	14	24	63	40	32	5	46	38	47	25	44	20	35	10	63	30	46	59	25	54	30	70	41	60	12	40	54	22	28	22	28	26	46	12	51	49	25	56	65	22	26	55	42	19	9	7	24	30	60	43	30	57	43	36	29	36	30	53	2	56	34	21	25	28	13	22	21	36	27	
26	31	55	59	66	67	51	42	43	46	15	55	36	72	50	30	18	54	27	45	15	36	71	48	33	38	57	10	34	50	46	32	69	60	35	48	60	45	51	68	47	30	61	0	40	63	37	36	61	58	18	50	21	26	27	18	54	45	37	8	57	52	53	13	29	56	35	49	42	48	47	67	33	62	39	58	48	19	54	56	3	21	61	40	36	66	73	63	47	34	55	47	51	43	31	52	20	32	24	10	64	42	37	41	22	9	49	65	8	71	68	60	35	66	18	50	43	24	62	22	22	42	56	21	34	42	63	54	60	37	19	30	55	4	18	33	32	64	45	12	63	7	50	59	70	35	62	46	60	53	58	
50	38	15	20	43	27	15	55	50	27	32	44	53	42	14	10	22	14	32	48	29	8	48	40	17	36	18	30	16	12	6	13	42	28	18	19	41	7	28	45	24	15	21	40	0	26	11	12	21	33	35	15	19	41	13	46	25	46	57	39	20	41	38	37	11	16	13	9	9	27	18	42	23	28	3	24	18	42	18	31	42	25	27	7	50	46	44	25	40	26	45	14	40	13	14	12	46	8	25	39	28	45	19	58	23	38	11	45	33	38	39	24	7	30	27	14	42	28	34	39	47	15	23	38	23	3	23	14	32	19	39	29	24	36	22	17	8	42	26	32	24	35	24	22	39	7	27	19	30	36	25	
77	50	12	23	28	21	12	63	56	26	52	39	64	21	13	35	45	20	45	53	55	34	31	40	43	43	23	52	42	14	20	31	22	38	43	38	30	19	22	29	22	42	9	63	26	0	26	38	10	20	62	31	41	55	39	64	15	49	68	64	27	38	33	57	38	15	38	22	20	24	38	24	35	37	29	6	37	68	30	20	66	44	5	31	60	32	23	4	41	35	41	33	38	20	41	17	63	34	51	60	34	50	29	67	42	64	15	32	55	13	19	31	33	35	47	12	46	54	17	55	64	22	35	54	49	23	18	13	16	29	65	41	38	59	47	43	31	28	26	57	7	57	42	30	16	34	4	19	13	30	36	
53	28	19	29	34	35	14	44	39	16	26	33	43	36	13	13	19	23	22	37	31	18	40	28	25	25	28	26	25	14	12	5	35	39	27	31	31	10	18	36	13	22	25	37	11	26	0	22	25	25	38	26	15	31	16	38	18	34	47	39	30	30	27	31	16	22	22	19	6	16	29	34	12	39	14	21	30	44	29	22	40	18	24	18	39	36	38	27	29	15	34	26	29	6	22	18	38	14	30	34	39	34	7	47	16	38	13	36	29	34	33	34	16	41	21	14	31	33	27	31	39	5	34	29	32	10	30	19	25	7	42	19	35	33	22	25	8	33	15	33	27	31	35	33	34	17	25	10	24	25	36	
40	44	26	25	55	33	28	61	57	38	33	55	58	55	26	10	21	21	38	56	22	4	61	50	5	44	23	28	4	24	18	21	54	25	5	12	53	20	40	57	35	6	31	36	12	38	22	0	31	45	26	14	21	45	10	46	38	54	61	33	22	52	49	38	8	25	1	17	21	38	11	54	31	26	9	36	13	32	18	43	37	28	39	7	55	58	57	36	50	34	56	11	51	25	5	21	47	8	15	38	28	53	29	62	26	32	23	57	31	50	51	24	6	30	29	27	51	17	46	42	49	26	20	41	11	16	30	25	44	29	29	36	19	32	18	5	15	54	37	25	34	33	16	23	51	5	39	31	43	47	22	
71	52	6	13	38	12	13	67	61	31	51	46	68	31	13	31	43	11	47	58	50	27	41	46	36	47	13	51	35	11	15	30	32	28	36	29	39	16	28	38	27	36	1	61	21	10	25	31	0	29	57	22	40	57	34	64	22	55	72	61	17	45	40	56	33	6	32	14	19	29	29	34	37	27	23	13	28	63	21	28	63	43	15	24	63	41	33	6	47	38	48	24	44	20	35	9	64	30	46	59	24	55	30	71	41	60	12	41	54	23	29	21	27	25	46	12	51	48	26	56	65	23	25	55	42	19	8	7	25	30	60	43	29	57	43	36	29	37	31	53	3	56	33	20	26	28	14	22	22	37	26	
78	36	27	41	10	41	20	46	38	13	44	19	49	13	21	38	43	36	34	34	55	41	15	21	50	28	40	48	49	25	29	29	11	55	51	51	9	26	7	11	12	47	28	58	33	20	25	45	29	0	63	45	38	42	41	53	8	31	53	62	44	18	13	48	41	31	46	35	24	10	50	9	25	54	36	15	50	69	46	2	62	37	15	40	44	13	15	24	23	24	20	46	18	20	46	31	52	39	55	52	52	32	22	50	36	62	25	13	50	16	10	48	39	53	40	21	28	58	5	44	52	19	51	43	56	30	37	28	5	22	67	30	54	54	46	50	33	9	13	57	27	51	56	47	14	40	16	14	7	10	53	
15	45	51	51	72	59	50	59	59	52	29	65	53	75	49	26	21	47	40	59	8	29	78	59	22	50	49	21	23	47	42	34	74	48	23	36	68	43	56	74	51	20	57	18	35	62	38	26	57	63	0	40	25	42	23	36	57	59	55	11	48	62	61	30	24	50	25	43	42	54	35	73	40	50	33	58	37	6	44	60	17	29	62	33	53	74	77	61	58	43	66	37	61	44	21	47	38	27	11	27	53	56	42	58	30	10	47	73	22	72	72	50	29	55	27	49	56	9	66	38	40	44	45	37	19	38	56	50	64	42	3	41	42	18	17	22	31	70	51	8	60	22	36	49	73	28	62	49	63	61	46	
53	54	19	12	55	20	25	70	66	41	46	58	68	51	24	21	34	10	47	64	36	13	59	55	18	51	10	42	17	20	16	28	51	12	17	7	54	19	41	56	37	20	23	50	15	31	26	14	22	45	40	0	33	55	23	59	37	61	72	47	8	55	51	50	21	16	15	10	22	40	7	52	39	13	13	32	5	46	4	43	51	39	34	10	65	58	53	28	55	41	59	3	55	26	19	14	59	18	29	51	14	60	34	73	37	46	20	58	45	44	48	10	15	16	40	24	58	31	44	53	61	29	7	52	22	17	18	18	42	34	43	45	9	46	31	18	23	54	40	39	25	47	11	9	46	14	34	32	40	49	10	
39	24	34	40	47	47	29	40	37	27	13	40	36	51	28	11	4	34	17	37	17	19	53	34	21	26	38	11	22	29	25	10	49	45	24	33	43	24	31	49	26	17	40	21	19	41	15	21	40	38	25	33	0	23	10	26	33	36	40	23	39	37	36	17	12	35	20	29	21	29	32	48	15	46	20	37	33	30	36	36	24	6	40	23	34	48	53	42	33	18	41	31	36	22	17	31	26	14	20	19	47	34	16	41	6	23	28	48	14	50	48	43	17	49	7	29	33	22	42	21	28	21	40	19	26	21	42	33	40	16	28	17	40	17	8	21	11	45	26	18	42	16	37	41	49	18	41	25	39	35	42	
52	6	51	61	46	67	44	17	17	30	13	32	13	55	43	34	25	54	9	19	35	43	52	25	45	15	59	21	46	46	44	28	53	68	47	57	40	42	36	49	33	41	56	26	41	55	31	45	57	42	42	55	23	0	34	12	41	20	16	33	61	30	32	12	36	54	44	50	38	33	56	49	19	69	42	48	57	44	59	40	29	17	51	45	11	46	57	57	23	19	32	54	28	36	41	50	10	37	41	16	69	17	26	17	18	34	45	45	20	58	52	65	41	71	16	44	19	42	47	4	10	33	63	5	49	41	62	50	46	26	44	13	63	24	29	45	32	44	30	34	57	20	61	63	56	41	52	35	47	33	65	
38	34	29	32	51	40	27	50	48	31	23	47	47	53	26	3	10	27	27	47	16	9	56	42	11	35	30	18	11	25	19	13	51	35	13	23	47	20	35	53	30	7	35	27	13	39	16	10	34	41	23	23	10	34	0	36	34	45	50	26	30	44	42	27	2	29	10	22	19	33	21	51	23	36	12	35	23	29	27	39	29	17	39	13	45	53	55	38	42	26	48	21	43	21	7	25	36	5	13	28	37	43	21	52	16	25	24	52	21	49	49	33	8	39	18	26	42	16	44	32	38	22	30	30	17	16	36	27	41	21	26	26	29	23	9	11	8	49	31	18	37	23	27	32	50	8	39	27	41	41	32	
44	18	58	66	58	73	52	25	28	40	13	44	18	67	51	37	25	60	19	30	31	46	63	37	45	27	64	18	46	53	50	34	64	71	48	59	52	48	46	60	43	41	64	18	46	64	38	46	64	53	36	59	26	12	36	0	51	31	19	26	65	42	44	8	38	60	46	55	45	43	58	61	29	72	46	58	59	37	63	51	21	21	61	49	19	58	68	65	36	29	44	57	40	44	42	56	2	40	39	8	73	29	35	23	23	27	52	57	15	68	63	69	44	75	18	52	31	39	58	9	4	42	66	10	48	46	68	57	56	35	37	23	66	18	29	45	37	56	40	29	65	14	62	68	67	44	62	45	57	45	68	
72	35	19	33	18	34	12	47	40	11	40	24	49	18	13	31	37	28	32	37	49	33	23	24	42	28	32	43	42	17	21	22	17	47	43	43	17	18	6	19	8	39	21	54	25	15	18	38	22	8	57	37	33	41	34	51	0	34	53	57	36	22	17	45	34	24	38	27	16	8	42	16	22	46	28	9	42	63	38	6	57	33	10	32	44	21	20	19	25	22	25	38	22	13	39	23	50	31	48	48	44	34	17	52	31	56	17	21	45	17	14	41	32	46	36	13	30	51	9	42	51	12	43	41	49	22	30	20	7	17	60	28	46	50	40	42	26	17	11	51	21	47	48	39	16	33	12	7	6	15	45	
71	14	50	63	32	67	42	15	7	23	30	15	19	43	42	44	39	57	19	3	51	51	36	10	56	10	62	38	57	46	46	33	40	74	59	65	26	43	27	34	27	52	54	45	46	49	34	54	55	31	59	61	36	20	45	31	34	0	23	52	64	14	18	31	46	54	54	53	39	25	64	36	23	74	48	43	65	62	64	30	49	30	44	52	14	30	44	53	8	20	14	61	13	36	52	52	29	46	56	35	73	2	27	20	30	53	45	29	38	48	40	69	49	75	31	43	3	58	36	23	29	33	69	24	62	44	62	50	36	27	61	19	70	43	44	56	39	30	24	51	54	39	70	67	45	50	46	32	38	20	71	
63	19	66	77	55	82	59	9	16	42	28	38	4	66	58	51	40	70	25	20	49	59	59	33	61	25	75	35	62	61	60	44	63	84	63	73	49	57	48	57	46	57	71	37	57	68	47	61	72	53	55	72	40	16	50	19	53	23	0	45	77	37	41	25	52	69	60	66	53	45	72	59	34	85	58	62	73	56	75	51	40	33	64	62	9	53	67	71	31	33	37	70	36	51	57	66	17	53	56	27	85	21	41	5	34	46	60	52	33	69	63	81	57	87	32	59	25	57	58	18	15	48	79	20	65	57	77	66	57	41	56	28	80	36	45	61	48	53	42	47	72	32	77	80	67	58	65	49	59	43	82	
18	38	55	58	70	66	52	50	51	50	21	61	44	75	51	29	19	53	34	52	11	35	76	54	29	44	56	15	30	50	46	34	73	57	31	44	65	45	55	72	50	27	61	8	39	64	39	33	61	62	11	47	23	33	26	26	57	52	45	0	55	58	58	21	28	55	32	48	44	52	43	71	37	58	38	60	45	11	51	59	5	25	63	39	44	71	77	64	53	39	61	44	56	45	28	51	28	31	19	18	61	49	40	49	26	1	50	70	14	73	71	57	34	63	22	52	50	18	66	29	30	44	53	28	29	42	62	54	64	40	11	36	51	9	17	29	32	68	49	8	63	13	46	56	73	34	64	49	63	58	54	
61	58	17	5	54	12	24	75	69	42	52	59	73	48	24	28	40	8	52	67	44	20	58	57	26	55	4	49	25	19	18	33	49	11	25	13	53	21	41	55	39	28	18	57	20	27	30	22	17	44	48	8	39	61	30	65	36	64	77	55	0	57	53	57	28	13	23	11	25	41	14	51	43	10	19	30	12	54	4	42	58	44	32	16	70	57	50	24	58	45	61	11	56	28	27	13	65	25	37	58	8	64	37	77	43	54	20	57	52	41	46	4	22	10	47	23	61	39	43	59	67	31	7	58	30	20	11	16	41	37	51	49	11	53	39	26	28	53	42	47	21	54	16	3	43	21	31	33	39	50	9	
76	23	41	55	18	57	33	29	21	14	36	3	33	29	33	42	41	49	24	17	54	48	22	4	55	15	54	43	55	37	39	31	26	67	57	60	12	36	16	20	18	51	44	52	41	38	30	52	45	18	62	55	37	30	44	42	22	14	37	58	57	0	5	39	45	45	52	46	32	15	59	22	22	67	44	31	60	67	57	17	56	33	32	48	28	16	30	41	6	19	4	56	1	29	51	43	40	44	57	43	65	16	23	34	32	58	37	15	44	34	26	61	46	67	35	34	12	59	23	33	40	26	62	32	61	38	52	42	23	23	65	22	65	49	45	55	37	16	15	55	43	45	65	60	31	47	34	23	25	7	65	
75	25	37	50	14	52	28	33	25	11	37	6	37	25	29	39	40	44	25	21	53	45	19	8	52	17	49	43	52	33	35	28	22	63	54	57	8	32	11	16	14	49	39	53	38	33	27	49	40	13	61	51	36	32	42	44	17	18	41	58	53	5	0	40	42	41	49	42	29	11	56	18	21	63	41	26	56	66	53	12	56	32	27	45	32	13	26	36	10	18	8	52	5	25	48	39	42	41	55	45	61	20	20	38	31	58	32	13	44	29	22	57	43	63	35	29	16	57	18	34	42	23	58	34	59	35	48	37	18	20	65	22	61	49	44	52	34	12	12	54	39	45	62	56	26	44	29	19	20	2	61	
40	17	50	58	54	65	45	29	30	35	5	42	23	62	44	29	17	52	15	31	24	37	60	35	37	24	56	10	38	45	42	26	59	63	39	51	49	40	41	56	37	33	56	13	37	57	31	38	56	48	30	50	17	12	27	8	45	31	25	21	57	39	40	0	30	52	37	47	37	38	49	56	22	64	38	51	51	32	54	45	17	13	54	40	23	54	63	58	33	23	42	48	38	37	33	48	9	31	31	4	65	29	28	28	15	22	44	53	8	62	58	60	35	67	10	45	30	32	52	8	11	35	58	7	40	38	60	50	51	28	32	18	57	12	20	37	28	52	35	22	58	8	54	59	61	36	55	38	51	41	60	
39	36	27	30	51	38	26	52	49	32	25	48	49	52	25	3	13	25	29	48	17	7	56	43	10	36	28	21	10	23	18	14	51	33	12	21	48	18	35	53	30	6	33	29	11	38	16	8	33	41	24	21	12	36	2	38	34	46	52	28	28	45	42	30	0	27	8	20	18	33	19	50	24	34	10	34	21	30	25	38	31	19	38	11	47	53	54	37	43	27	49	18	44	21	6	23	39	3	14	30	35	45	22	54	18	27	22	52	24	48	49	31	6	37	20	25	43	16	43	34	41	21	28	32	16	14	34	26	41	22	27	28	27	25	11	10	8	49	31	20	36	26	25	30	49	6	38	26	40	41	30	
65	50	4	9	41	13	12	66	60	31	47	47	65	35	12	26	38	5	44	57	45	21	45	46	30	46	9	46	29	8	10	26	36	24	30	23	41	12	29	42	27	30	7	56	16	15	22	25	6	31	50	16	35	54	29	60	24	54	69	55	13	45	41	52	27	0	25	8	16	30	23	38	34	23	17	17	21	57	15	30	58	39	19	17	61	44	37	12	47	36	49	18	45	18	29	4	60	24	39	54	20	54	28	69	37	54	9	44	49	28	33	17	21	22	42	11	50	42	30	53	62	21	20	52	35	14	8	3	28	28	54	41	23	52	38	30	24	40	30	47	9	51	27	16	31	22	18	22	26	38	22	
39	44	27	26	56	34	28	60	57	38	33	55	57	55	27	10	20	22	37	56	21	5	61	50	4	44	24	28	3	24	19	21	55	25	5	13	53	20	40	57	35	5	32	35	13	38	22	1	32	46	25	15	20	44	10	46	38	54	60	32	23	52	49	37	8	25	0	17	21	38	12	55	31	27	10	37	13	31	19	43	36	27	40	8	55	58	57	37	50	34	56	12	51	25	4	22	46	8	14	38	29	53	29	62	26	31	24	58	31	51	52	25	6	31	28	27	51	16	47	42	48	26	21	40	10	16	31	25	45	29	28	36	20	31	17	4	15	54	37	24	35	32	17	24	52	5	40	31	43	47	23	
57	47	10	11	45	18	15	63	58	31	42	49	62	41	14	19	31	5	41	56	37	13	49	46	21	44	9	39	21	10	6	22	41	21	22	16	44	9	31	46	28	22	15	49	9	22	19	17	14	35	43	10	29	50	22	55	27	53	66	48	11	46	42	47	20	8	17	0	13	31	16	42	31	21	10	22	15	49	11	33	51	34	25	9	58	48	43	19	46	34	50	11	45	17	21	5	55	17	31	49	20	53	26	66	32	47	10	48	42	35	38	15	14	22	36	14	49	34	34	48	57	20	16	47	27	9	14	8	32	26	46	38	19	45	31	21	18	44	31	40	17	44	21	14	37	14	24	22	30	40	18	
57	34	13	24	34	29	8	50	44	18	32	35	49	34	7	15	24	17	28	42	34	17	39	32	25	30	22	32	25	8	7	11	33	34	27	28	32	4	19	36	15	23	19	42	9	20	6	21	19	24	42	22	21	38	19	45	16	39	53	44	25	32	29	37	18	16	21	13	0	18	27	33	18	34	12	16	27	48	25	21	45	24	20	16	45	36	36	21	33	20	36	23	32	4	23	12	44	15	32	40	33	39	12	53	22	43	7	36	35	30	30	29	15	35	27	8	36	35	25	37	46	6	30	36	32	6	24	13	23	12	45	25	32	38	26	25	11	32	17	37	21	37	33	28	31	16	20	10	22	27	32	
68	27	26	39	18	42	17	39	32	3	34	18	41	23	17	30	33	33	24	28	46	34	24	16	42	19	38	38	42	21	24	19	21	52	44	46	14	21	3	20	3	39	29	48	27	24	16	38	29	10	54	40	29	33	33	43	8	25	45	52	41	15	11	38	33	30	38	31	18	0	45	19	15	51	30	17	45	59	42	7	51	27	19	34	36	20	25	27	17	14	19	41	15	14	38	28	42	31	46	42	50	26	12	43	25	52	21	19	39	25	20	46	32	51	30	18	22	49	14	34	43	12	47	33	49	24	37	26	13	12	57	20	49	44	37	42	24	16	3	47	29	41	51	44	23	33	20	8	14	9	49	
47	55	25	18	60	26	30	71	67	45	45	62	69	57	29	21	32	17	48	66	32	13	65	58	13	54	17	40	12	25	21	30	57	13	12	1	59	24	46	61	42	17	30	47	18	38	29	11	29	50	35	7	32	56	21	58	42	64	72	43	14	59	56	49	19	23	12	16	27	45	0	58	41	15	15	38	2	41	9	48	47	39	41	11	66	63	59	35	58	44	63	4	58	31	16	21	58	18	24	50	18	63	37	73	37	42	25	63	43	51	54	15	15	20	40	29	60	26	50	53	60	33	10	52	16	21	25	24	48	37	38	46	8	43	29	13	24	59	44	35	32	44	6	14	53	14	40	37	46	54	11	
87	43	34	47	5	46	27	51	43	21	52	21	55	7	28	47	52	43	42	39	65	50	7	26	59	34	47	57	58	32	37	38	4	62	60	59	10	34	16	4	21	56	33	67	42	24	34	54	34	9	73	52	48	49	51	61	16	36	59	71	51	22	18	56	50	38	55	42	33	19	58	0	34	61	45	21	58	78	53	12	71	46	19	48	50	8	8	28	28	33	22	54	23	29	55	38	59	48	64	60	58	38	31	56	45	71	32	9	59	14	6	55	48	59	49	28	34	67	8	51	60	28	58	51	65	38	42	35	10	31	76	38	61	63	55	59	42	6	22	66	31	60	64	54	11	49	20	23	12	16	60	
54	15	31	42	33	47	24	31	26	13	18	25	31	39	23	21	19	36	10	25	32	28	38	19	34	13	41	22	34	26	25	10	37	51	36	42	28	22	18	35	14	30	36	33	23	35	12	31	37	25	40	39	15	19	23	29	22	23	34	37	43	22	21	22	24	34	31	31	18	15	41	34	0	52	25	29	42	45	42	23	36	12	32	29	27	33	41	37	19	3	25	38	20	16	30	31	28	23	34	26	51	21	6	34	10	37	25	33	24	39	35	47	26	53	15	24	19	37	30	20	29	13	46	19	40	22	42	31	28	6	43	6	47	29	23	34	16	31	12	33	37	26	47	46	38	27	33	16	28	20	49	
62	67	27	14	64	18	34	83	79	52	59	69	82	58	34	35	47	18	60	76	47	26	68	67	29	64	14	55	28	30	27	41	59	2	27	14	64	30	51	65	49	32	28	62	28	37	39	26	27	54	50	13	46	69	36	72	46	74	85	58	10	67	63	64	34	23	27	21	34	51	15	61	52	0	26	40	13	56	10	52	63	52	42	23	78	67	60	33	67	54	71	15	66	38	31	23	73	32	39	65	4	73	47	86	50	57	30	67	58	50	56	6	28	5	54	33	70	41	53	67	75	41	5	65	31	29	19	26	51	47	53	58	8	59	44	29	36	63	52	50	30	59	14	7	53	28	41	43	49	60	4	
48	40	17	20	46	28	18	57	52	30	33	47	55	45	17	9	21	15	34	50	27	5	51	42	14	38	18	30	13	14	9	15	45	26	15	16	44	10	31	48	27	13	23	39	3	29	14	9	23	36	33	13	20	42	12	46	28	48	58	38	19	44	41	38	10	17	10	10	12	30	15	45	25	26	0	27	16	39	17	34	41	25	30	4	51	49	48	27	43	28	48	12	43	16	12	13	46	7	22	39	27	47	21	59	24	37	14	49	33	41	42	23	4	29	27	17	45	25	37	40	48	18	21	39	20	6	24	16	35	21	37	31	21	35	21	14	9	45	29	30	26	35	21	21	42	5	30	22	34	39	23	
73	43	13	26	24	26	8	56	49	20	46	33	58	19	9	32	40	22	39	46	51	32	28	33	41	36	26	47	40	12	18	26	19	41	42	38	25	16	15	25	16	39	13	58	24	6	21	36	13	15	58	32	37	48	35	58	9	43	62	60	30	31	26	51	34	17	37	22	16	17	38	21	29	40	27	0	37	64	32	14	61	38	3	29	53	27	21	9	35	29	34	33	31	14	38	17	57	31	48	54	37	43	23	60	36	59	13	27	50	14	16	34	31	38	41	9	39	51	13	49	58	16	37	48	47	20	22	14	11	23	62	35	40	54	42	41	27	23	19	53	12	52	43	33	15	31	4	13	9	24	39	
49	56	25	17	60	25	30	72	68	45	46	62	70	56	29	22	34	16	49	67	34	14	64	58	15	55	15	41	14	25	21	31	57	12	14	1	59	24	46	61	42	18	28	48	18	37	30	13	28	50	37	5	33	57	23	59	42	65	73	45	12	60	56	51	21	21	13	15	27	45	2	58	42	13	16	37	0	43	8	48	49	40	40	12	67	63	59	34	59	44	63	4	59	31	17	20	60	19	26	51	16	63	37	75	39	44	25	63	44	50	54	13	16	18	41	29	61	28	50	55	62	33	8	53	18	21	23	23	47	37	40	47	6	45	31	15	25	59	44	37	31	46	6	12	52	15	39	37	46	54	9	
9	48	57	57	78	66	56	61	61	57	32	70	55	81	55	32	26	53	43	62	13	35	83	63	28	53	55	24	29	54	48	40	79	54	29	42	73	49	62	80	57	27	63	19	42	68	44	32	63	69	6	46	30	44	29	37	63	62	56	11	54	67	66	32	30	57	31	49	48	59	41	78	45	56	39	64	43	0	50	66	16	34	68	39	55	79	83	67	62	48	70	43	65	50	28	53	39	33	17	29	59	60	47	60	34	10	53	78	24	78	77	56	35	61	31	56	60	15	72	40	41	50	51	39	25	45	62	56	70	47	3	45	48	20	22	28	37	76	56	12	66	24	42	55	79	35	68	55	69	66	52	
57	57	19	9	56	17	26	73	69	43	49	60	72	51	25	25	38	10	50	66	40	17	60	57	22	54	7	46	21	21	18	31	51	9	21	9	55	21	42	57	39	24	21	54	18	30	29	18	21	46	44	4	36	59	27	63	38	64	75	51	4	57	53	54	25	15	19	11	25	42	9	53	42	10	17	32	8	50	0	44	55	42	34	13	68	59	53	27	58	44	61	7	57	28	23	15	63	22	33	55	10	63	37	76	41	50	21	59	49	44	48	6	19	12	44	25	60	35	45	57	65	31	5	56	25	19	15	18	43	37	47	48	8	50	36	22	26	55	42	43	24	51	12	5	46	18	33	34	41	51	7	
75	34	25	39	12	40	18	44	37	10	41	19	47	16	19	35	40	34	31	33	53	38	17	20	47	26	39	45	47	23	27	26	13	53	49	49	11	24	4	14	9	44	27	56	31	20	22	43	28	2	60	43	36	40	39	51	6	30	51	59	42	17	12	45	38	30	43	33	21	7	48	12	23	52	34	14	48	66	44	0	59	34	14	37	42	15	17	24	21	22	20	44	18	18	44	29	49	36	52	49	50	31	19	49	33	59	23	15	47	18	12	47	37	52	38	19	27	55	7	41	50	17	49	41	54	27	36	26	6	19	64	27	52	52	43	47	30	11	10	54	26	49	54	45	16	38	16	12	7	10	51	
23	34	57	61	69	69	53	45	47	49	19	59	39	75	52	32	20	56	31	48	15	38	75	52	34	41	59	13	35	52	48	35	73	61	35	49	64	47	54	71	50	31	63	3	42	66	40	37	63	62	17	51	24	29	29	21	57	49	40	5	58	56	56	17	31	58	36	51	45	51	47	71	36	63	41	61	49	16	55	59	0	24	64	42	39	70	77	66	50	38	59	48	54	46	32	54	23	34	24	13	65	46	40	44	26	7	51	69	12	74	71	61	37	67	21	53	47	23	65	25	25	45	57	25	34	44	65	56	64	40	17	33	55	7	20	34	34	67	48	12	65	10	50	60	73	37	65	49	63	56	59	
43	17	37	45	45	52	32	33	31	25	8	36	30	51	31	17	9	39	11	31	21	26	50	29	28	20	43	10	29	32	29	13	48	51	30	40	40	27	30	47	25	24	43	21	25	44	18	28	43	37	29	39	6	17	17	21	33	30	33	25	44	33	32	13	19	39	27	34	24	27	39	46	12	52	25	38	40	34	42	34	24	0	41	29	27	45	52	45	28	14	36	37	31	24	24	35	21	20	26	16	53	28	16	34	2	25	31	45	12	50	47	48	24	55	3	32	27	28	41	14	22	22	46	13	33	25	47	36	39	16	32	11	46	17	14	28	16	43	24	21	45	14	44	47	49	24	42	25	39	32	48	
77	45	15	28	23	27	12	58	51	22	49	33	60	16	13	35	44	24	42	47	55	35	26	34	44	38	28	51	44	15	21	29	17	43	45	41	24	19	17	23	18	43	14	61	27	5	24	39	15	15	62	34	40	51	39	61	10	44	64	63	32	32	27	54	38	19	40	25	20	19	41	19	32	42	30	3	40	68	34	14	64	41	0	33	55	26	18	9	36	32	35	36	32	18	42	20	60	35	52	57	39	45	26	62	39	63	16	26	53	10	14	36	34	40	44	12	41	55	11	52	61	19	39	51	51	24	23	16	10	26	66	38	42	57	46	44	31	22	21	57	12	55	46	35	12	35	1	16	8	24	41	
47	44	19	19	50	27	21	61	56	34	36	51	58	48	20	11	24	14	37	55	28	4	55	47	12	42	17	32	11	17	11	19	48	22	12	12	48	13	35	51	31	12	24	40	7	31	18	7	24	40	33	10	23	45	13	49	32	52	62	39	16	48	45	40	11	17	8	9	16	34	11	48	29	23	4	29	12	39	13	37	42	29	33	0	55	52	51	29	47	32	52	8	47	20	11	14	49	8	22	42	24	51	25	63	27	38	16	52	35	43	45	20	5	26	30	20	49	24	40	43	51	22	17	42	18	10	23	17	38	25	36	35	18	37	22	12	13	49	33	31	27	37	17	18	44	5	32	26	37	43	19	
62	11	58	69	46	74	50	6	9	33	24	29	5	57	50	44	36	63	17	12	46	53	50	24	56	16	68	32	56	53	52	36	54	78	58	67	40	49	39	48	37	51	63	36	50	60	39	55	63	44	53	65	34	11	45	19	44	14	9	44	70	28	32	23	47	61	55	58	45	36	66	50	27	78	51	53	67	55	68	42	39	27	55	55	0	44	58	62	22	25	29	64	27	43	52	58	17	47	52	26	78	12	33	7	28	45	52	43	31	60	54	74	51	80	27	51	16	54	49	15	16	40	73	16	60	49	69	58	48	33	55	20	73	35	40	56	42	44	33	45	63	31	71	72	58	51	56	41	50	34	75	
88	39	40	53	3	53	33	45	37	21	51	15	49	15	34	50	52	49	39	33	66	53	6	20	62	30	53	56	61	38	42	39	12	68	63	64	5	39	18	4	22	59	40	66	46	32	36	58	41	13	74	58	48	46	53	58	21	30	53	71	57	16	13	54	53	44	58	48	36	20	63	8	33	67	49	27	63	79	59	15	70	45	26	52	44	0	15	36	22	31	16	59	17	32	58	44	56	51	66	58	64	32	31	50	44	71	38	1	58	23	14	61	52	66	48	34	28	69	14	48	56	31	64	48	68	42	49	41	16	31	77	36	67	62	56	62	44	4	22	67	39	59	69	60	19	53	27	26	18	13	66	
92	50	34	46	12	44	29	59	51	28	59	29	63	2	30	51	57	43	49	47	70	53	11	34	62	42	46	63	61	34	39	43	4	61	63	60	18	37	22	11	26	60	32	73	44	23	38	57	33	15	77	53	53	57	55	68	20	44	67	77	50	30	26	63	54	37	57	43	36	25	59	8	41	60	48	21	59	83	53	17	77	52	18	51	58	15	0	27	36	39	30	55	31	33	59	38	67	52	68	67	57	46	36	64	51	77	34	16	65	10	5	54	51	58	55	30	42	71	11	59	67	33	58	58	68	41	41	35	13	36	81	45	61	69	60	62	46	14	28	71	30	67	65	53	7	52	19	28	14	24	59	
76	52	10	19	32	17	13	66	59	29	53	43	67	25	14	35	45	17	47	56	54	32	35	43	41	46	19	53	40	13	18	32	26	34	41	35	34	18	25	33	25	40	5	63	25	4	27	36	6	24	61	28	42	57	38	65	19	53	71	64	24	41	36	58	37	12	37	19	21	27	35	28	37	33	27	9	34	67	27	24	66	45	9	29	62	36	27	0	44	37	44	30	41	21	39	14	64	34	50	61	30	53	30	70	43	63	14	36	56	17	23	27	32	31	48	13	49	53	21	57	66	23	31	55	47	22	14	11	20	30	64	43	35	59	46	41	31	32	29	57	3	58	39	26	20	32	8	21	17	33	33	
71	17	43	56	24	59	34	23	15	15	31	8	27	35	35	40	37	50	19	11	50	46	28	2	53	9	55	38	53	38	40	29	32	68	55	60	18	37	19	26	19	49	46	47	40	41	29	50	47	23	58	55	33	23	42	36	25	8	31	53	58	6	10	33	43	47	50	46	33	17	58	28	19	67	43	35	59	62	58	21	50	28	36	47	22	22	36	44	0	16	8	55	5	29	49	44	34	42	53	38	66	10	21	28	28	53	38	21	39	39	32	62	44	68	30	35	6	56	28	27	34	26	63	26	59	38	54	43	27	21	61	17	64	44	42	53	35	22	16	50	46	40	65	61	36	45	37	25	29	12	65	
57	14	33	44	31	49	25	29	24	11	19	22	29	38	25	24	21	38	10	22	35	31	37	16	37	10	43	24	37	28	27	13	35	54	39	45	26	24	17	33	14	33	38	34	26	35	15	34	38	24	43	41	18	19	26	29	22	20	33	39	45	19	18	23	27	36	34	34	20	14	44	33	3	54	28	29	44	48	44	22	38	14	32	32	25	31	39	37	16	0	23	41	18	18	33	33	28	26	37	27	54	19	7	33	13	39	27	31	26	39	34	49	29	56	16	25	16	40	29	20	29	15	49	19	43	25	44	33	27	7	46	6	50	31	26	37	19	29	11	35	39	27	49	48	37	30	33	16	28	18	51	
79	25	45	58	18	60	36	29	21	18	40	1	33	30	37	46	44	52	27	17	58	52	22	7	59	17	57	46	59	41	43	35	27	71	61	64	12	40	19	20	22	55	47	55	45	41	34	56	48	20	66	59	41	32	48	44	25	14	37	61	61	4	8	42	49	49	56	50	36	19	63	22	25	71	48	34	63	70	61	20	59	36	35	52	29	16	30	44	8	23	0	60	5	32	55	47	42	48	60	46	69	16	27	34	35	61	40	15	47	36	28	65	50	71	38	37	13	63	25	35	42	30	66	35	65	42	56	45	25	27	69	25	68	52	49	59	41	16	19	58	47	48	69	64	33	51	36	27	27	10	68	
50	53	21	15	56	23	26	69	65	41	44	58	67	53	25	19	31	13	46	63	33	11	61	55	15	51	13	39	14	21	17	27	53	14	14	5	55	20	42	57	38	17	25	47	14	33	26	11	24	46	37	3	31	54	21	57	38	61	70	44	11	56	52	48	18	18	12	11	23	41	4	54	38	15	12	33	4	43	7	44	48	37	36	8	64	59	55	30	55	41	60	0	55	27	16	16	57	17	26	49	16	60	34	71	36	43	21	59	42	46	50	13	13	18	39	25	57	28	46	52	59	29	9	50	18	17	21	20	43	34	40	44	9	44	29	15	22	55	40	36	28	44	10	12	48	12	36	33	42	50	11	
74	21	41	54	19	57	32	28	20	13	35	4	32	30	33	41	39	48	23	16	53	47	23	3	54	13	53	41	54	37	39	30	27	67	56	60	13	36	16	21	17	50	44	51	40	38	29	51	44	18	61	55	36	28	43	40	22	13	36	56	56	1	5	38	44	45	51	45	32	15	58	23	20	66	43	31	59	65	57	18	54	31	32	47	27	17	31	41	5	18	5	55	0	28	50	43	38	43	55	42	65	15	22	33	30	57	36	16	42	35	27	61	45	67	34	33	11	58	23	31	38	25	62	31	60	38	52	41	23	22	64	20	64	47	44	54	36	17	14	53	43	44	64	60	32	46	34	23	25	8	64	
59	32	15	27	30	31	8	47	41	14	32	31	47	31	7	18	26	20	26	39	37	20	35	28	29	27	25	32	29	10	10	11	30	38	31	32	28	7	15	32	11	26	20	43	13	20	6	25	20	20	44	26	22	36	21	44	13	36	51	45	28	29	25	37	21	18	25	17	4	14	31	29	16	38	16	14	31	50	28	18	46	24	18	20	43	32	33	21	29	18	32	27	28	0	26	15	43	18	35	40	37	36	10	51	22	45	9	32	35	28	27	33	19	39	27	8	32	38	22	36	45	2	33	34	36	10	26	15	20	10	48	23	35	39	28	29	13	29	13	39	21	37	37	31	28	20	18	6	19	23	36	
36	41	30	30	56	38	30	58	55	38	29	54	54	57	29	9	17	25	35	54	17	7	62	49	4	42	28	24	4	27	21	20	56	29	6	17	53	22	40	58	36	1	35	31	14	41	22	5	35	46	21	19	17	41	7	42	39	52	57	28	27	51	48	33	6	29	4	21	23	38	16	55	30	31	12	38	17	28	23	44	32	24	42	11	52	58	59	39	49	33	55	16	50	26	0	25	43	7	10	34	33	51	28	59	23	27	26	58	27	53	53	29	7	35	25	29	49	13	48	38	45	27	25	37	10	18	34	28	46	28	25	33	24	27	13	4	14	55	37	20	38	28	20	28	53	7	42	32	45	47	27	
61	47	5	11	41	16	11	63	57	29	43	46	62	36	10	22	34	5	41	54	41	17	45	43	26	43	10	42	25	6	6	22	36	24	27	21	40	8	28	42	25	26	10	52	12	17	18	21	9	31	47	14	31	50	25	56	23	52	66	51	13	43	39	48	23	4	22	5	12	28	21	38	31	23	13	17	20	53	15	29	54	35	20	14	58	44	38	14	44	33	47	16	43	15	25	0	56	20	36	50	21	51	25	66	33	50	6	44	45	30	33	18	18	23	38	10	48	38	30	49	58	18	20	48	32	10	11	3	28	25	50	38	23	48	34	26	20	40	28	43	13	47	26	16	32	18	19	20	26	37	22	
46	17	58	66	57	73	51	22	26	39	13	42	16	65	50	38	26	60	18	28	32	46	62	35	46	25	64	19	47	52	50	33	63	72	48	60	51	48	45	59	42	42	63	20	46	63	38	47	64	52	38	59	26	10	36	2	50	29	17	28	65	40	42	9	39	60	46	55	44	42	58	59	28	73	46	57	60	39	63	49	23	21	60	49	17	56	67	64	34	28	42	57	38	43	43	56	0	40	40	10	73	26	34	21	22	29	51	55	17	67	62	69	44	76	18	51	29	41	56	8	2	41	67	9	49	46	68	57	55	34	39	22	66	19	29	46	37	54	39	30	65	16	63	68	65	45	61	44	56	43	69	
42	36	24	27	49	35	23	53	49	30	27	47	50	49	22	2	15	22	30	48	20	5	54	42	11	36	25	23	11	20	15	13	48	31	13	20	46	15	33	50	28	8	30	32	8	34	14	8	30	39	27	18	14	37	5	40	31	46	53	31	25	44	41	31	3	24	8	17	15	31	18	48	23	32	7	31	19	33	22	36	34	20	35	8	47	51	52	34	42	26	48	17	43	18	7	20	40	0	17	33	33	45	21	55	19	30	19	50	26	46	46	29	3	35	22	22	43	19	41	35	42	19	26	33	17	11	31	23	38	21	30	28	26	28	14	11	7	47	29	23	32	28	24	27	46	4	35	24	37	39	28	
25	43	40	40	65	48	40	58	57	45	28	60	54	66	39	17	17	36	37	57	8	18	70	54	11	46	38	21	12	37	31	26	65	38	12	25	61	32	48	66	43	9	46	24	25	51	30	15	46	55	11	29	20	41	13	39	48	56	56	19	37	57	55	31	14	39	14	31	32	46	24	64	34	39	22	48	26	17	33	52	24	26	52	22	52	66	68	50	53	37	60	26	55	35	10	36	40	17	0	30	42	54	34	59	26	18	36	66	23	63	63	39	18	44	25	39	53	2	57	37	42	35	34	36	10	28	45	39	55	34	14	37	32	21	12	11	22	63	44	11	49	24	26	38	63	17	52	40	54	54	35	
36	21	53	60	58	67	48	32	33	39	8	46	26	65	47	30	17	54	19	35	22	38	64	39	37	29	58	10	38	48	44	29	63	63	39	51	53	43	45	61	41	33	59	10	39	60	34	38	59	52	27	51	19	16	28	8	48	35	27	18	58	43	45	4	30	54	38	49	40	42	50	60	26	65	39	54	51	29	55	49	13	16	57	42	26	58	67	61	38	27	46	49	42	40	34	50	10	33	30	0	66	33	31	31	18	19	47	58	7	66	62	62	36	68	13	48	34	30	56	12	12	38	59	11	39	40	62	52	55	31	29	22	58	9	20	37	30	56	39	20	61	5	54	60	65	37	58	41	55	45	61	
65	67	24	11	61	14	32	83	78	51	60	68	82	55	32	35	48	16	60	76	50	27	65	65	31	64	11	56	30	28	26	41	56	6	30	17	61	29	49	62	47	34	25	64	28	34	39	28	24	52	53	14	47	69	37	73	44	73	85	61	8	65	61	65	35	20	29	20	33	50	18	58	51	4	27	37	16	59	10	50	65	53	39	24	78	64	57	30	66	54	69	16	65	37	33	21	73	33	42	66	0	73	46	86	51	60	28	65	59	47	53	4	29	2	54	31	69	44	50	67	75	39	8	66	34	29	16	24	48	46	56	58	11	60	46	31	37	61	50	53	27	61	17	5	50	29	38	42	46	58	7	
68	11	50	63	34	67	42	13	5	23	28	17	17	45	42	42	37	56	17	3	49	50	38	12	55	8	61	35	55	45	46	32	42	73	57	64	28	43	28	36	28	50	54	42	45	50	34	53	55	32	56	60	34	17	43	29	34	2	21	49	64	16	20	29	45	54	53	53	39	26	63	38	21	73	47	43	63	60	63	31	46	28	45	51	12	32	46	53	10	19	16	60	15	36	51	51	26	45	54	33	73	0	26	18	28	50	45	31	35	49	42	68	48	75	29	43	4	56	38	21	26	33	68	21	60	44	62	50	37	26	59	17	69	40	42	55	38	32	24	48	55	36	69	67	46	49	46	32	39	22	70	
56	21	25	36	30	41	18	37	32	10	23	26	37	34	17	19	21	30	16	29	34	25	36	21	32	17	35	26	32	20	19	8	33	47	34	38	26	16	14	32	10	28	30	37	19	29	7	29	30	22	42	34	16	26	21	35	17	27	41	40	37	23	20	28	22	28	29	26	12	12	37	31	6	47	21	23	37	47	37	19	40	16	26	25	33	31	36	30	21	7	27	34	22	10	28	25	34	21	34	31	46	26	0	40	14	40	19	31	28	34	31	42	23	48	19	18	23	37	25	26	35	7	42	25	38	17	36	25	23	0	45	13	43	33	25	32	14	28	9	35	31	30	43	40	33	24	27	10	23	19	44	
67	19	66	77	52	82	58	5	13	40	30	35	5	63	57	52	42	70	25	17	52	60	56	30	63	24	75	38	64	61	60	44	60	85	65	75	46	57	46	54	44	59	70	41	58	67	47	62	71	50	58	73	41	17	52	23	52	20	5	49	77	34	38	28	54	69	62	66	53	43	73	56	34	86	59	60	75	60	76	49	44	34	62	63	7	50	64	70	28	33	34	71	33	51	59	66	21	55	59	31	86	18	40	0	36	50	60	49	36	67	60	82	58	88	34	58	22	60	56	21	19	48	80	22	67	57	77	66	55	40	60	28	81	40	47	63	49	50	41	50	71	36	79	80	64	59	64	48	57	40	82	
44	18	35	43	43	50	30	34	31	23	10	35	31	49	29	16	9	37	11	31	22	24	49	28	27	20	42	12	28	30	27	11	47	50	30	39	38	25	28	46	24	23	41	22	23	42	16	26	41	36	30	37	6	18	16	23	31	30	34	26	43	32	31	15	18	37	26	32	22	25	37	45	10	50	24	36	39	34	41	33	26	2	39	27	28	44	51	43	28	13	35	36	30	22	23	33	22	19	26	18	51	28	14	36	0	26	29	43	14	48	45	47	22	53	5	30	27	28	39	16	24	20	45	15	32	23	45	34	38	14	33	11	45	18	14	27	14	41	22	22	43	16	43	45	47	23	40	24	38	31	47	
18	38	54	57	70	65	52	51	52	50	22	61	45	75	50	28	19	52	34	53	10	34	76	54	28	44	55	15	29	50	45	34	73	56	30	43	65	45	55	72	50	26	60	9	38	64	38	32	60	62	10	46	23	34	25	27	56	53	46	1	54	58	58	22	27	54	31	47	43	52	42	71	37	57	37	59	44	10	50	59	7	25	63	38	45	71	77	63	53	39	61	43	57	45	27	50	29	30	18	19	60	50	40	50	26	0	49	70	14	73	71	56	33	62	23	51	51	17	65	30	31	44	52	29	27	41	61	53	63	40	10	36	50	10	17	28	32	68	49	7	63	14	44	55	73	33	63	49	63	58	53	
61	41	6	18	35	22	5	56	50	22	39	39	56	32	4	20	31	12	35	48	40	19	39	37	28	36	17	39	27	1	5	18	31	30	29	26	34	4	21	36	18	27	12	49	11	15	13	23	12	25	47	20	28	45	24	52	17	45	60	50	20	37	32	44	22	9	24	10	7	21	25	32	25	30	14	13	25	53	21	23	51	31	16	16	52	38	34	14	38	27	40	21	36	9	26	6	51	19	36	47	28	45	19	60	29	49	0	38	42	27	29	24	18	30	34	4	41	39	24	44	53	12	26	43	34	8	17	5	22	19	50	32	29	45	32	28	17	34	21	42	14	44	31	23	28	19	16	13	20	30	28	
87	38	40	53	4	54	33	44	36	21	50	14	48	16	34	49	52	49	38	32	65	53	7	19	61	29	53	55	61	38	42	39	13	68	63	64	5	39	17	5	22	58	40	65	45	32	36	57	41	13	73	58	48	45	52	57	21	29	52	70	57	15	13	53	52	44	58	48	36	19	63	9	33	67	49	27	63	78	59	15	69	45	26	52	43	1	16	36	21	31	15	59	16	32	58	44	55	50	66	58	65	31	31	49	43	70	38	0	57	24	15	61	51	66	48	34	27	68	15	47	55	31	64	47	68	42	50	41	16	31	76	35	67	62	56	61	44	4	21	66	39	58	69	60	20	52	28	26	18	12	66	
32	24	48	53	57	61	43	37	37	37	7	47	31	63	42	24	11	48	19	38	15	31	63	40	30	30	51	3	31	43	39	24	61	56	32	44	52	38	43	59	38	26	54	8	33	55	29	31	54	50	22	45	14	20	21	15	45	38	33	14	52	44	44	8	24	49	31	42	35	39	43	59	24	58	33	50	44	24	49	47	12	12	53	35	31	58	65	56	39	26	47	42	42	35	27	45	17	26	23	7	59	35	28	36	14	14	42	57	0	62	59	55	30	61	9	43	36	24	54	16	19	34	52	15	32	35	56	47	52	28	24	22	51	5	13	30	25	55	36	14	56	2	47	54	62	30	54	38	52	44	54	
87	52	25	36	19	34	22	62	55	28	57	34	65	8	24	46	54	34	49	51	65	46	20	37	55	44	37	60	54	26	32	39	10	51	56	51	23	30	22	19	25	53	22	71	38	13	34	50	23	16	72	44	50	58	49	68	17	48	69	73	41	34	29	62	48	28	51	35	30	25	51	14	39	50	41	14	50	78	44	18	74	50	10	43	60	23	10	17	39	39	36	46	35	28	53	30	67	46	63	66	47	49	34	67	48	73	27	24	62	0	8	44	45	48	53	23	45	65	11	59	68	29	48	58	61	34	31	26	12	34	76	45	52	67	56	55	41	20	28	67	20	64	56	43	3	46	10	24	11	27	50	
87	46	29	42	11	40	24	55	47	23	54	26	59	3	25	46	52	38	44	43	64	47	12	30	56	38	42	57	56	28	34	37	3	57	57	55	15	31	17	10	21	54	28	68	39	19	33	51	29	10	72	48	48	52	49	63	14	40	63	71	46	26	22	58	49	33	52	38	30	20	54	6	35	56	42	16	54	77	48	12	71	47	14	45	54	14	5	23	32	34	28	50	27	27	53	33	62	46	63	62	53	42	31	60	45	71	29	15	59	8	0	50	46	54	50	25	38	65	5	54	62	27	53	53	63	35	37	30	7	31	75	40	56	64	55	56	41	12	23	66	26	61	60	49	5	47	15	22	8	20	55	
62	62	21	8	58	13	29	79	74	47	56	64	77	52	28	31	44	12	56	71	46	23	62	61	28	60	8	52	27	24	22	37	53	7	27	14	58	25	46	59	43	30	22	60	24	31	34	24	21	48	50	10	43	65	33	69	41	69	81	57	4	61	57	60	31	17	25	15	29	46	15	55	47	6	23	34	13	56	6	47	61	48	36	20	74	61	54	27	62	49	65	13	61	33	29	18	69	29	39	62	4	68	42	82	47	56	24	61	55	44	50	0	25	6	50	28	65	41	47	63	71	35	5	62	31	24	13	20	45	42	53	53	10	56	42	28	32	57	46	49	24	57	16	1	47	25	35	38	43	55	6	
43	39	22	24	49	32	22	56	52	32	30	49	54	49	21	6	18	19	33	51	23	2	55	44	10	39	22	26	9	19	13	15	48	27	11	16	47	14	34	51	29	8	28	35	7	33	16	6	27	39	29	15	17	41	8	44	32	49	57	34	22	46	43	35	6	21	6	14	15	32	15	48	26	28	4	31	16	35	19	37	37	24	34	5	51	52	51	32	44	29	50	13	45	19	7	18	44	3	18	36	29	48	23	58	22	33	18	51	30	45	46	25	0	31	25	21	45	21	41	38	46	20	22	37	17	10	28	21	38	23	32	31	22	31	17	10	9	48	31	26	30	31	21	24	46	1	34	25	37	41	24	
67	69	26	12	62	14	34	85	80	53	62	69	84	56	34	38	50	18	62	78	52	29	66	67	33	66	13	58	32	29	28	43	57	7	32	19	63	31	51	63	49	36	26	66	30	35	41	30	25	53	55	16	49	71	39	75	46	75	87	63	10	67	63	67	37	22	31	22	35	51	20	59	53	5	29	38	18	61	12	52	67	55	40	26	80	66	58	31	68	56	71	18	67	39	35	23	76	35	44	68	2	75	48	88	53	62	30	66	61	48	54	6	31	0	57	33	71	46	51	70	77	41	10	68	36	31	17	25	49	48	58	60	13	62	48	33	39	62	52	55	28	63	19	7	51	31	39	43	47	60	9	
40	18	40	47	48	54	35	33	32	28	5	38	29	54	34	19	8	41	12	32	20	27	53	31	29	22	46	7	29	35	32	16	51	53	31	41	43	30	33	50	29	24	46	18	27	47	21	29	46	40	27	40	7	16	18	18	36	31	32	22	47	35	35	10	20	42	28	36	27	30	40	49	15	54	27	41	41	31	44	38	21	3	44	30	27	48	55	48	30	16	38	39	34	27	25	38	18	22	25	13	54	29	19	34	5	23	34	48	9	53	50	50	25	57	0	35	28	27	44	13	20	25	48	12	33	28	50	39	42	19	30	13	48	14	13	29	18	46	27	19	48	11	45	49	52	26	45	29	43	35	50	
64	40	7	21	31	24	1	55	48	20	40	36	55	28	1	23	32	15	35	45	42	22	35	34	32	35	20	40	31	4	8	19	27	34	33	30	30	7	18	32	15	30	12	50	14	12	14	27	12	21	49	24	29	44	26	52	13	43	59	52	23	34	29	45	25	11	27	14	8	18	29	28	24	33	17	9	29	56	25	19	53	32	12	20	51	34	30	13	35	25	37	25	33	8	29	10	51	22	39	48	31	43	18	58	30	51	4	34	43	23	25	28	21	33	35	0	39	42	20	44	53	10	30	43	38	11	19	8	18	18	53	31	33	46	34	32	19	30	19	45	13	45	35	26	24	22	12	10	16	26	32	
69	12	47	59	30	63	38	17	9	20	28	13	21	41	38	40	36	53	16	6	49	48	34	8	53	7	58	36	53	42	43	30	38	70	55	62	24	40	24	32	24	49	51	43	42	46	31	51	51	28	56	58	33	19	42	31	30	3	25	50	61	12	16	30	43	50	51	49	36	22	60	34	19	70	45	39	61	60	60	27	47	27	41	49	16	28	42	49	6	16	13	57	11	32	49	48	29	43	53	34	69	4	23	22	27	51	41	27	36	45	38	65	45	71	28	39	0	55	33	22	28	30	65	22	59	41	58	47	33	23	59	16	67	41	41	53	36	28	20	48	51	37	66	64	42	46	42	29	35	18	68	
22	45	43	42	67	50	43	60	59	47	29	62	55	69	41	19	19	38	39	59	8	21	73	56	13	48	40	22	14	40	34	29	68	39	14	27	63	35	51	69	46	12	49	24	28	54	33	17	48	58	9	31	22	42	16	39	51	58	57	18	39	59	57	32	16	42	16	34	35	49	26	67	37	41	25	51	28	15	35	55	23	28	55	24	54	69	71	53	56	40	63	28	58	38	13	38	41	19	2	30	44	56	37	60	28	17	39	68	24	65	65	41	21	46	27	42	55	0	60	39	43	38	36	38	10	31	47	42	58	37	12	39	33	22	14	13	25	65	46	11	51	25	28	40	66	20	55	43	57	56	37	
81	41	26	39	11	38	19	51	43	17	48	23	54	9	20	40	46	35	38	39	58	42	15	26	51	33	39	51	51	24	29	31	7	54	52	51	13	26	11	12	15	49	25	62	34	17	27	46	26	5	66	44	42	47	44	58	9	36	58	66	43	23	18	52	43	30	47	34	25	14	50	8	30	53	37	13	50	72	45	7	65	41	11	40	49	14	11	21	28	29	25	46	23	22	48	30	56	41	57	56	50	38	25	56	39	65	24	15	54	11	5	47	41	51	44	20	33	60	0	48	57	21	50	48	58	30	34	27	2	25	70	34	53	58	49	51	35	11	17	60	24	55	56	46	9	42	13	16	4	15	52	
48	9	50	60	49	66	44	21	21	31	9	35	16	57	43	32	21	53	10	23	31	41	54	28	42	18	58	17	43	45	43	26	55	66	44	55	43	41	37	51	34	38	56	22	39	55	31	42	56	44	38	53	21	4	32	9	42	23	18	29	59	33	34	8	34	53	42	48	37	34	53	51	20	67	40	49	55	40	57	41	25	14	52	43	15	48	59	57	27	20	35	52	31	36	38	49	8	35	37	12	67	21	26	21	16	30	44	47	16	59	54	63	38	70	13	44	22	39	48	0	9	33	61	1	46	39	61	50	47	26	40	14	61	20	26	42	30	47	31	30	57	16	59	62	57	39	53	36	48	35	63	
48	17	59	68	57	74	53	21	25	40	15	42	14	66	52	40	28	62	19	27	34	48	62	35	48	25	66	21	49	54	52	35	63	74	51	62	51	49	46	59	43	44	65	22	47	64	39	49	65	52	40	61	28	10	38	4	51	29	15	30	67	40	42	11	41	62	48	57	46	43	60	60	29	75	48	58	62	41	65	50	25	22	61	51	16	56	67	66	34	29	42	59	38	45	45	58	2	42	42	12	75	26	35	19	24	31	53	55	19	68	62	71	46	77	20	53	28	43	57	9	0	42	69	10	51	48	70	59	56	35	41	23	68	21	32	48	38	55	40	32	66	18	65	70	66	47	62	45	57	43	71	
59	29	18	29	29	34	10	44	38	12	30	29	44	31	9	18	25	23	24	36	36	22	34	26	30	24	28	31	30	12	13	10	29	41	32	34	26	10	13	31	9	27	22	42	15	22	5	26	23	19	44	29	21	33	22	42	12	33	48	44	31	26	23	35	21	21	26	20	6	12	33	28	13	41	18	16	33	50	31	17	45	22	19	22	40	31	33	23	26	15	30	29	25	2	27	18	41	19	35	38	39	33	7	48	20	44	12	31	34	29	27	35	20	41	25	10	30	38	21	33	42	0	36	32	37	12	29	17	19	7	48	20	38	38	27	30	13	27	11	38	24	36	39	34	28	21	20	5	19	21	38	
57	61	24	12	61	19	31	78	73	48	53	65	76	55	30	29	41	15	55	71	42	20	65	62	23	59	11	49	22	26	23	36	56	5	22	9	60	26	47	62	44	26	26	56	23	35	34	20	25	51	45	7	40	63	30	66	43	69	79	53	7	62	58	58	28	20	21	16	30	47	10	58	46	5	21	37	8	51	5	49	57	46	39	17	73	64	58	31	63	49	66	9	62	33	25	20	67	26	34	59	8	68	42	80	45	52	26	64	52	48	53	5	22	10	48	30	65	36	50	61	69	36	0	60	26	24	18	23	48	42	48	52	4	53	38	23	31	60	47	45	28	54	10	5	51	22	38	39	46	56	2	
47	10	49	58	48	64	42	22	22	30	8	35	17	57	42	31	20	52	9	23	30	39	54	28	41	17	56	16	41	44	42	25	54	65	43	53	42	39	36	50	33	36	55	21	38	54	29	41	55	43	37	52	19	5	30	10	41	24	20	28	58	32	34	7	32	52	40	47	36	33	52	51	19	65	39	48	53	39	56	41	25	13	51	42	16	48	58	55	26	19	35	50	31	34	37	48	9	33	36	11	66	21	25	22	15	29	43	47	15	58	53	62	37	68	12	43	22	38	48	1	10	32	60	0	45	38	60	49	46	25	39	13	60	19	25	41	29	46	30	29	56	15	57	60	56	38	52	35	47	35	62	
31	50	37	34	66	42	39	66	64	48	37	64	62	66	38	19	24	31	44	63	18	15	72	59	6	52	32	30	7	35	29	30	65	29	5	17	63	31	50	68	46	10	42	34	23	49	32	11	42	56	19	22	26	49	17	48	49	62	65	29	30	61	59	40	16	35	10	27	32	49	16	65	40	31	20	47	18	25	25	54	34	33	51	18	60	68	68	47	59	43	65	18	60	36	10	32	49	17	10	39	34	60	38	67	32	27	34	68	32	61	63	31	17	36	33	38	59	10	58	46	51	37	26	45	0	27	39	36	55	38	22	43	23	31	20	6	24	65	47	21	45	34	17	30	63	16	51	42	54	57	27	
53	38	13	20	40	26	12	54	49	24	33	41	53	39	10	12	24	13	32	47	32	11	45	37	20	35	18	32	20	8	4	13	38	29	21	22	38	4	25	41	21	19	19	42	3	23	10	16	19	30	38	17	21	41	16	46	22	44	57	42	20	38	35	38	14	14	16	9	6	24	21	38	22	29	6	20	21	45	19	27	44	25	24	10	49	42	41	22	38	25	42	17	38	10	18	10	46	11	28	40	29	44	17	57	23	41	8	42	35	34	35	24	10	31	28	11	41	31	30	39	48	12	24	38	27	0	21	12	28	17	42	29	26	38	24	20	10	38	23	34	21	37	27	23	35	11	24	16	27	33	26	
70	58	11	6	46	5	19	74	67	39	55	54	73	39	19	33	45	9	52	65	51	27	49	53	34	53	7	53	33	16	18	34	40	21	34	24	47	20	36	46	34	35	9	63	23	18	30	30	8	37	56	18	42	62	36	68	30	62	77	62	11	52	48	60	34	8	31	14	24	37	25	42	42	19	24	22	23	62	15	36	65	47	23	23	69	49	41	14	54	44	56	21	52	26	34	11	68	31	45	62	16	62	36	77	45	61	17	50	56	31	37	13	28	17	50	19	58	47	34	61	70	29	18	60	39	21	0	11	33	36	59	49	23	59	45	34	31	45	38	54	11	58	28	13	34	28	22	29	31	45	20	
64	47	1	13	38	16	8	62	56	28	44	44	62	33	8	24	36	8	41	53	43	21	42	42	30	42	12	44	29	5	8	23	33	27	30	25	37	9	26	39	23	29	7	54	14	13	19	25	7	28	50	18	33	50	27	57	20	50	66	54	16	42	37	50	26	3	25	8	13	26	24	35	31	26	16	14	23	56	18	26	56	36	16	17	58	41	35	11	43	33	45	20	41	15	28	3	57	23	39	52	24	50	25	66	34	53	5	41	47	26	30	20	21	25	39	8	47	42	27	50	59	17	23	49	36	12	11	0	25	25	53	38	26	50	36	30	22	37	27	46	9	49	29	19	28	21	16	18	23	34	25	
79	40	24	37	13	37	17	50	43	16	46	24	53	11	18	38	44	33	37	39	56	40	17	26	49	32	37	50	48	22	27	29	10	52	50	49	14	24	10	14	13	46	24	60	32	16	25	44	25	5	64	42	40	46	41	56	7	36	57	64	41	23	18	51	41	28	45	32	23	13	48	10	28	51	35	11	47	70	43	6	64	39	10	38	48	16	13	20	27	27	25	43	23	20	46	28	55	38	55	55	48	37	23	55	38	63	22	16	52	12	7	45	38	49	42	18	33	58	2	47	56	19	48	46	55	28	33	25	0	23	67	33	51	56	47	49	33	12	16	58	22	54	53	44	10	39	11	14	2	15	50	
56	21	25	36	30	41	18	37	32	10	23	26	37	34	17	19	21	30	16	29	34	25	36	21	32	17	35	26	32	20	19	8	33	47	34	38	26	16	14	32	10	28	30	37	19	29	7	29	30	22	42	34	16	26	21	35	17	27	41	40	37	23	20	28	22	28	29	26	12	12	37	31	6	47	21	23	37	47	37	19	40	16	26	25	33	31	36	30	21	7	27	34	22	10	28	25	34	21	34	31	46	26	0	40	14	40	19	31	28	34	31	42	23	48	19	18	23	37	25	26	35	7	42	25	38	17	36	25	23	0	45	13	43	33	25	32	14	28	9	35	31	30	43	40	33	24	27	10	23	19	44	
11	47	55	54	76	63	54	61	61	55	31	68	55	79	52	30	24	50	42	62	11	32	81	62	25	52	52	23	26	51	46	38	77	51	26	39	71	46	60	78	55	24	60	19	39	65	42	29	60	67	3	43	28	44	26	37	60	61	56	11	51	65	65	32	27	54	28	46	45	57	38	76	43	53	37	62	40	3	47	64	17	32	66	36	55	77	81	64	61	46	69	40	64	48	25	50	39	30	14	29	56	59	45	60	33	10	50	76	24	76	75	53	32	58	30	53	59	12	70	40	41	48	48	39	22	42	59	53	67	45	0	44	45	20	20	25	34	74	55	10	63	24	39	52	76	32	66	53	67	64	49	
54	9	38	49	36	54	31	25	21	17	14	25	24	43	30	25	20	42	4	20	33	33	41	18	38	9	47	21	38	33	32	16	41	57	40	47	30	29	23	38	20	33	43	30	29	41	19	36	43	30	41	45	17	13	26	23	28	19	28	36	49	22	22	18	28	41	36	38	25	20	46	38	6	58	31	35	47	45	48	27	33	11	38	35	20	36	45	43	17	6	25	44	20	23	33	38	22	28	37	22	58	17	13	28	11	36	32	35	22	45	40	53	31	60	13	31	16	39	34	14	23	20	52	13	43	29	49	38	33	13	44	0	53	27	25	38	21	34	17	33	44	23	52	52	43	32	39	22	34	23	55	
54	62	27	16	64	23	34	79	74	50	53	67	76	59	33	29	40	18	55	72	40	20	68	64	21	60	15	48	20	29	25	37	59	6	19	6	63	28	50	65	46	25	30	55	24	38	35	19	29	54	42	9	40	63	29	66	46	70	80	51	11	65	61	57	27	23	20	19	32	49	8	61	47	8	21	40	6	48	8	52	55	46	42	18	73	67	61	35	64	50	68	9	64	35	24	23	66	26	32	58	11	69	43	81	45	50	29	67	51	52	56	10	22	13	48	33	67	33	53	61	68	38	4	60	23	26	23	26	51	43	45	53	0	51	37	21	31	63	49	43	32	53	6	9	54	21	42	41	49	58	4	
28	28	51	55	62	63	47	41	41	42	12	52	35	68	45	26	14	50	24	43	13	33	68	45	30	34	53	6	31	46	42	28	66	57	32	45	57	41	47	64	43	26	57	4	36	59	33	32	57	54	18	46	17	24	23	18	50	43	36	9	53	49	49	12	25	52	31	45	38	44	43	63	29	59	35	54	45	20	50	52	7	17	57	37	35	62	69	59	44	31	52	44	47	39	27	48	19	28	21	9	60	40	33	40	18	10	45	62	5	67	64	56	31	62	14	46	41	22	58	20	21	38	53	19	31	38	59	50	56	33	20	27	51	0	14	30	28	60	41	11	59	4	47	55	66	32	58	42	56	49	55	
31	31	37	41	55	49	34	46	45	35	17	49	42	58	33	12	5	36	25	45	9	18	61	42	16	34	39	10	17	33	28	17	57	43	19	31	51	28	39	57	34	12	43	18	22	47	22	18	43	46	17	31	8	29	9	29	40	44	45	17	39	45	44	20	11	38	17	31	26	37	29	55	23	44	21	42	31	22	36	43	20	14	46	22	40	56	60	46	42	26	49	29	44	28	13	34	29	14	12	20	46	42	25	47	14	17	32	56	13	56	55	42	17	48	13	34	41	14	49	26	32	27	38	25	20	24	45	36	47	25	20	25	37	14	0	16	15	53	34	10	46	15	34	41	56	17	46	32	47	43	40	
35	45	31	29	60	37	32	62	59	41	33	58	58	59	31	13	20	26	39	58	18	9	65	53	0	46	27	27	1	29	23	24	59	27	2	14	57	25	44	61	39	4	36	33	17	43	25	5	36	50	22	18	21	45	11	45	42	56	61	29	26	55	52	37	10	30	4	21	25	42	13	59	34	29	14	41	15	28	22	47	34	28	44	12	56	62	62	41	53	37	59	15	54	29	4	26	46	11	11	37	31	55	32	63	27	28	28	61	30	55	56	28	10	33	29	32	53	13	51	42	48	30	23	41	6	20	34	30	49	32	25	38	21	30	16	0	18	58	40	21	39	32	17	27	56	9	44	35	48	50	25	
46	30	23	29	42	36	19	47	43	23	23	40	45	44	18	5	14	23	24	41	23	11	48	35	18	29	27	22	18	18	14	6	43	36	20	25	39	13	26	44	21	14	29	32	8	31	8	15	29	33	31	23	11	32	8	37	26	39	48	32	28	37	34	28	8	24	15	18	11	24	24	42	16	36	9	27	25	37	26	30	34	16	31	13	42	44	46	31	35	19	41	22	36	13	14	20	37	7	22	30	37	38	14	49	14	32	17	44	25	41	41	32	9	39	18	19	36	25	35	30	38	13	31	29	24	10	31	22	33	14	34	21	31	28	15	18	0	41	22	25	31	27	30	31	41	10	31	18	32	32	33	
85	37	36	49	2	49	29	45	37	18	48	15	49	13	30	46	49	45	37	33	62	50	7	20	58	29	49	53	58	34	38	36	10	64	60	60	4	35	14	4	19	55	36	64	42	28	33	54	37	9	70	54	45	44	49	56	17	30	53	68	53	16	12	52	49	40	54	44	32	16	59	6	31	63	45	23	59	76	55	11	67	43	22	49	44	4	14	32	22	29	16	55	17	29	55	40	54	47	63	56	61	32	28	50	41	68	34	4	55	20	12	57	48	62	46	30	28	65	11	47	55	27	60	46	65	38	45	37	12	28	74	34	63	60	53	58	41	0	19	63	35	57	65	56	17	49	24	23	14	11	62	
66	24	27	39	21	43	18	37	30	1	30	18	38	26	18	28	30	34	21	27	43	33	26	15	40	17	38	35	40	22	24	17	24	52	42	45	17	21	6	23	3	37	30	45	26	26	15	37	31	13	51	40	26	30	31	40	11	24	42	49	42	15	12	35	31	30	37	31	17	3	44	22	12	52	29	19	44	56	42	10	48	24	21	33	33	22	28	29	16	11	19	40	14	13	37	28	39	29	44	39	50	24	9	41	22	49	21	21	36	28	23	46	31	52	27	19	20	46	17	31	40	11	47	30	47	23	38	27	16	9	55	17	49	41	34	40	22	19	0	44	30	38	50	45	26	32	23	8	17	10	49	
21	37	47	50	65	58	45	51	51	45	21	58	45	69	44	22	14	45	32	51	3	27	71	51	21	42	48	13	22	43	38	28	68	49	23	36	61	38	50	68	45	19	53	12	32	57	33	25	53	57	8	39	18	34	18	29	51	51	47	8	47	55	54	22	20	47	24	40	37	47	35	66	33	50	30	53	37	12	43	54	12	21	57	31	45	67	71	57	50	35	58	36	53	39	20	43	30	23	11	20	53	48	35	50	22	7	42	66	14	67	66	49	26	55	19	45	48	11	60	30	32	38	45	29	21	34	54	46	58	35	10	33	43	11	10	21	25	63	44	0	56	14	38	48	67	26	57	43	57	53	46	
74	53	8	16	35	14	13	67	61	31	53	45	68	28	14	34	45	15	48	57	53	30	38	45	39	47	17	53	38	13	17	32	29	31	40	33	37	18	27	36	27	39	2	63	24	7	27	34	3	27	60	25	42	57	37	65	21	54	72	63	21	43	39	58	36	9	35	17	21	29	32	31	37	30	26	12	31	66	24	26	65	45	12	27	63	39	30	3	46	39	47	28	43	21	38	13	65	32	49	61	27	55	31	71	43	63	14	39	56	20	26	24	30	28	48	13	51	51	24	57	66	24	28	56	45	21	11	9	22	31	63	44	32	59	46	39	31	35	30	56	0	58	37	23	23	31	11	22	20	36	30	
32	24	50	55	59	63	45	37	37	39	8	48	31	65	44	25	13	50	20	38	16	33	64	41	32	31	53	5	32	45	41	26	63	58	34	46	53	40	44	61	40	28	56	7	35	57	31	33	56	51	22	47	16	20	23	14	47	39	32	13	54	45	45	8	26	51	32	44	37	41	44	60	26	59	35	52	46	24	51	49	10	14	55	37	31	59	67	58	40	27	48	44	44	37	28	47	16	28	24	5	61	36	30	36	16	14	44	58	2	64	61	57	31	63	11	45	37	25	55	16	18	36	54	15	34	37	58	49	54	30	24	23	53	4	15	32	27	57	38	14	58	0	49	56	64	32	56	40	54	46	55	
48	60	31	21	66	29	36	77	73	51	50	68	74	62	35	26	37	22	54	72	35	18	71	64	17	60	20	44	16	31	27	36	63	12	15	5	65	30	52	67	48	21	34	50	24	42	35	16	33	56	36	11	37	61	27	62	48	70	77	46	16	65	62	54	25	27	17	21	33	51	6	64	47	14	21	43	6	42	12	54	50	44	46	17	71	69	65	39	65	49	69	10	64	37	20	26	63	24	26	54	17	69	43	79	43	44	31	69	47	56	60	16	21	19	45	35	66	28	56	59	65	39	10	57	17	27	28	29	53	43	39	52	6	47	34	17	30	65	50	38	37	49	0	15	58	20	45	43	52	60	10	
61	61	20	7	57	13	27	77	72	46	54	62	76	51	27	30	42	11	55	70	45	22	61	60	27	58	7	51	26	23	21	36	52	8	26	13	57	24	44	58	42	29	21	59	22	30	33	23	20	47	49	9	41	63	32	68	39	67	80	56	3	60	56	59	30	16	24	14	28	44	14	54	46	7	21	33	12	55	5	45	60	47	35	18	72	60	53	26	61	48	64	12	60	31	28	16	68	27	38	60	5	67	40	80	45	55	23	60	54	43	49	1	24	7	49	26	64	40	46	62	70	34	5	60	30	23	13	19	44	40	52	52	9	55	41	27	31	56	45	48	23	56	15	0	46	23	34	36	42	53	6	
88	50	27	39	16	37	23	60	52	26	56	31	63	5	25	46	53	36	47	48	65	47	17	34	56	42	39	59	55	27	33	39	7	54	57	53	20	31	20	15	24	54	25	70	39	16	34	51	26	14	73	46	49	56	50	67	16	45	67	73	43	31	26	61	49	31	52	37	31	23	53	11	38	53	42	15	52	79	46	16	73	49	12	44	58	19	7	20	36	37	33	48	32	28	53	32	65	46	63	65	50	46	33	64	47	73	28	20	62	3	5	47	46	51	52	24	42	66	9	57	66	28	51	56	63	35	34	28	10	33	76	43	54	66	56	56	41	17	26	67	23	64	58	46	0	47	12	24	9	24	52	
43	40	22	24	50	32	23	57	53	33	31	50	54	50	22	7	19	19	34	52	23	1	56	45	9	40	22	27	8	19	14	16	49	27	10	15	48	15	35	52	30	8	28	35	7	34	17	5	28	40	28	14	18	41	8	44	33	50	58	34	21	47	44	36	6	22	5	14	16	33	14	49	27	28	5	31	15	35	18	38	37	24	35	5	51	53	52	32	45	30	51	12	46	20	7	18	45	4	17	37	29	49	24	59	23	33	19	52	30	46	47	25	1	31	26	22	46	20	42	39	47	21	22	38	16	11	28	21	39	24	32	32	21	32	17	9	10	49	32	26	31	32	20	23	47	0	35	26	38	42	24	
77	47	14	27	24	25	12	60	52	23	50	35	61	17	13	36	44	23	43	49	55	35	27	36	44	40	27	51	43	15	21	30	18	42	45	41	26	19	18	24	19	43	13	62	27	4	25	39	14	16	62	34	41	52	39	62	12	46	65	64	31	34	29	55	38	18	40	24	20	20	40	20	33	41	30	4	39	68	33	16	65	42	1	32	56	27	19	8	37	33	36	36	34	18	42	19	61	35	52	58	38	46	27	64	40	63	16	28	54	10	15	35	34	39	45	12	42	55	13	53	62	20	38	52	51	24	22	16	11	27	66	39	42	58	46	44	31	24	23	57	11	56	45	34	12	35	0	17	9	26	40	
64	30	18	31	24	34	9	44	38	9	33	26	45	26	10	23	29	25	26	35	41	26	29	23	35	24	30	35	35	13	16	15	24	43	37	38	22	13	9	26	5	32	22	46	19	19	10	31	22	14	49	32	25	35	27	45	7	32	49	49	33	23	19	38	26	22	31	22	10	8	37	23	16	43	22	13	37	55	34	12	49	25	16	26	41	26	28	21	25	16	27	33	23	6	32	20	44	24	40	41	42	32	10	48	24	49	13	26	38	24	22	38	25	43	29	10	29	43	16	36	45	5	39	35	42	16	29	18	14	10	53	22	41	42	32	35	18	23	8	43	22	40	43	36	24	26	17	0	14	17	41	
78	41	22	35	15	35	15	52	44	17	47	26	54	12	17	37	44	31	38	41	56	38	19	27	48	33	35	50	47	20	25	29	11	50	49	47	16	23	11	16	14	45	21	60	30	13	24	43	22	7	63	40	39	47	41	57	6	38	59	63	39	25	20	51	40	26	43	30	22	14	46	12	28	49	34	9	46	69	41	7	63	39	8	37	50	18	14	17	29	28	27	42	25	19	45	26	56	37	54	55	46	39	23	57	38	63	20	18	52	11	8	43	37	47	43	16	35	57	4	48	57	19	46	47	54	27	31	23	2	23	67	34	49	56	47	48	32	14	17	57	20	54	52	42	9	38	9	14	0	17	48	
75	26	34	47	13	49	26	35	27	9	37	9	39	23	26	38	39	42	26	24	53	43	18	10	50	18	47	43	50	30	33	27	20	61	52	55	7	30	8	15	12	47	36	53	36	30	25	47	37	10	61	49	35	33	41	45	15	20	43	58	50	7	2	41	41	38	47	40	27	9	54	16	20	60	39	24	54	66	51	10	56	32	24	43	34	13	24	33	12	18	10	50	8	23	47	37	43	39	54	45	58	22	19	40	31	58	30	12	44	27	20	55	41	60	35	26	18	56	15	35	43	21	56	35	57	33	45	34	15	19	64	23	58	49	43	50	32	11	10	53	36	46	60	53	24	42	26	17	17	0	58	
58	64	26	13	63	19	33	80	76	50	55	67	78	57	32	31	43	17	57	73	43	22	67	64	25	61	13	51	24	28	25	38	58	2	23	10	62	28	50	64	46	28	27	58	25	36	36	22	26	53	46	10	42	65	32	68	45	71	82	54	9	65	61	60	30	22	23	18	32	49	11	60	49	4	23	39	9	52	7	51	59	48	41	19	75	66	59	33	65	51	68	11	64	36	27	22	69	28	35	61	7	70	44	82	47	53	28	66	54	50	55	6	24	9	50	32	68	37	52	63	71	38	2	62	27	26	20	25	50	44	49	55	4	55	40	25	33	62	49	46	30	55	10	6	52	24	40	41	48	58	0	

