5  150
27	31	94	97	9	86	30	70	100	10	95	99	44	88	12	23	27	3	86	41	88	89	90	41	78	86	77	87	76	100	65	86	46	36	87	31	67	26	81	63	13	12	98	43	100	100	5	70	94	54	66	36	2	39	69	68	23	89	95	34	78	4	80	62	23	52	80	63	43	81	86	91	23	20	100	44	27	68	10	33	44	57	88	13	47	79	43	26	43	72	51	35	27	55	100	94	31	91	62	48	96	95	42	94	36	40	7	8	36	93	53	65	43	37	100	52	2	91	89	3	91	6	59	70	1	42	81	35	31	94	39	93	28	88	8	14	48	6	41	92	73	52	22	23	50	48	67	88	90	35	
50	96	8	88	48	75	19	32	46	43	74	28	33	61	80	61	10	97	47	80	40	10	30	3	73	66	10	72	66	9	72	50	36	1	28	46	64	39	40	71	83	79	5	88	80	64	36	91	43	93	12	54	57	25	35	80	27	55	64	19	93	55	51	52	22	19	73	34	68	4	66	83	45	7	57	100	34	71	18	34	61	53	10	46	62	56	60	96	71	56	38	27	58	21	71	37	49	53	58	35	37	63	36	69	52	93	54	15	61	1	90	24	90	32	2	2	38	74	16	42	56	39	54	63	88	53	15	78	21	11	88	59	64	65	34	11	89	8	10	14	47	29	56	72	18	89	37	98	86	4	
55	87	1	73	22	21	23	52	8	25	11	2	57	46	57	11	81	65	6	24	32	6	89	80	62	69	99	85	56	36	23	22	69	78	89	34	41	24	21	70	16	8	57	39	52	63	38	54	40	68	20	19	15	27	5	36	92	84	53	86	90	49	78	61	92	41	69	100	4	22	55	15	44	35	61	38	50	5	48	2	14	35	13	70	47	41	23	28	73	62	67	57	62	94	100	2	98	79	55	52	92	95	13	45	39	90	91	19	17	95	41	15	49	57	32	62	4	42	91	43	72	28	92	71	83	61	51	84	1	73	28	74	79	48	100	73	88	37	83	3	12	85	89	6	28	6	89	80	55	51	
71	20	97	85	44	2	57	63	10	95	56	83	34	53	27	18	36	65	19	18	35	17	83	54	76	42	77	31	65	11	58	16	40	51	94	14	7	26	78	45	70	80	59	47	85	79	91	68	54	41	99	53	14	90	68	10	5	43	62	58	3	50	62	16	90	82	54	73	28	23	30	78	41	34	47	81	57	47	15	88	8	71	39	39	50	52	99	90	93	82	90	92	14	89	8	55	32	11	5	100	21	77	87	63	48	7	95	80	93	52	34	98	63	80	88	54	40	38	94	56	73	83	7	16	72	29	26	68	89	90	18	10	67	75	17	28	32	1	23	14	2	94	74	47	1	49	35	50	46	88	
66	2	95	27	3	92	19	69	36	14	2	24	2	95	10	5	75	28	51	71	87	35	58	77	51	8	21	6	13	61	97	41	15	47	21	46	5	59	63	14	51	86	26	71	9	28	61	61	7	49	74	28	88	71	100	6	74	88	36	38	91	97	86	43	34	40	33	24	83	35	74	72	74	100	32	41	31	58	96	39	52	2	91	31	64	29	35	90	38	16	74	82	84	47	72	40	6	57	25	100	46	14	93	54	96	2	8	99	1	13	58	37	38	28	5	97	96	93	32	41	33	54	82	28	42	77	79	83	3	3	9	66	45	72	21	73	2	67	56	62	91	98	53	57	82	95	35	93	3	26	
2093	5627	2772	6710	1376	1503	4532	2365	7428	1922	6823	756	907	4958	5282	4407	2201	3413	4901	7165	7025	132	1093	7222	4171	395	7170	130	1127	3047	3654	5119	1922	833	1527	2956	4488	4157	5425	2583	6586	1864	1825	2981	5645	7378	4115	460	3905	6942	3900	1550	4201	2991	2016	5406	361	6660	5855	5314	7124	1085	2540	3029	6910	5200	3201	3556	7360	6322	3956	6465	5014	3022	3552	6058	4349	1081	5244	1572	6745	2828	1279	7388	6851	4057	1700	4819	325	1557	1516	4275	3166	3103	100	2896	4645	5668	4129	6467	3082	789	1263	5011	1767	2641	7234	3812	2507	1271	2181	6719	754	480	474	1331	4919	5549	2794	6826	1839	1076	208	3061	2773	201	2533	2880	2508	4312	7398	4290	809	6660	1510	2495	791	5649	7399	7064	6769	4754	6365	5796	3209	2091	4223	6831	4419	6197	
0	37	66	30	62	70	62	66	56	45	85	55	49	57	88	35	62	51	64	67	31	51	87	49	51	37	26	62	65	68	67	52	60	51	48	63	53	70	48	54	46	23	35	63	86	72	66	89	92	68	31	16	52	59	34	92	60	38	42	52	47	29	31	41	68	63	65	71	45	47	67	49	95	47	61	24	63	66	82	68	35	43	66	57	55	34	30	71	35	63	51	58	38	10	10	68	48	50	36	49	37	53	68	72	43	25	69	71	63	63	80	54	16	50	59	16	17	62	72	51	79	66	65	49	34	81	34	67	68	72	40	61	73	58	26	77	78	26	52	88	77	61	57	50	51	21	71	36	75	66	83	
37	0	38	34	29	36	41	29	35	8	49	18	19	48	53	2	42	14	48	41	12	20	53	26	13	15	14	28	43	37	34	15	46	16	37	40	16	37	16	20	35	15	10	53	53	38	43	53	56	33	13	22	20	43	18	58	29	34	8	45	12	17	32	37	36	30	43	35	9	20	55	12	61	17	24	14	25	34	46	43	34	19	32	19	23	12	14	34	7	26	15	40	9	32	27	35	18	36	5	37	32	29	36	38	8	29	34	57	53	34	52	17	22	15	36	21	20	38	35	24	42	29	42	21	2	47	24	29	51	35	18	29	49	46	12	44	50	12	14	56	39	26	29	13	18	16	52	7	38	29	51	
66	38	0	42	52	55	13	25	13	34	31	35	19	30	28	40	13	27	21	3	35	49	26	16	34	28	40	51	11	61	11	37	23	41	26	9	27	13	47	46	27	50	32	31	21	53	9	36	34	18	51	50	49	20	31	29	56	34	43	32	42	55	40	35	10	12	11	47	39	54	29	29	33	50	26	49	38	57	28	6	38	22	53	28	51	50	52	26	33	37	40	17	47	57	58	55	50	23	43	26	33	12	8	15	42	43	48	29	30	61	14	25	55	43	9	50	54	7	44	56	34	24	10	17	40	19	32	36	21	27	55	54	12	25	47	17	13	49	35	23	34	44	59	26	46	50	20	45	36	26	18	
30	34	42	0	63	70	35	53	30	39	69	49	32	27	69	34	35	41	35	43	22	54	68	27	45	22	21	62	39	71	48	47	31	49	19	37	43	51	50	54	17	31	24	33	64	71	40	74	74	52	39	20	54	31	17	71	64	8	42	22	46	40	2	11	49	45	39	67	43	53	37	40	75	51	50	31	57	68	66	43	5	24	66	47	57	40	38	58	26	57	48	31	41	20	28	69	52	22	37	20	9	30	47	54	43	5	66	41	33	68	55	43	30	49	34	23	29	37	67	57	67	52	38	30	33	61	12	59	39	59	48	63	46	29	30	58	54	32	46	66	65	59	63	39	52	29	42	38	65	53	61	
62	29	52	63	0	7	61	29	57	24	44	17	38	73	51	30	62	26	70	56	41	11	52	48	20	43	43	1	62	9	42	17	69	14	63	59	26	43	15	9	62	40	39	77	57	10	61	44	50	36	31	51	10	66	47	58	6	63	22	71	17	34	62	66	44	40	62	12	20	17	77	26	59	15	26	39	14	5	43	58	63	44	3	24	7	28	32	31	37	15	15	62	25	61	52	6	14	62	28	63	60	50	46	43	21	59	10	79	77	10	62	27	46	14	56	49	45	56	16	14	32	30	61	42	31	50	53	19	72	31	24	3	65	70	38	48	61	37	19	59	29	7	11	29	12	42	72	27	26	28	56	
70	36	55	70	7	0	65	30	61	30	43	22	43	78	50	37	66	31	74	59	48	18	51	53	25	49	50	8	65	8	44	22	73	20	68	62	30	45	22	16	67	47	45	82	58	4	64	43	49	38	38	58	17	70	53	57	11	69	29	77	24	41	68	72	46	43	65	10	27	23	82	31	58	22	29	46	17	5	42	62	69	50	4	28	14	35	39	31	43	17	21	67	32	68	59	1	21	67	35	69	66	55	48	45	28	66	8	83	81	12	64	32	53	21	60	56	52	60	14	20	31	32	65	47	38	51	59	20	76	31	31	8	68	74	45	49	63	44	24	59	28	11	16	34	19	49	75	34	25	30	56	
62	41	13	35	61	65	0	37	6	40	44	44	23	17	41	43	1	35	8	11	35	56	39	15	42	28	39	60	4	70	24	45	10	49	16	4	35	26	54	54	17	51	33	18	32	64	5	49	47	31	53	47	56	7	29	40	65	26	48	19	48	57	33	25	23	23	4	58	45	60	16	36	44	56	37	50	48	67	41	9	29	22	62	37	59	53	54	39	35	48	47	4	51	52	56	65	57	12	46	15	25	11	21	28	47	37	58	17	17	70	21	34	54	51	5	48	53	6	56	63	47	35	3	20	42	32	27	47	10	40	59	63	11	12	48	30	20	50	43	34	47	54	66	33	53	50	11	48	48	37	30	
66	29	25	53	29	30	37	0	34	22	20	15	21	52	24	31	37	15	45	29	35	30	25	29	17	32	40	27	36	37	14	18	46	22	44	33	13	14	29	26	44	45	32	55	29	28	34	23	26	7	41	50	29	43	37	30	34	49	29	52	25	45	51	51	15	13	36	22	25	36	53	17	32	32	5	43	14	34	17	31	51	29	29	10	30	38	42	5	31	13	21	39	34	60	56	31	32	42	32	44	47	29	17	14	28	51	23	54	54	39	34	12	51	25	31	50	50	31	19	37	13	1	35	24	32	22	41	10	47	5	40	31	37	47	41	19	32	42	17	31	12	21	38	16	27	46	46	33	12	1	27	
56	35	13	30	57	61	6	34	0	34	44	39	18	17	42	37	7	30	13	13	29	51	40	9	37	22	33	55	9	66	23	40	12	44	13	7	31	26	48	49	13	45	27	21	34	60	10	49	47	29	47	41	51	9	23	42	60	22	42	19	43	51	28	21	23	21	9	54	40	55	20	31	46	51	33	44	45	62	41	12	25	16	58	33	54	47	48	37	29	44	42	5	45	46	50	61	51	9	40	12	21	6	21	28	42	32	55	22	20	65	25	29	48	46	4	42	47	7	52	57	45	33	8	15	37	33	21	43	16	38	54	58	16	13	42	30	24	44	38	36	45	50	61	28	48	44	17	43	46	34	32	
45	8	34	39	24	30	40	22	34	0	42	10	16	49	46	10	41	7	48	37	18	17	46	25	6	18	21	23	41	33	28	8	46	10	39	38	8	31	13	15	37	23	15	54	47	31	41	45	48	26	19	30	16	43	23	51	26	38	9	47	8	23	38	41	30	25	41	28	5	20	55	5	54	16	17	22	18	30	39	40	39	20	26	12	19	17	20	26	13	18	8	40	13	40	35	30	17	38	10	39	36	28	31	32	8	36	27	57	53	31	48	10	30	11	34	29	28	36	28	22	34	22	40	19	10	41	28	21	51	27	21	25	46	46	20	37	46	20	7	50	31	19	27	8	14	24	51	12	30	21	45	
85	49	31	69	44	43	44	20	44	42	0	34	37	61	7	51	44	35	51	33	54	48	9	42	37	49	59	43	41	51	21	38	54	41	56	40	33	18	48	43	56	65	50	62	18	39	39	5	6	17	61	69	47	51	54	14	50	63	49	63	45	65	67	64	21	24	41	33	44	55	59	37	15	51	25	63	31	48	3	35	66	45	43	30	47	58	62	15	50	30	41	48	54	79	76	44	51	53	52	56	61	40	23	16	48	68	35	58	61	54	30	31	71	44	40	69	70	38	29	55	12	19	41	39	52	13	57	25	51	14	59	47	38	56	61	14	29	62	37	19	15	37	54	36	45	65	49	53	18	20	18	
55	18	35	49	17	22	44	15	39	10	34	0	21	55	40	19	44	9	52	38	28	15	40	31	4	27	31	16	44	26	26	3	51	7	46	41	8	28	14	11	45	32	25	60	44	22	43	37	41	22	26	40	14	48	32	46	21	47	14	54	10	31	47	49	28	24	44	18	10	21	60	9	48	17	11	31	8	23	32	41	48	27	19	7	15	24	28	19	23	8	6	45	19	50	45	22	17	44	19	46	44	33	29	29	13	46	17	61	59	26	47	10	39	10	38	39	38	38	18	22	25	16	43	25	20	37	37	11	54	20	25	19	47	52	29	34	45	29	3	46	22	10	24	11	12	34	54	19	20	14	42	
49	19	19	32	38	43	23	21	18	16	37	21	0	34	39	21	24	12	31	22	17	33	38	10	19	12	22	37	25	48	17	21	30	25	25	22	13	21	30	31	24	31	14	38	36	43	24	42	43	20	32	33	33	27	17	42	41	28	25	33	25	36	30	30	19	14	25	38	21	36	39	12	45	33	18	30	27	44	34	24	30	8	40	16	35	31	33	25	15	27	24	24	28	41	41	43	33	23	24	25	26	12	18	23	24	31	38	41	38	46	33	12	37	27	18	33	35	19	36	39	34	20	24	3	21	31	20	27	34	26	36	40	30	31	28	28	31	30	19	39	33	32	43	9	30	31	34	26	33	21	34	
57	48	30	27	73	78	17	52	17	49	61	55	34	0	58	49	17	46	11	28	38	66	56	24	53	32	40	71	20	82	40	56	7	59	11	21	47	43	63	65	13	52	37	6	49	77	22	66	64	47	58	45	66	10	30	57	75	19	56	5	58	60	26	16	40	39	20	72	54	68	10	46	61	65	50	52	61	78	58	26	22	29	75	50	69	58	58	55	40	61	58	13	57	47	54	78	65	11	52	10	20	23	38	45	56	32	72	14	6	80	37	46	54	60	21	47	53	23	70	71	63	50	20	30	48	49	26	61	14	56	66	74	26	5	50	47	36	52	54	50	63	66	76	44	63	51	18	54	64	52	46	
88	53	28	69	51	50	41	24	42	46	7	40	39	58	0	55	41	39	48	30	56	54	2	42	42	51	61	50	38	58	21	43	51	47	55	37	37	18	54	50	55	68	53	59	11	46	36	10	6	20	65	72	53	48	55	7	57	62	54	60	50	69	67	63	20	25	38	40	49	61	55	41	8	57	29	67	37	55	8	32	65	46	50	34	53	63	66	20	53	36	46	45	59	80	79	51	57	51	56	54	61	39	21	15	52	69	42	53	58	61	24	35	74	50	37	72	73	35	36	61	19	24	38	40	56	9	58	32	47	20	65	54	34	53	65	11	23	66	42	12	22	44	61	39	51	69	44	58	25	25	12	
35	2	40	34	30	37	43	31	37	10	51	19	21	49	55	0	44	16	49	43	12	20	55	27	15	16	13	29	45	37	36	16	47	17	38	42	18	39	16	21	36	13	11	54	56	39	45	55	58	35	11	21	20	45	19	60	30	34	8	46	13	15	32	38	38	32	45	36	10	19	56	14	63	17	26	12	27	35	49	45	34	21	33	21	24	10	12	36	8	27	16	42	8	31	25	36	18	38	3	38	32	31	38	41	9	29	35	59	54	34	54	20	20	16	38	19	18	40	37	23	44	31	44	23	1	50	24	31	53	37	17	30	51	47	10	46	52	10	16	58	41	27	29	16	18	14	54	5	39	31	53	
62	42	13	35	62	66	1	37	7	41	44	44	24	17	41	44	0	36	8	11	36	57	39	16	43	29	40	61	3	71	24	46	10	49	16	4	36	26	55	55	18	52	34	18	32	65	5	49	47	31	54	48	57	7	30	40	66	27	49	20	49	58	33	26	24	24	3	59	46	61	16	37	44	57	37	51	49	68	41	9	30	23	63	38	59	54	55	39	36	48	48	5	52	53	57	66	58	13	47	16	26	12	21	28	48	38	59	16	17	71	21	34	55	51	6	49	54	6	56	63	47	36	3	21	43	32	28	47	10	40	60	64	10	12	49	30	20	51	43	33	47	55	67	34	54	51	10	49	49	38	29	
51	14	27	41	26	31	35	15	30	7	35	9	12	46	39	16	36	0	43	31	20	21	38	22	7	19	25	25	36	36	21	10	42	13	36	33	2	23	19	19	35	29	17	50	40	31	35	38	41	19	26	35	21	39	24	44	30	38	16	45	14	30	39	40	23	18	36	26	12	26	50	2	47	22	10	28	16	32	32	33	39	18	28	6	23	24	27	20	16	16	12	36	20	45	41	31	22	35	17	37	35	24	24	25	15	38	26	52	50	35	41	3	36	16	29	34	34	30	26	28	28	15	35	15	17	34	29	18	46	21	28	28	40	43	26	30	39	27	7	42	26	20	31	2	18	30	46	19	25	15	38	
64	48	21	35	70	74	8	45	13	48	51	52	31	11	48	49	8	43	0	18	40	64	46	22	50	33	44	68	10	79	32	53	5	57	16	12	43	34	61	62	18	56	39	11	38	73	12	56	54	39	60	51	64	5	34	46	73	26	55	16	56	63	34	25	31	32	10	67	53	68	8	44	50	64	45	55	57	75	48	16	30	28	71	45	67	60	60	47	41	56	55	7	58	54	60	74	65	14	53	15	27	19	29	36	55	39	67	9	10	78	25	42	59	59	14	53	58	14	64	70	55	44	10	28	49	39	31	55	4	48	66	71	14	7	53	37	25	55	51	39	55	62	74	41	61	55	7	55	57	46	36	
67	41	3	43	56	59	11	29	13	37	33	38	22	28	30	43	11	31	18	0	37	53	28	17	38	30	42	54	8	65	15	40	21	44	25	7	31	16	50	50	26	53	34	29	21	57	6	38	36	22	54	51	52	18	33	29	60	35	46	30	45	58	41	34	13	15	8	50	42	57	26	32	33	53	30	51	42	61	30	2	38	24	56	31	54	53	55	30	36	41	43	15	50	58	60	59	54	22	46	25	34	13	11	18	45	44	51	25	28	65	13	29	57	47	8	52	56	5	48	59	37	27	8	20	43	21	33	39	18	31	58	58	8	23	49	19	11	51	38	23	38	48	62	29	49	52	17	48	39	29	19	
31	12	35	22	41	48	35	35	29	18	54	28	17	38	56	12	36	20	40	37	0	32	55	20	24	7	5	40	38	49	35	26	37	27	26	35	23	38	28	32	25	16	3	43	54	49	38	58	60	37	20	15	32	35	7	60	42	22	20	34	24	23	20	26	37	31	38	46	20	32	46	19	63	29	31	15	36	46	51	39	22	13	44	27	35	20	20	40	5	36	26	33	20	24	23	47	30	27	15	27	20	24	36	41	21	18	45	49	43	46	50	23	19	27	31	15	18	33	46	35	49	35	37	17	11	49	12	38	44	41	28	41	44	37	13	46	48	15	25	56	47	37	41	19	30	15	46	17	46	35	51	
51	20	49	54	11	18	56	30	51	17	48	15	33	66	54	20	57	21	64	53	32	0	54	42	14	35	33	10	58	17	41	12	63	8	55	55	22	43	4	4	54	29	30	71	59	21	57	50	55	37	20	40	1	60	38	60	9	54	11	64	8	23	52	57	43	38	58	21	12	7	72	20	62	4	26	28	17	15	46	55	54	37	14	22	4	17	21	33	27	18	9	57	14	50	41	17	3	55	17	56	52	45	44	44	11	49	19	74	70	14	61	24	35	5	51	38	34	52	24	7	37	31	57	36	21	52	44	22	67	33	13	10	62	63	27	49	60	26	14	61	34	12	10	23	3	31	68	16	31	29	57	
87	53	26	68	52	51	39	25	40	46	9	40	38	56	2	55	39	38	46	28	55	54	0	41	42	50	60	51	36	59	20	43	49	47	53	35	37	17	54	50	54	68	52	57	9	48	34	12	8	19	65	71	53	46	54	6	58	61	54	59	50	69	66	62	19	24	36	41	49	61	53	41	8	57	29	66	38	56	9	30	64	45	51	34	54	63	66	21	52	37	46	43	59	80	78	52	57	50	56	53	59	38	20	14	52	68	43	51	56	62	22	35	74	50	36	71	72	33	37	61	20	24	36	39	55	7	57	33	45	21	65	55	32	51	64	10	21	65	42	9	23	45	62	39	52	68	42	58	26	25	10	
49	26	16	27	48	53	15	29	9	25	42	31	10	24	42	27	16	22	22	17	20	42	41	0	29	13	24	47	18	58	21	31	20	35	15	15	23	24	39	41	15	36	18	29	37	53	18	47	47	26	38	34	42	18	15	44	51	20	33	23	34	42	25	22	21	18	18	47	31	45	29	22	48	42	27	35	37	54	39	18	23	7	50	25	45	38	39	33	20	37	33	14	36	40	42	53	42	13	31	15	18	4	20	26	33	27	47	31	28	56	30	21	40	37	11	35	38	13	46	48	42	28	17	6	27	34	16	37	25	34	44	50	24	21	33	30	29	35	29	39	41	42	52	19	39	35	26	33	41	29	34	
51	13	34	45	20	25	42	17	37	6	37	4	19	53	42	15	43	7	50	38	24	14	42	29	0	24	27	18	43	29	27	2	49	6	43	40	7	29	13	12	42	28	21	58	45	25	42	40	44	23	23	36	14	46	28	48	22	43	11	51	8	27	43	46	29	24	43	22	7	20	58	6	50	16	13	27	12	25	35	40	44	24	21	8	16	20	24	22	19	12	5	43	16	46	41	25	16	42	15	43	41	31	30	30	10	42	21	60	57	27	47	9	35	9	36	35	34	37	22	21	29	18	42	22	16	38	34	15	53	23	22	21	47	50	25	35	45	25	1	47	26	13	24	9	11	30	53	16	24	17	43	
37	15	28	22	43	49	28	32	22	18	49	27	12	32	51	16	29	19	33	30	7	35	50	13	24	0	11	42	31	51	29	26	31	29	21	28	21	33	31	34	19	23	5	38	48	50	31	54	55	32	26	21	35	29	5	54	44	19	24	29	26	29	20	22	31	26	31	45	23	36	39	18	58	33	28	22	35	48	46	32	20	6	45	25	38	26	26	37	8	35	27	26	25	29	29	48	33	21	20	22	17	17	30	35	24	19	45	43	37	49	43	21	26	29	24	22	25	26	45	39	45	31	30	11	16	43	10	37	37	37	33	43	37	30	20	40	41	22	25	50	44	37	44	17	32	22	39	22	43	32	45	
26	14	40	21	43	50	39	40	33	21	59	31	22	40	61	13	40	25	44	42	5	33	60	24	27	11	0	42	42	51	40	29	40	30	29	39	27	43	29	34	27	12	8	46	59	52	42	63	65	41	18	10	34	39	10	65	43	23	21	36	26	20	20	27	42	36	42	49	23	32	49	23	68	30	35	11	39	48	56	43	22	18	46	31	37	19	18	45	8	39	29	37	20	20	18	49	31	30	16	30	21	28	41	46	22	16	48	52	46	47	55	28	15	29	35	10	14	38	49	36	53	39	41	22	12	54	14	42	48	46	27	43	49	40	10	51	53	12	28	61	51	40	42	23	31	11	50	17	50	39	56	
62	28	51	62	1	8	60	27	55	23	43	16	37	71	50	29	61	25	68	54	40	10	51	47	18	42	42	0	60	10	41	15	67	13	61	57	24	42	14	8	60	39	38	76	56	10	59	44	49	35	30	50	9	65	46	57	7	61	21	70	16	33	61	64	43	39	60	12	19	16	76	25	58	14	25	38	13	7	42	57	62	43	4	23	6	27	32	30	35	14	14	61	24	60	51	7	13	60	27	62	59	49	44	42	20	58	10	77	75	11	61	26	45	13	54	48	44	55	15	14	31	29	60	41	30	49	52	18	71	30	23	4	63	68	37	46	59	36	17	58	28	6	11	27	11	41	70	26	25	26	54	
65	43	11	39	62	65	4	36	9	41	41	44	25	20	38	45	3	36	10	8	38	58	36	18	43	31	42	60	0	71	22	46	13	50	20	3	36	24	55	55	21	54	36	21	28	64	2	46	44	30	56	50	57	10	32	36	66	30	50	23	50	60	37	29	21	22	0	58	47	62	18	37	41	58	36	53	48	67	38	6	34	25	63	37	60	55	57	38	38	48	48	8	53	56	59	65	58	16	48	19	30	14	19	26	49	41	58	18	20	71	17	34	57	52	7	52	56	5	55	64	45	35	1	22	45	29	31	46	10	38	61	64	7	15	51	27	16	53	43	30	46	54	68	34	55	53	10	50	47	37	26	
68	37	61	71	9	8	70	37	66	33	51	26	48	82	58	37	71	36	79	65	49	17	59	58	29	51	51	10	71	0	51	26	78	23	72	68	35	52	21	17	71	46	47	87	65	12	70	51	57	45	37	57	17	75	55	65	8	71	29	80	25	39	70	74	53	49	71	18	29	21	87	35	66	21	35	45	23	3	50	67	72	53	8	33	13	34	38	39	45	24	24	72	31	67	58	7	20	71	35	72	69	60	55	52	28	67	16	88	86	5	71	36	52	22	65	55	51	65	22	17	39	39	70	51	38	58	61	27	81	39	28	8	74	79	44	56	69	43	28	67	36	16	11	38	19	48	81	33	33	36	64	
67	34	11	48	42	44	24	14	23	28	21	26	17	40	21	36	24	21	32	15	35	41	20	21	27	29	40	41	22	51	0	29	34	33	35	20	20	3	40	37	35	48	32	43	19	42	21	26	26	7	47	50	40	31	34	24	47	41	37	42	35	51	46	42	2	3	22	36	33	47	40	23	28	43	16	47	28	47	18	17	44	24	42	19	42	45	48	15	32	27	32	27	41	59	58	45	43	32	38	35	40	19	3	5	36	48	37	40	42	52	20	18	54	36	19	51	53	18	33	48	23	12	22	18	36	14	36	25	33	16	49	44	23	35	45	10	18	46	27	21	23	34	50	20	38	48	32	40	24	15	17	
52	15	37	47	17	22	45	18	40	8	38	3	21	56	43	16	46	10	53	40	26	12	43	31	2	26	29	15	46	26	29	0	52	4	46	43	9	31	11	9	44	29	23	60	47	23	45	41	45	25	23	38	11	49	31	49	20	46	11	54	6	27	46	49	31	26	46	20	7	18	60	9	51	14	14	28	10	22	36	43	47	27	19	10	13	20	24	23	21	11	3	46	16	48	42	22	14	44	16	46	44	34	32	32	9	44	19	62	60	25	49	11	36	7	39	36	34	40	20	19	29	19	45	25	17	40	36	15	56	23	21	18	49	53	26	37	47	26	2	49	26	11	21	12	9	30	56	16	24	18	45	
60	46	23	31	69	73	10	46	12	46	54	51	30	7	51	47	10	42	5	21	37	63	49	20	49	31	40	67	13	78	34	52	0	55	12	14	43	36	60	61	14	52	36	8	41	73	15	59	57	41	57	47	63	3	30	50	72	22	53	11	55	60	29	20	33	33	13	67	51	66	8	43	54	62	45	52	57	74	51	19	25	26	70	45	65	57	57	49	39	56	54	6	55	50	56	73	63	10	50	11	22	18	31	38	53	34	67	12	8	77	30	41	55	57	14	49	54	16	65	69	57	45	13	26	47	42	27	56	8	49	64	70	18	2	50	40	29	52	50	43	57	62	73	40	60	51	12	53	58	46	39	
51	16	41	49	14	20	49	22	44	10	41	7	25	59	47	17	49	13	57	44	27	8	47	35	6	29	30	13	50	23	33	4	55	0	49	47	13	35	7	5	48	28	25	64	51	22	49	43	48	29	21	38	7	53	33	53	16	48	9	57	4	25	48	51	35	30	50	19	7	14	64	12	55	10	18	27	12	19	39	47	49	30	16	14	10	18	23	26	22	12	1	49	14	48	41	19	10	48	15	49	46	37	36	36	8	45	18	66	63	21	53	15	35	3	43	36	34	44	21	15	31	23	49	29	18	44	39	17	59	26	18	15	53	56	25	41	51	25	6	53	28	10	17	15	5	30	60	15	26	21	49	
48	37	26	19	63	68	16	44	13	39	56	46	25	11	55	38	16	36	16	25	26	55	53	15	43	21	29	61	20	72	35	46	12	49	0	19	38	38	52	54	2	41	26	17	47	68	22	61	60	41	46	35	55	12	19	55	65	10	45	8	47	49	17	9	35	33	20	63	43	57	20	36	59	54	42	41	52	68	53	25	13	18	65	41	58	47	47	48	29	52	47	12	46	38	44	68	55	3	41	1	10	16	33	40	45	22	63	24	16	70	37	37	43	50	17	37	42	20	61	60	57	43	19	21	37	46	15	52	20	49	54	64	27	11	39	43	36	41	44	49	56	56	65	34	53	40	23	43	56	44	45	
63	40	9	37	59	62	4	33	7	38	40	41	22	21	37	42	4	33	12	7	35	55	35	15	40	28	39	57	3	68	20	43	14	47	19	0	33	22	52	52	20	51	33	22	28	61	3	45	43	27	53	48	54	11	30	36	62	29	47	23	47	57	35	28	19	20	3	55	44	58	20	34	40	55	33	50	45	64	37	5	32	22	60	34	56	52	54	35	35	45	45	8	50	54	57	63	55	15	45	18	28	11	17	24	46	39	55	20	21	67	18	31	54	49	4	49	53	2	52	61	43	32	2	19	42	28	29	44	13	36	58	61	9	16	48	26	17	50	40	30	43	51	64	31	51	50	13	47	45	34	26	
53	16	27	43	26	30	35	13	31	8	33	8	13	47	37	18	36	2	43	31	23	22	37	23	7	21	27	24	36	35	20	9	43	13	38	33	0	22	20	19	37	31	19	51	39	30	35	36	39	17	28	37	21	40	26	42	29	39	17	46	15	32	41	42	22	17	36	25	13	27	51	4	45	23	8	30	14	31	30	33	41	19	27	4	23	26	29	18	18	14	12	36	22	47	43	30	23	36	19	38	37	24	23	23	16	40	25	53	51	34	40	2	38	16	30	36	36	30	24	28	26	13	35	16	19	32	31	16	46	19	29	27	39	44	28	29	38	29	7	41	24	19	31	4	18	32	46	21	23	12	36	
70	37	13	51	43	45	26	14	26	31	18	28	21	43	18	39	26	23	34	16	38	43	17	24	29	33	43	42	24	52	3	31	36	35	38	22	22	0	42	39	38	51	35	45	16	42	22	23	22	6	49	54	42	33	37	21	48	45	39	45	37	54	49	46	3	7	24	36	35	49	42	25	24	45	17	50	28	48	15	19	48	28	43	21	43	48	51	14	35	27	34	30	44	63	62	45	45	35	41	38	43	22	5	2	38	51	37	42	44	53	19	20	57	38	22	54	56	20	32	50	21	13	24	22	39	10	40	25	35	14	51	45	24	38	48	7	17	49	29	18	21	35	51	23	40	52	33	43	23	15	14	
48	16	47	50	15	22	54	29	48	13	48	14	30	63	54	16	55	19	61	50	28	4	54	39	13	31	29	14	55	21	40	11	60	7	52	52	20	42	0	6	50	25	26	68	58	24	54	51	55	36	16	36	5	57	34	60	13	50	7	60	5	20	48	53	42	37	55	24	8	7	69	18	62	3	25	24	18	19	46	53	50	34	18	21	8	13	18	33	23	19	8	54	10	46	37	21	3	51	13	53	48	42	43	43	7	45	22	71	67	18	60	22	31	4	48	34	30	49	26	8	38	30	54	33	17	51	40	23	64	34	11	14	59	60	23	48	58	22	13	60	35	14	13	21	3	27	65	12	33	28	56	
54	20	46	54	9	16	54	26	49	15	43	11	31	65	50	21	55	19	62	50	32	4	50	41	12	34	34	8	55	17	37	9	61	5	54	52	19	39	6	0	53	31	30	70	55	18	54	45	50	33	23	42	3	58	38	56	10	54	13	63	8	26	53	57	39	35	55	17	11	11	70	18	58	8	22	30	13	14	42	52	54	36	12	18	4	20	24	29	27	13	7	55	16	52	44	15	7	53	19	55	51	43	41	40	12	50	15	72	69	15	58	21	38	5	49	40	36	49	19	11	33	27	54	34	22	48	44	18	65	29	17	9	59	62	29	45	56	28	11	57	29	7	12	21	3	33	65	18	27	25	53	
46	35	27	17	62	67	17	44	13	37	56	45	24	13	55	36	18	35	18	26	25	54	54	15	42	19	27	60	21	71	35	44	14	48	2	20	37	38	50	53	0	39	25	18	48	67	23	61	61	41	45	33	54	13	17	56	64	8	43	9	46	47	15	8	35	33	21	62	42	55	22	35	60	53	42	39	52	67	53	26	12	17	64	40	57	45	45	48	27	51	46	13	45	36	42	67	53	5	40	3	8	16	33	40	43	20	62	26	18	68	39	36	41	49	18	35	40	21	61	59	57	43	21	20	35	46	13	52	22	49	53	63	29	13	37	43	37	39	43	50	56	55	64	33	51	38	25	42	56	44	46	
23	15	50	31	40	47	51	45	45	23	65	32	31	52	68	13	52	29	56	53	16	29	68	36	28	23	12	39	54	46	48	29	52	28	41	51	31	51	25	31	39	0	18	58	68	49	54	68	71	48	9	12	30	51	22	73	38	35	18	48	24	9	30	38	50	45	54	48	22	25	61	27	76	25	40	1	40	44	62	54	33	29	43	35	33	12	8	50	16	40	28	49	15	21	12	46	26	42	13	42	33	40	50	53	20	25	46	65	58	41	65	33	6	26	47	9	5	49	49	29	57	45	53	32	12	62	26	44	60	50	18	39	60	52	3	59	63	3	29	70	55	38	35	29	28	2	62	13	53	44	65	
35	10	32	24	39	45	33	32	27	15	50	25	14	37	53	11	34	17	39	34	3	30	52	18	21	5	8	38	36	47	32	23	36	25	26	33	19	35	26	30	25	18	0	43	51	46	36	54	56	33	20	19	30	34	8	56	40	23	19	34	22	24	22	27	33	28	36	43	18	31	45	16	60	28	27	17	33	44	47	36	24	11	42	23	34	21	21	37	2	33	24	31	20	28	26	45	29	26	15	27	21	22	33	37	19	21	42	48	42	44	47	20	22	25	29	19	21	31	43	34	45	31	35	14	10	46	13	35	42	38	28	39	42	36	15	42	45	17	22	53	43	34	40	15	28	17	44	17	42	31	48	
63	53	31	33	77	82	18	55	21	54	62	60	38	6	59	54	18	50	11	29	43	71	57	29	58	38	46	76	21	87	43	60	8	64	17	22	51	45	68	70	18	58	43	0	49	81	23	67	65	49	63	51	71	12	36	57	80	25	61	11	63	66	32	22	42	42	21	76	59	73	5	51	61	70	54	58	66	83	59	27	28	34	79	54	74	64	64	57	46	65	62	15	63	53	60	82	71	16	58	16	26	27	40	47	61	38	76	10	1	85	36	50	60	65	23	53	59	25	73	77	66	54	21	35	54	50	32	65	12	58	71	79	25	7	56	48	36	58	58	50	66	71	81	48	68	57	16	60	67	55	47	
86	53	21	64	57	58	32	29	34	47	18	44	36	49	11	56	32	40	38	21	54	59	9	37	45	48	59	56	28	65	19	47	41	51	47	28	39	16	58	55	48	68	51	49	0	55	26	22	17	22	66	70	58	39	52	8	63	56	56	52	53	71	62	56	17	23	28	48	52	65	45	42	12	61	33	67	43	62	17	23	59	42	57	37	59	64	68	26	51	42	50	37	61	77	77	58	61	44	58	47	55	34	18	15	55	65	50	43	48	67	13	37	73	54	30	70	72	27	44	66	28	28	29	37	56	7	53	38	37	26	68	60	24	44	64	10	13	66	45	2	30	50	67	40	56	68	34	59	33	30	2	
72	38	53	71	10	4	64	28	60	31	39	22	43	77	46	39	65	31	73	57	49	21	48	53	25	50	52	10	64	12	42	23	73	22	68	61	30	42	24	18	67	49	46	81	55	0	62	39	45	36	41	60	19	70	54	53	15	69	31	76	26	44	69	72	44	41	64	6	29	27	81	31	54	25	27	48	15	10	38	60	70	50	7	27	17	38	42	29	44	16	23	66	34	70	62	5	24	66	37	68	67	54	46	42	30	67	5	82	81	17	62	31	56	23	58	58	55	58	10	24	27	30	63	47	40	48	60	17	75	28	34	12	66	74	47	46	60	46	25	56	24	12	20	34	21	51	74	36	21	27	53	
66	43	9	40	61	64	5	34	10	41	39	43	24	22	36	45	5	35	12	6	38	57	34	18	42	31	42	59	2	70	21	45	15	49	22	3	35	22	54	54	23	54	36	23	26	62	0	44	42	28	56	51	56	12	33	34	65	31	49	25	49	60	38	31	20	21	2	56	46	61	19	36	39	57	35	53	47	66	36	4	35	25	62	36	59	55	57	36	38	46	47	10	52	57	60	64	57	18	48	21	31	14	17	24	49	42	57	19	22	69	15	33	58	51	7	52	56	5	53	63	43	33	2	22	45	27	32	45	12	37	61	62	6	17	51	25	14	53	42	28	44	53	67	33	54	53	11	50	45	35	24	
89	53	36	74	44	43	49	23	49	45	5	37	42	66	10	55	49	38	56	38	58	50	12	47	40	54	63	44	46	51	26	41	59	43	61	45	36	23	51	45	61	68	54	67	22	39	44	0	6	21	64	73	48	56	59	17	51	68	52	68	47	68	72	69	26	29	46	33	47	57	64	41	16	53	28	67	32	48	8	40	70	49	43	33	48	61	65	18	54	31	43	53	57	83	80	44	53	58	55	61	66	45	28	21	50	73	35	63	66	54	34	35	75	47	45	73	73	43	29	56	12	23	46	44	55	18	62	27	56	17	62	48	43	61	65	19	33	65	40	22	15	38	55	39	47	69	53	56	18	24	22	
92	56	34	74	50	49	47	26	47	48	6	41	43	64	6	58	47	41	54	36	60	55	8	47	44	55	65	49	44	57	26	45	57	48	60	43	39	22	55	50	61	71	56	65	17	45	42	6	0	23	67	75	53	54	60	11	56	68	56	66	51	72	72	68	25	29	44	39	51	62	61	44	9	58	31	70	37	54	9	38	70	50	49	36	53	65	69	21	56	36	47	51	61	85	82	50	57	57	59	60	66	45	27	20	54	74	41	59	64	60	30	38	77	51	43	75	76	41	35	61	18	26	44	44	58	15	63	32	53	21	66	53	40	59	68	17	29	68	43	17	21	44	61	42	52	72	50	60	24	27	18	
68	33	18	52	36	38	31	7	29	26	17	22	20	47	20	35	31	19	39	22	37	37	19	26	23	32	41	35	30	45	7	25	41	29	41	27	17	6	36	33	41	48	33	49	22	36	28	21	23	0	45	52	36	37	37	25	41	46	34	48	31	50	50	48	8	8	30	29	30	43	47	21	27	39	11	47	22	41	14	25	49	27	36	15	37	43	46	8	33	21	28	34	39	61	59	38	39	38	37	41	44	25	10	7	33	51	30	48	49	46	26	15	54	32	26	52	53	25	26	44	16	6	29	22	36	15	40	18	40	8	46	39	30	42	45	12	24	46	23	24	16	29	45	19	34	49	39	38	17	8	20	
31	13	51	39	31	38	53	41	47	19	61	26	32	58	65	11	54	26	60	54	20	20	65	38	23	26	18	30	56	37	47	23	57	21	46	53	28	49	16	23	45	9	20	63	66	41	56	64	67	45	0	21	21	55	27	70	29	42	12	54	17	4	38	45	49	43	56	40	16	16	66	24	73	16	36	8	33	35	58	56	41	31	34	31	24	3	1	45	18	34	21	52	7	30	21	37	17	47	8	47	40	42	49	51	13	33	39	69	63	32	65	29	15	19	49	18	14	51	42	20	52	41	55	34	11	60	32	38	63	46	9	30	62	57	8	57	63	6	24	68	49	30	26	26	20	11	65	7	47	40	64	
16	22	50	20	51	58	47	50	41	30	69	40	33	45	72	21	48	35	51	51	15	40	71	34	36	21	10	50	50	57	50	38	47	38	35	48	37	54	36	42	33	12	19	51	70	60	51	73	75	52	21	0	41	46	18	75	49	26	29	40	34	21	20	30	52	47	50	57	31	37	55	33	79	36	46	12	48	55	66	52	24	27	54	41	44	23	20	55	19	49	37	44	26	10	9	57	37	37	23	36	25	38	52	56	30	14	56	59	51	53	64	38	9	37	44	2	9	47	58	41	64	50	50	33	20	65	20	52	55	56	31	50	57	46	13	61	63	14	37	72	61	48	47	34	39	9	57	24	60	50	67	
52	20	49	54	10	17	56	29	51	16	47	14	33	66	53	20	57	21	64	52	32	1	53	42	14	35	34	9	57	17	40	11	63	7	55	54	21	42	5	3	54	30	30	71	58	19	56	48	53	36	21	41	0	60	38	59	9	54	12	64	8	24	53	57	42	38	57	20	12	8	72	20	61	5	25	29	16	14	45	55	55	37	13	21	3	18	22	32	28	17	8	57	15	51	42	16	5	55	18	56	52	45	43	43	11	50	18	74	70	14	61	23	36	5	51	39	35	51	22	8	36	30	56	36	21	51	44	21	67	32	15	9	61	63	28	48	59	27	13	60	33	10	10	23	2	32	67	17	30	28	56	
59	43	20	31	66	70	7	43	9	43	51	48	27	10	48	45	7	39	5	18	35	60	46	18	46	29	39	65	10	75	31	49	3	53	12	11	40	33	57	58	13	51	34	12	39	70	12	56	54	37	55	46	60	0	29	47	69	22	51	13	52	58	29	20	30	30	10	64	49	63	11	40	51	60	42	50	54	72	48	16	25	24	67	42	63	55	56	45	37	53	51	3	53	50	55	70	60	9	48	11	22	15	28	35	51	34	64	13	11	74	27	38	54	55	11	48	53	13	61	66	54	42	10	24	44	39	26	53	9	46	62	67	16	5	48	37	26	50	47	40	54	59	70	37	57	50	11	51	55	43	36	
34	18	31	17	47	53	29	37	23	23	54	32	17	30	55	19	30	24	34	33	7	38	54	15	28	5	10	46	32	55	34	31	30	33	19	30	26	37	34	38	17	22	8	36	52	54	33	59	60	37	27	18	38	29	0	58	48	15	27	27	30	30	15	19	35	30	32	50	26	38	39	23	62	36	33	21	40	52	51	34	16	9	49	30	42	28	27	42	10	40	31	27	27	25	27	53	37	20	22	20	13	19	34	40	27	14	49	42	36	53	46	26	25	33	26	19	24	28	50	42	50	36	31	15	18	48	5	42	38	43	35	47	39	30	19	44	44	22	29	54	49	42	48	22	36	21	40	24	48	37	49	
92	58	29	71	58	57	40	30	42	51	14	46	42	57	7	60	40	44	46	29	60	60	6	44	48	54	65	57	36	65	24	49	50	53	55	36	42	21	60	56	56	73	56	57	8	53	34	17	11	25	70	75	59	47	58	0	64	64	59	60	56	75	69	64	23	28	36	47	55	67	53	46	4	63	35	71	44	62	15	31	67	48	57	40	60	68	72	27	57	43	52	44	64	84	83	58	63	52	62	55	62	41	24	19	58	72	49	51	56	68	21	40	79	56	38	76	77	35	43	67	26	30	37	43	60	10	60	39	45	27	71	61	32	52	69	14	21	70	48	7	29	51	68	44	58	73	42	63	32	31	10	
60	29	56	64	6	11	65	34	60	26	50	21	41	75	57	30	66	30	73	60	42	9	58	51	22	44	43	7	66	8	47	20	72	16	65	62	29	48	13	10	64	38	40	80	63	15	65	51	56	41	29	49	9	69	48	64	0	64	21	73	18	31	62	67	49	45	66	18	21	13	80	29	65	13	31	37	20	6	49	63	64	46	8	28	6	26	30	37	37	21	17	66	23	59	50	10	12	64	27	65	61	54	50	49	21	59	16	82	79	5	68	31	44	15	59	47	43	60	22	9	38	35	65	45	31	56	54	25	76	37	20	3	69	72	36	53	66	35	22	65	35	13	5	32	12	40	76	25	32	33	61	
38	34	34	8	63	69	26	49	22	38	63	47	28	19	62	34	27	38	26	35	22	54	61	20	43	19	23	61	30	71	41	46	22	48	10	29	39	45	50	54	8	35	23	25	56	69	31	68	68	46	42	26	54	22	15	64	64	0	43	14	46	44	7	3	42	39	30	65	42	54	29	37	68	52	46	34	54	68	60	34	3	20	65	43	57	43	42	53	26	54	47	22	43	28	35	68	53	13	38	11	2	22	40	47	43	13	64	33	25	68	47	39	35	49	26	29	35	29	64	58	62	48	29	25	34	54	10	55	31	54	50	63	37	20	33	51	46	36	44	58	61	57	63	35	51	33	34	40	61	49	53	
42	8	43	42	22	29	48	29	42	9	49	14	25	56	54	8	49	16	55	46	20	11	54	33	11	24	21	21	50	29	37	11	53	9	45	47	17	39	7	13	43	18	19	61	56	31	49	52	56	34	12	29	12	51	27	59	21	43	0	53	5	16	41	46	39	34	50	29	4	12	62	14	62	9	24	17	21	26	47	48	43	27	25	19	15	9	13	34	16	22	9	48	5	39	31	28	10	45	6	46	40	36	40	41	1	37	27	65	61	25	57	19	25	8	43	27	24	44	30	15	40	29	49	27	9	50	33	26	59	34	12	21	55	54	16	46	55	15	12	58	37	19	20	17	10	20	59	5	35	28	54	
52	45	32	22	71	77	19	52	19	47	63	54	33	5	60	46	20	45	16	30	34	64	59	23	51	29	36	70	23	80	42	54	11	57	8	23	46	45	60	63	9	48	34	11	52	76	25	68	66	48	54	40	64	13	27	60	73	14	53	0	55	57	21	11	42	40	23	71	52	65	15	45	64	62	50	48	61	77	60	29	17	27	73	49	67	55	55	55	37	60	56	15	54	42	49	76	63	10	49	8	15	23	40	47	53	27	71	20	11	78	41	45	49	58	23	43	49	25	70	69	64	51	23	29	45	51	22	61	19	56	63	72	30	9	46	49	40	49	52	54	64	65	74	43	61	47	23	52	64	52	50	
47	12	42	46	17	24	48	25	43	8	45	10	25	58	50	13	49	14	56	45	24	8	50	34	8	26	26	16	50	25	35	6	55	4	47	47	15	37	5	8	46	24	22	63	53	26	49	47	51	31	17	34	8	52	30	56	18	46	5	55	0	21	44	49	37	32	50	24	3	12	63	12	58	8	20	23	16	22	42	48	46	29	20	16	11	14	18	29	19	17	4	49	10	44	37	23	8	46	11	48	43	37	38	38	4	42	22	66	62	22	55	17	31	3	43	32	29	44	25	14	35	26	49	28	14	46	36	21	59	30	14	17	54	55	21	43	53	21	8	55	32	14	18	15	5	25	59	10	30	24	51	
29	17	55	40	34	41	57	45	51	23	65	31	36	60	69	15	58	30	63	58	23	23	69	42	27	29	20	33	60	39	51	27	60	25	49	57	32	54	20	26	47	9	24	66	71	44	60	68	72	50	4	21	24	58	30	75	31	44	16	57	21	0	39	47	53	48	60	44	20	18	69	28	77	18	40	9	37	37	62	60	42	35	37	35	27	7	3	50	22	38	25	56	11	29	19	40	19	50	13	50	42	46	53	56	17	34	42	72	66	34	69	34	13	23	53	18	12	55	46	22	56	45	59	38	15	65	34	42	67	50	11	32	66	60	10	61	67	8	28	73	53	34	28	31	23	11	68	11	51	44	68	
31	32	40	2	62	68	33	51	28	38	67	47	30	26	67	32	33	39	34	41	20	52	66	25	43	20	20	61	37	70	46	46	29	48	17	35	41	49	48	53	15	30	22	32	62	69	38	72	72	50	38	20	53	29	15	69	62	7	41	21	44	39	0	10	46	43	37	65	41	52	36	38	73	50	48	30	55	67	64	41	4	22	64	45	56	39	38	56	25	55	46	29	40	21	28	68	51	20	35	18	7	28	45	51	41	6	64	40	32	67	53	41	29	48	32	23	29	35	65	56	65	50	36	28	31	59	10	57	38	57	47	62	44	27	29	55	52	31	44	64	63	57	61	37	50	28	41	37	63	51	59	
41	37	35	11	66	72	25	51	21	41	64	49	30	16	63	38	26	40	25	34	26	57	62	22	46	22	27	64	29	74	42	49	20	51	9	28	42	46	53	57	8	38	27	22	56	72	31	69	68	48	45	30	57	20	19	64	67	3	46	11	49	47	10	0	43	40	29	67	45	58	26	40	68	55	48	38	57	71	61	34	6	22	68	46	61	46	45	55	30	57	50	21	46	31	38	71	56	12	41	9	5	23	41	48	46	16	67	30	22	72	47	41	39	52	26	32	38	29	66	61	64	50	29	27	37	54	13	58	29	56	54	66	36	18	37	51	45	39	47	58	63	60	67	38	55	37	32	43	63	51	54	
68	36	10	49	44	46	23	15	23	30	21	28	19	40	20	38	24	23	31	13	37	43	19	21	29	31	42	43	21	53	2	31	33	35	35	19	22	3	42	39	35	50	33	42	17	44	20	26	25	8	49	52	42	30	35	23	49	42	39	42	37	53	46	43	0	5	21	37	35	49	39	25	26	45	18	49	29	49	18	16	45	25	44	21	44	47	50	16	34	29	34	27	43	60	60	47	45	32	40	35	40	19	2	5	38	49	38	39	41	54	18	20	56	38	19	52	54	17	34	50	23	14	21	19	38	12	37	26	32	17	51	46	21	35	46	9	16	48	29	20	24	36	52	22	40	50	31	42	25	16	15	
63	30	12	45	40	43	23	13	21	25	24	24	14	39	25	32	24	18	32	15	31	38	24	18	24	26	36	39	22	49	3	26	33	30	33	20	17	7	37	35	33	45	28	42	23	41	21	29	29	8	43	47	38	30	30	28	45	39	34	40	32	48	43	40	5	0	22	35	30	44	40	20	31	40	14	43	26	46	21	18	41	21	41	16	39	41	44	15	28	25	29	26	38	55	55	43	40	30	35	33	37	17	6	9	33	44	36	40	41	50	23	15	50	33	18	47	49	17	32	45	24	12	22	15	33	17	33	24	33	16	46	42	24	34	41	14	21	42	24	25	24	33	48	17	35	45	32	36	25	14	20	
65	43	11	39	62	65	4	36	9	41	41	44	25	20	38	45	3	36	10	8	38	58	36	18	43	31	42	60	0	71	22	46	13	50	20	3	36	24	55	55	21	54	36	21	28	64	2	46	44	30	56	50	57	10	32	36	66	30	50	23	50	60	37	29	21	22	0	58	47	62	18	37	41	58	36	53	48	67	38	6	34	25	63	37	60	55	57	38	38	48	48	8	53	56	59	65	58	16	48	19	30	14	19	26	49	41	58	18	20	71	17	34	57	52	7	52	56	5	55	64	45	35	1	22	45	29	31	46	10	38	61	64	7	15	51	27	16	53	43	30	46	54	68	34	55	53	10	50	47	37	26	
71	35	47	67	12	10	58	22	54	28	33	18	38	72	40	36	59	26	67	50	46	21	41	47	22	45	49	12	58	18	36	20	67	19	63	55	25	36	24	17	62	48	43	76	48	6	56	33	39	29	40	57	20	64	50	47	18	65	29	71	24	44	65	67	37	35	58	0	26	28	75	27	48	25	21	47	10	15	32	53	66	45	10	21	18	37	42	22	41	10	20	60	33	68	61	11	25	61	35	63	62	48	39	35	28	64	2	75	75	21	55	26	55	21	52	56	53	52	4	26	21	23	57	41	37	41	55	11	68	21	35	15	59	68	45	39	53	45	21	50	18	9	23	29	20	50	67	34	15	21	47	
45	9	39	43	20	27	45	25	40	5	44	10	21	54	49	10	46	12	53	42	20	12	49	31	7	23	23	19	47	29	33	7	51	7	43	44	13	35	8	11	42	22	18	59	52	29	46	47	51	30	16	31	12	49	26	55	21	42	4	52	3	20	41	45	35	30	47	26	0	14	60	10	57	11	20	21	17	26	42	45	42	25	23	15	15	13	17	29	16	18	6	45	9	41	34	26	11	43	8	44	40	34	36	36	3	38	25	62	59	26	53	15	29	6	40	29	27	41	27	17	36	25	46	25	11	45	32	22	56	30	16	21	51	52	19	42	51	19	7	54	33	17	21	13	9	23	56	9	31	24	49	
47	20	54	53	17	23	60	36	55	20	55	21	36	68	61	19	61	26	68	57	32	7	61	45	20	36	32	16	62	21	47	18	66	14	57	58	27	49	7	11	55	25	31	73	65	27	61	57	62	43	16	37	8	63	38	67	13	54	12	65	12	18	52	58	49	44	62	28	14	0	74	24	69	4	32	24	24	19	53	60	54	39	20	28	10	13	17	40	28	25	15	60	11	46	37	22	4	57	16	58	52	48	50	50	12	48	26	77	73	16	67	29	31	11	55	34	30	56	31	4	44	37	61	39	20	58	44	29	71	40	7	14	66	66	24	55	65	22	20	67	41	19	10	27	9	27	71	14	38	35	63	
67	55	29	37	77	82	16	53	20	55	59	60	39	10	55	56	16	50	8	26	46	72	53	29	58	39	49	76	18	87	40	60	8	64	20	20	51	42	69	70	22	61	45	5	45	81	19	64	61	47	66	55	72	11	39	53	80	29	62	15	63	69	36	26	39	40	18	75	60	74	0	51	57	71	53	60	65	83	56	23	32	35	79	53	74	66	66	55	47	64	63	14	64	57	64	82	72	18	59	19	30	26	37	44	62	42	75	4	5	85	32	50	63	66	22	57	62	22	72	77	63	52	18	35	55	46	35	63	8	56	73	79	21	9	59	44	32	61	58	46	63	70	82	48	69	60	11	62	65	54	43	
49	12	29	40	26	31	36	17	31	5	37	9	12	46	41	14	37	2	44	32	19	20	41	22	6	18	23	25	37	35	23	9	43	12	36	34	4	25	18	18	35	27	16	51	42	31	36	41	44	21	24	33	20	40	23	46	29	37	14	45	12	28	38	40	25	20	37	27	10	24	51	0	49	20	12	26	17	32	34	35	38	18	28	8	22	22	25	22	14	17	11	37	18	43	39	31	21	35	15	37	35	25	26	27	13	37	26	53	50	34	43	5	33	14	30	32	32	31	27	26	30	17	36	16	14	36	28	19	47	23	26	27	41	43	24	32	41	24	7	44	28	20	30	3	17	28	47	17	26	17	40	
95	61	33	75	59	58	44	32	46	54	15	48	45	61	8	63	44	47	50	33	63	62	8	48	50	58	68	58	41	66	28	51	54	55	59	40	45	24	62	58	60	76	60	61	12	54	39	16	9	27	73	79	61	51	62	4	65	68	62	64	58	77	73	68	26	31	41	48	57	69	57	49	0	65	37	74	45	63	16	35	71	52	58	42	61	71	74	28	60	44	54	49	67	87	86	59	65	56	64	59	66	45	27	22	60	75	50	55	60	69	25	43	82	58	42	79	80	39	44	69	27	32	41	46	63	14	64	40	49	28	73	62	36	56	72	17	25	73	50	11	30	52	69	47	59	76	46	66	33	33	14	
47	17	50	51	15	22	56	32	51	16	51	17	33	65	57	17	57	22	64	53	29	4	57	42	16	33	30	14	58	21	43	14	62	10	54	55	23	45	3	8	53	25	28	70	61	25	57	53	58	39	16	36	5	60	36	63	13	52	9	62	8	18	50	55	45	40	58	25	11	4	71	20	65	0	28	24	21	19	49	56	52	36	18	24	8	13	17	36	25	21	11	56	10	46	37	21	1	54	14	55	50	45	46	46	9	46	23	73	70	17	63	25	31	7	51	34	30	52	28	6	41	33	57	36	18	54	42	26	67	37	9	14	62	63	23	51	61	22	16	63	38	16	11	24	5	27	68	12	35	31	59	
61	24	26	50	26	29	37	5	33	17	25	11	18	50	29	26	37	10	45	30	31	26	29	27	13	28	35	25	36	35	16	14	45	18	42	33	8	17	25	22	42	40	27	54	33	27	35	28	31	11	36	46	25	42	33	35	31	46	24	50	20	40	48	48	18	14	36	21	20	32	53	12	37	28	0	38	12	31	22	32	48	26	26	5	26	33	37	9	26	11	17	39	29	55	52	29	28	40	27	43	44	27	19	18	23	48	21	54	53	36	36	7	46	21	31	45	45	31	19	33	17	5	36	21	27	26	38	10	47	10	35	28	38	47	36	23	34	37	12	35	15	18	34	12	23	41	46	28	15	4	31	
24	14	49	31	39	46	50	43	44	22	63	31	30	52	67	12	51	28	55	51	15	28	66	35	27	22	11	38	53	45	47	28	52	27	41	50	30	50	24	30	39	1	17	58	67	48	53	67	70	47	8	12	29	50	21	71	37	34	17	48	23	9	30	38	49	43	53	47	21	24	60	26	74	24	38	0	38	43	60	53	33	28	42	33	32	11	8	48	15	39	26	48	14	22	13	45	25	42	12	42	33	39	49	52	18	25	45	64	57	40	64	31	8	25	46	10	6	48	48	28	56	43	52	31	11	61	26	43	59	49	18	38	59	51	2	57	62	2	28	69	53	37	34	27	27	3	61	12	51	43	64	
63	25	38	57	14	17	48	14	45	18	31	8	27	61	37	27	49	16	57	42	36	17	38	37	12	35	39	13	48	23	28	10	57	12	52	45	14	28	18	13	52	40	33	66	43	15	47	32	37	22	33	48	16	54	40	44	20	54	21	61	16	37	55	57	29	26	48	10	17	24	65	17	45	21	12	38	0	19	29	45	55	34	14	11	16	30	35	17	31	1	12	50	26	58	52	17	20	51	26	53	52	38	31	29	20	54	10	66	65	24	48	15	46	14	43	47	45	43	10	24	20	15	48	31	28	36	45	5	59	17	30	17	51	58	37	33	46	37	11	45	17	7	24	18	15	41	58	26	14	13	41	
66	34	57	68	5	5	67	34	62	30	48	23	44	78	55	35	68	32	75	61	46	15	56	54	25	48	48	7	67	3	47	22	74	19	68	64	31	48	19	14	67	44	44	83	62	10	66	48	54	41	35	55	14	72	52	62	6	68	26	77	22	37	67	71	49	46	67	15	26	19	83	32	63	19	31	43	19	0	47	64	68	50	5	30	11	32	36	35	42	20	21	68	29	65	56	4	18	67	32	69	66	56	51	48	25	64	13	85	82	6	68	33	50	19	61	53	49	62	19	15	36	35	67	48	36	55	58	23	78	35	26	5	70	75	42	52	66	41	24	64	33	13	10	34	16	46	77	31	30	33	60	
82	46	28	66	43	42	41	17	41	39	3	32	34	58	8	49	41	32	48	30	51	46	9	39	35	46	56	42	38	50	18	36	51	39	53	37	30	15	46	42	53	62	47	59	17	38	36	8	9	14	58	66	45	48	51	15	49	60	47	60	42	62	64	61	18	21	38	32	42	53	56	34	16	49	22	60	29	47	0	32	62	42	42	27	45	56	59	13	47	28	39	45	51	76	73	43	49	50	50	53	58	37	20	13	45	65	34	55	58	53	28	29	68	42	37	66	67	35	28	53	11	17	38	36	49	11	54	24	48	12	57	46	36	53	58	11	26	59	34	18	14	36	53	33	43	62	46	51	17	18	16	
68	43	6	43	58	62	9	31	12	40	35	41	24	26	32	45	9	33	16	2	39	55	30	18	40	32	43	57	6	67	17	43	19	47	25	5	33	19	53	52	26	54	36	27	23	60	4	40	38	25	56	52	55	16	34	31	63	34	48	29	48	60	41	34	16	18	6	53	45	60	23	35	35	56	32	53	45	64	32	0	38	25	59	34	57	55	57	33	38	44	46	13	52	59	61	62	56	21	48	24	33	14	14	20	48	45	54	23	26	68	12	31	58	49	8	54	57	5	50	62	40	30	6	22	45	23	34	42	16	33	60	60	6	21	51	21	11	53	41	24	40	51	65	32	52	54	14	50	42	32	20	
35	34	38	5	63	69	29	51	25	39	66	48	30	22	65	34	30	39	30	38	22	54	64	23	44	20	22	62	34	72	44	47	25	49	13	32	41	48	50	54	12	33	24	28	59	70	35	70	70	49	41	24	55	25	16	67	64	3	43	17	46	42	4	6	45	41	34	66	42	54	32	38	71	52	48	33	55	68	62	38	0	22	66	45	58	42	41	55	26	55	48	25	42	25	32	69	53	17	38	14	4	25	43	50	43	10	65	36	28	68	50	41	33	49	29	26	33	32	65	58	64	50	33	27	33	57	10	57	34	56	50	63	41	24	32	54	49	34	45	61	63	58	63	37	52	31	37	40	63	51	57	
43	19	22	24	44	50	22	29	16	20	45	27	8	29	46	21	23	18	28	24	13	37	45	7	24	6	18	43	25	53	24	27	26	30	18	22	19	28	34	36	17	29	11	34	42	50	25	49	50	27	31	27	37	24	9	48	46	20	27	27	29	35	22	22	25	21	25	45	25	39	35	18	52	36	26	28	34	50	42	25	22	0	46	23	40	31	32	33	13	34	29	21	29	35	36	49	37	17	24	19	18	11	24	30	27	23	44	38	33	51	37	19	33	31	18	28	32	20	44	42	42	28	24	5	20	38	12	35	32	34	38	45	31	26	26	34	35	28	25	44	41	38	47	16	34	28	33	26	41	29	39	
66	32	53	66	3	4	62	29	58	26	43	19	40	75	50	33	63	28	71	56	44	14	51	50	21	45	46	4	63	8	42	19	70	16	65	60	27	43	18	12	64	43	42	79	57	7	62	43	49	36	34	54	13	67	49	57	8	65	25	73	20	37	64	68	44	41	63	10	23	20	79	28	58	18	26	42	14	5	42	59	66	46	0	25	10	31	35	30	39	15	18	64	28	64	55	3	17	63	31	65	63	52	46	43	24	62	8	80	78	11	63	29	49	17	57	52	48	57	14	17	31	30	62	44	34	50	55	18	73	30	27	5	65	71	41	47	61	40	21	59	28	8	13	30	15	45	73	30	25	28	55	
57	19	28	47	24	28	37	10	33	12	30	7	16	50	34	21	38	6	45	31	27	22	34	25	8	25	31	23	37	33	19	10	45	14	41	34	4	21	21	18	40	35	23	54	37	27	36	33	36	15	31	41	21	42	30	40	28	43	19	49	16	35	45	46	21	16	37	21	15	28	53	8	42	24	5	33	11	30	27	34	45	23	25	0	23	28	32	14	22	11	13	39	24	51	47	28	24	39	22	41	41	27	22	22	18	44	21	55	53	33	39	4	41	17	31	40	40	32	20	29	22	10	37	19	22	30	35	12	48	15	31	26	40	46	31	27	37	32	8	39	20	17	31	8	19	36	47	23	18	9	35	
55	23	51	57	7	14	59	30	54	19	47	15	35	69	53	24	59	23	67	54	35	4	54	45	16	38	37	6	60	13	42	13	65	10	58	56	23	43	8	4	57	33	34	74	59	17	59	48	53	37	24	44	3	63	42	60	6	57	15	67	11	27	56	61	44	39	60	18	15	10	74	22	61	8	26	32	16	11	45	57	58	40	10	23	0	21	25	33	31	17	11	59	18	54	45	13	7	58	21	59	55	47	45	44	14	53	16	76	73	11	62	25	39	8	53	42	38	54	21	8	36	31	59	39	25	52	47	21	69	33	17	6	63	66	31	49	60	30	16	61	32	9	8	25	5	35	69	20	30	29	57	
34	12	50	40	28	35	53	38	47	17	58	24	31	58	63	10	54	24	60	53	20	17	63	38	20	26	19	27	55	34	45	20	57	18	47	52	26	48	13	20	45	12	21	64	64	38	55	61	65	43	3	23	18	55	28	68	26	43	9	55	14	7	39	46	47	41	55	37	13	13	66	22	71	13	33	11	30	32	56	55	42	31	31	28	21	0	4	43	18	31	18	52	4	33	24	34	14	47	7	48	41	41	47	49	10	35	35	69	63	29	64	27	18	16	48	21	17	50	39	17	49	38	54	33	10	58	33	35	63	43	7	27	61	57	10	55	62	9	21	67	46	27	23	24	17	14	64	5	44	37	62	
30	14	52	38	32	39	54	42	48	20	62	28	33	58	66	12	55	27	60	55	20	21	66	39	24	26	18	32	57	38	48	24	57	23	47	54	29	51	18	24	45	8	21	64	68	42	57	65	69	46	1	20	22	56	27	72	30	42	13	55	18	3	38	45	50	44	57	42	17	17	66	25	74	17	37	8	35	36	59	57	41	32	35	32	25	4	0	47	19	35	22	53	8	29	20	38	18	48	9	48	40	43	50	52	14	33	40	69	64	33	66	31	14	20	50	18	13	52	43	21	53	42	56	35	12	61	32	39	64	47	10	31	63	57	8	58	64	6	25	70	50	32	27	27	21	10	65	8	48	41	65	
71	34	26	58	31	31	39	5	37	26	15	19	25	55	20	36	39	20	47	30	40	33	21	33	22	37	45	30	38	39	15	23	49	26	48	35	18	14	33	29	48	50	37	57	26	29	36	18	21	8	45	55	32	45	42	27	37	53	34	55	29	50	56	55	16	15	38	22	29	40	55	22	28	36	9	48	17	35	13	33	55	33	30	14	33	43	47	0	36	16	26	42	39	65	61	32	36	45	37	48	51	32	18	13	32	56	23	56	57	41	33	17	56	29	34	55	55	33	18	40	9	5	37	28	37	19	46	12	48	1	44	34	38	50	46	17	31	47	21	28	8	24	41	21	31	50	47	38	9	5	25	
35	7	33	26	37	43	35	31	29	13	50	23	15	40	53	8	36	16	41	36	5	27	52	20	19	8	8	35	38	45	32	21	39	22	29	35	18	35	23	27	27	16	2	46	51	44	38	54	56	33	18	19	28	37	10	57	37	26	16	37	19	22	25	30	34	28	38	41	16	28	47	14	60	25	26	15	31	42	47	38	26	13	39	22	31	18	19	36	0	31	21	34	17	29	26	42	26	29	12	30	24	24	34	37	16	23	40	50	45	42	48	19	21	22	31	19	20	33	41	31	44	31	37	16	8	46	16	33	45	37	25	37	44	38	13	43	46	15	20	54	42	32	37	14	25	16	46	14	41	30	49	
63	26	37	57	15	17	48	13	44	18	30	8	27	61	36	27	48	16	56	41	36	18	37	37	12	35	39	14	48	24	27	11	56	12	52	45	14	27	19	13	51	40	33	65	42	16	46	31	36	21	34	49	17	53	40	43	21	54	22	60	17	38	55	57	29	25	48	10	18	25	64	17	44	21	11	39	1	20	28	44	55	34	15	11	17	31	35	16	31	0	12	50	27	59	53	18	21	50	27	52	52	38	30	28	20	54	10	65	64	25	47	15	47	15	42	47	46	42	10	25	19	14	47	30	28	35	45	4	58	16	30	18	50	57	37	32	45	37	11	44	16	8	25	18	16	42	58	27	13	12	40	
51	15	40	48	15	21	47	21	42	8	41	6	24	58	46	16	48	12	55	43	26	9	46	33	5	27	29	14	48	24	32	3	54	1	47	45	12	34	8	7	46	28	24	62	50	23	47	43	47	28	21	37	8	51	31	52	17	47	9	56	4	25	46	50	34	29	48	20	6	15	63	11	54	11	17	26	12	21	39	46	48	29	18	13	11	18	22	26	21	12	0	48	14	47	40	21	11	46	14	48	45	36	35	35	8	44	19	65	62	22	52	14	34	4	42	35	33	42	21	16	31	22	47	27	17	43	37	16	58	26	18	16	52	55	25	40	50	25	5	52	28	11	19	14	6	29	58	14	26	20	48	
58	40	17	31	62	67	4	39	5	40	48	45	24	13	45	42	5	36	7	15	33	57	43	14	43	26	37	61	8	72	27	46	6	49	12	8	36	30	54	55	13	49	31	15	37	66	10	53	51	34	52	44	57	3	27	44	66	22	48	15	49	56	29	21	27	26	8	60	45	60	14	37	49	56	39	48	50	68	45	13	25	21	64	39	59	52	53	42	34	50	48	0	50	49	53	67	57	8	45	11	21	12	25	32	47	34	60	17	14	71	26	35	52	51	8	46	51	10	58	63	50	38	8	20	42	36	24	49	11	43	59	64	15	8	46	34	25	48	43	38	50	55	67	34	54	48	13	48	51	40	34	
38	9	47	41	25	32	51	34	45	13	54	19	28	57	59	8	52	20	58	50	20	14	59	36	16	25	20	24	53	31	41	16	55	14	46	50	22	44	10	16	45	15	20	63	61	34	52	57	61	39	7	26	15	53	27	64	23	43	5	54	10	11	40	46	43	38	53	33	9	11	64	18	67	10	29	14	26	29	51	52	42	29	28	24	18	4	8	39	17	27	14	50	0	36	27	31	11	46	5	47	41	39	44	45	6	36	31	67	62	27	61	24	21	12	46	24	20	47	35	15	45	34	52	30	9	54	33	31	61	39	8	24	58	55	13	51	59	12	17	63	42	23	21	21	13	17	62	2	40	33	58	
10	32	57	20	61	68	52	60	46	40	79	50	41	47	80	31	53	45	54	58	24	50	80	40	46	29	20	60	56	67	59	48	50	48	38	54	47	63	46	52	36	21	28	53	77	70	57	83	85	61	30	10	51	50	25	84	59	28	39	42	44	29	21	31	60	55	56	68	41	46	57	43	87	46	55	22	58	65	76	59	25	35	64	51	54	33	29	65	29	59	47	49	36	0	11	67	47	40	33	39	27	44	60	65	40	15	66	61	53	62	71	48	16	47	50	12	16	53	68	50	73	60	55	41	30	73	25	62	58	66	40	60	63	48	23	70	69	24	47	80	71	58	56	43	49	19	61	34	70	59	75	
10	27	58	28	52	59	56	56	50	35	76	45	41	54	79	25	57	41	60	60	23	41	78	42	41	29	18	51	59	58	58	42	56	41	44	57	43	62	37	44	42	12	26	60	77	62	60	80	82	59	21	9	42	55	27	83	50	35	31	49	37	19	28	38	60	55	59	61	34	37	64	39	86	37	52	13	52	56	73	61	32	36	55	47	45	24	20	61	26	53	40	53	27	11	0	58	38	46	26	45	34	46	59	64	32	22	59	68	60	53	73	44	6	39	53	7	7	55	62	41	69	56	58	41	24	72	29	56	64	62	30	51	66	55	15	69	71	15	42	80	67	51	47	40	41	11	66	26	65	56	75	
68	35	55	69	6	1	65	31	61	30	44	22	43	78	51	36	66	31	74	59	47	17	52	53	25	48	49	7	65	7	45	22	73	19	68	63	30	45	21	15	67	46	45	82	58	5	64	44	50	38	37	57	16	70	53	58	10	68	28	76	23	40	68	71	47	43	65	11	26	22	82	31	59	21	29	45	17	4	43	62	69	49	3	28	13	34	38	32	42	18	21	67	31	67	58	0	20	66	34	68	66	55	48	45	27	65	9	83	81	11	65	31	52	20	60	55	51	60	15	19	32	32	65	47	37	51	58	20	76	32	29	7	68	74	44	49	63	43	24	60	29	11	14	33	18	48	75	33	26	30	57	
48	18	50	52	14	21	57	32	51	17	51	17	33	65	57	18	58	22	65	54	30	3	57	42	16	33	31	13	58	20	43	14	63	10	55	55	23	45	3	7	53	26	29	71	61	24	57	53	57	39	17	37	5	60	37	63	12	53	10	63	8	19	51	56	45	40	58	25	11	4	72	21	65	1	28	25	20	18	49	56	53	37	17	24	7	14	18	36	26	21	11	57	11	47	38	20	0	54	15	55	50	45	46	46	9	47	23	74	70	16	63	25	32	7	51	35	31	52	27	5	40	33	57	36	19	54	43	25	68	36	10	13	62	63	24	51	61	23	16	63	37	15	10	24	5	28	68	13	34	31	59	
50	36	23	22	62	67	12	42	9	38	53	44	23	11	51	38	13	35	14	22	27	55	50	13	42	21	30	60	16	71	32	44	10	48	3	15	36	35	51	53	5	42	26	16	44	66	18	58	57	38	47	37	55	9	20	52	64	13	45	10	46	50	20	12	32	30	16	61	43	57	18	35	56	54	40	42	51	67	50	21	17	17	63	39	58	47	48	45	29	50	46	8	46	40	46	66	54	0	41	3	13	13	30	37	44	25	61	22	16	69	34	35	45	49	13	39	44	16	59	60	54	41	16	19	37	42	17	50	18	46	55	63	24	9	40	40	33	42	42	46	53	55	65	33	52	41	20	43	54	42	41	
36	5	43	37	28	35	46	32	40	10	52	19	24	52	56	3	47	17	53	46	15	17	56	31	15	20	16	27	48	35	38	16	50	15	41	45	19	41	13	19	40	13	15	58	58	37	48	55	59	37	8	23	18	48	22	62	27	38	6	49	11	13	35	41	40	35	48	35	8	16	59	15	64	14	27	12	26	32	50	48	38	24	31	22	21	7	9	37	12	27	14	45	5	33	26	34	15	41	0	42	36	34	41	43	7	32	33	62	57	31	57	21	20	14	41	21	18	43	36	20	44	33	47	26	4	52	28	31	56	38	13	27	54	51	10	48	55	10	16	60	41	25	25	18	16	14	57	2	40	32	55	
49	37	26	20	63	69	15	44	12	39	56	46	25	10	54	38	16	37	15	25	27	56	53	15	43	22	30	62	19	72	35	46	11	49	1	18	38	38	53	55	3	42	27	16	47	68	21	61	60	41	47	36	56	11	20	55	65	11	46	8	48	50	18	9	35	33	19	63	44	58	19	37	59	55	43	42	53	69	53	24	14	19	65	41	59	48	48	48	30	52	48	11	47	39	45	68	55	3	42	0	11	16	33	40	46	23	63	23	15	70	37	37	44	50	17	38	43	19	62	61	57	43	19	21	38	45	16	53	19	49	55	64	26	10	40	43	36	42	44	49	56	57	66	34	53	41	22	44	57	45	44	
37	32	33	9	60	66	25	47	21	36	61	44	26	20	61	32	26	35	27	34	20	52	59	18	41	17	21	59	30	69	40	44	22	46	10	28	37	43	48	51	8	33	21	26	55	67	31	66	66	44	40	25	52	22	13	62	61	2	40	15	43	42	7	5	40	37	30	62	40	52	30	35	66	50	44	33	52	66	58	33	4	18	63	41	55	41	40	51	24	52	45	21	41	27	34	66	50	13	36	11	0	21	39	45	41	12	62	34	26	66	46	37	34	47	25	27	33	28	61	56	60	46	29	23	31	52	7	53	31	52	48	61	37	21	31	49	45	34	42	57	59	55	61	33	49	31	34	38	59	47	52	
53	29	12	30	50	55	11	29	6	28	40	33	12	23	39	31	12	24	19	13	24	45	38	4	31	17	28	49	14	60	19	34	18	37	16	11	24	22	42	43	16	40	22	27	34	54	14	45	45	25	42	38	45	15	19	41	54	22	36	23	37	46	28	23	19	17	14	48	34	48	26	25	45	45	27	39	38	56	37	14	25	11	52	27	47	41	43	32	24	38	36	12	39	44	46	55	45	13	34	16	21	0	18	24	36	31	49	28	26	59	26	23	44	39	7	39	42	9	46	51	41	27	13	8	31	31	19	38	22	33	48	52	20	19	37	28	25	39	31	36	40	43	55	22	42	39	23	37	41	29	31	
68	36	8	47	46	48	21	17	21	31	23	29	18	38	21	38	21	24	29	11	36	44	20	20	30	30	41	44	19	55	3	32	31	36	33	17	23	5	43	41	33	50	33	40	18	46	17	28	27	10	49	52	43	28	34	24	50	40	40	40	38	53	45	41	2	6	19	39	36	50	37	26	27	46	19	49	31	51	20	14	43	24	46	22	45	47	50	18	34	30	35	25	44	60	59	48	46	30	41	33	39	18	0	7	39	48	40	37	39	55	17	21	55	39	17	52	54	15	36	51	26	16	19	19	38	13	36	28	30	19	52	48	19	33	47	10	15	48	30	20	26	38	53	23	41	50	28	42	28	18	15	
72	38	15	54	43	45	28	14	28	32	16	29	23	45	15	41	28	25	36	18	41	44	14	26	30	35	46	42	26	52	5	32	38	36	40	24	23	2	43	40	40	53	37	47	15	42	24	21	20	7	51	56	43	35	40	19	49	47	41	47	38	56	51	48	5	9	26	35	36	50	44	27	22	46	18	52	29	48	13	20	50	30	43	22	44	49	52	13	37	28	35	32	45	65	64	45	46	37	43	40	45	24	7	0	40	53	37	43	46	53	19	21	59	39	24	56	58	22	32	51	19	13	25	24	41	8	42	25	36	14	52	46	25	40	50	5	18	51	30	17	20	36	52	25	41	54	34	44	22	15	13	
43	8	42	43	21	28	47	28	42	8	48	13	24	56	52	9	48	15	55	45	21	11	52	33	10	24	22	20	49	28	36	9	53	8	45	46	16	38	7	12	43	20	19	61	55	30	49	50	54	33	13	30	11	51	27	58	21	43	1	53	4	17	41	46	38	33	49	28	3	12	62	13	60	9	23	18	20	25	45	48	43	27	24	18	14	10	14	32	16	20	8	47	6	40	32	27	9	44	7	46	41	36	39	40	0	38	26	64	60	25	56	18	26	7	42	28	25	43	29	15	38	28	48	27	10	48	33	24	58	33	13	20	54	53	17	45	54	17	10	57	36	18	20	16	9	21	59	6	33	27	52	
25	29	43	5	59	66	37	51	32	36	68	46	31	32	69	29	38	38	39	44	18	49	68	27	42	19	16	58	41	67	48	44	34	45	22	39	40	51	45	50	20	25	21	38	65	67	42	73	74	51	33	14	50	34	14	72	59	13	37	27	42	34	6	16	49	44	41	64	38	48	42	37	75	46	48	25	54	64	65	45	10	23	62	44	53	35	33	56	23	54	44	34	36	15	22	65	47	25	32	23	12	31	48	53	38	0	63	46	38	63	57	40	24	45	36	17	23	39	64	52	65	51	40	29	28	61	11	56	43	57	43	59	48	33	25	58	56	27	43	67	63	55	58	36	47	23	46	34	63	51	62	
69	34	48	66	10	8	58	23	55	27	35	17	38	72	42	35	59	26	67	51	45	19	43	47	21	45	48	10	58	16	37	19	67	18	63	55	25	37	22	15	62	46	42	76	50	5	57	35	41	30	39	56	18	64	49	49	16	64	27	71	22	42	64	67	38	36	58	2	25	26	75	26	50	23	21	45	10	13	34	54	65	44	8	21	16	35	40	23	40	10	19	60	31	66	59	9	23	61	33	63	62	49	40	37	26	63	0	76	75	19	56	25	53	19	53	54	52	53	6	24	23	24	58	41	36	43	55	12	69	23	33	13	60	68	44	40	55	43	20	51	20	8	21	28	18	48	68	33	17	22	48	
71	57	29	41	79	83	17	54	22	57	58	61	41	14	53	59	16	52	9	25	49	74	51	31	60	43	52	77	18	88	40	62	12	66	24	20	53	42	71	72	26	65	48	10	43	82	19	63	59	48	69	59	74	13	42	51	82	33	65	20	66	72	40	30	39	40	18	75	62	77	4	53	55	73	54	64	66	85	55	23	36	38	80	55	76	69	69	56	50	65	65	17	67	61	68	83	74	22	62	23	34	28	37	43	64	46	76	0	9	87	30	51	67	68	23	61	66	23	73	80	63	53	18	37	58	45	39	64	7	56	76	81	19	13	62	43	30	64	60	44	64	72	84	50	71	63	9	65	65	55	41	
63	53	30	33	77	81	17	54	20	53	61	59	38	6	58	54	17	50	10	28	43	70	56	28	57	37	46	75	20	86	42	60	8	63	16	21	51	44	67	69	18	58	42	1	48	81	22	66	64	49	63	51	70	11	36	56	79	25	61	11	62	66	32	22	41	41	20	75	59	73	5	50	60	70	53	57	65	82	58	26	28	33	78	53	73	63	64	57	45	64	62	14	62	53	60	81	70	16	57	15	26	26	39	46	60	38	75	9	0	84	35	49	60	65	22	53	59	24	73	76	65	53	20	34	53	49	32	64	11	57	71	78	24	7	56	47	35	58	58	49	65	70	80	48	68	57	15	60	66	55	46	
63	34	61	68	10	12	70	39	65	31	54	26	46	80	61	34	71	35	78	65	46	14	62	56	27	49	47	11	71	5	52	25	77	21	70	67	34	53	18	15	68	41	44	85	67	17	69	54	60	46	32	53	14	74	53	68	5	68	25	78	22	34	67	72	54	50	71	21	26	16	85	34	69	17	36	40	24	6	53	68	68	51	11	33	11	29	33	41	42	25	22	71	27	62	53	11	16	69	31	70	66	59	55	53	25	63	19	87	84	0	72	36	47	19	64	50	46	65	25	12	42	40	70	50	35	60	58	29	81	41	23	7	74	77	40	58	70	38	27	69	39	17	6	37	17	43	80	29	36	38	66	
80	52	14	55	62	64	21	34	25	48	30	47	33	37	24	54	21	41	25	13	50	61	22	30	47	43	55	61	17	71	20	49	30	53	37	18	40	19	60	58	39	65	47	36	13	62	15	34	30	26	65	64	61	27	46	21	68	47	57	41	55	69	53	47	18	23	17	55	53	67	32	43	25	63	36	64	48	68	28	12	50	37	63	39	62	64	66	33	48	47	52	26	61	71	73	65	63	34	57	37	46	26	17	19	56	57	56	30	35	72	0	38	70	56	21	65	68	18	52	68	38	32	18	32	54	16	46	44	24	33	69	65	11	32	62	16	2	63	47	14	39	55	71	40	58	65	21	59	42	34	11	
54	17	25	43	27	32	34	12	29	10	31	10	12	46	35	20	34	3	42	29	23	24	35	21	9	21	28	26	34	36	18	11	41	15	37	31	2	20	22	21	36	33	20	50	37	31	33	35	38	15	29	38	23	38	26	40	31	39	19	45	17	34	41	41	20	15	34	26	15	29	50	5	43	25	7	31	15	33	29	31	41	19	29	4	25	27	31	17	19	15	14	35	24	48	44	31	25	35	21	37	37	23	21	21	18	40	25	51	49	36	38	0	39	18	28	38	38	28	24	30	25	12	33	15	20	30	31	16	44	18	31	29	38	42	29	27	36	30	9	39	23	20	33	4	20	33	44	22	22	11	34	
16	22	55	30	46	53	54	51	48	30	71	39	37	54	74	20	55	36	59	57	19	35	74	40	35	26	15	45	57	52	54	36	55	35	43	54	38	57	31	38	41	6	22	60	73	56	58	75	77	54	15	9	36	54	25	79	44	35	25	49	31	13	29	39	56	50	57	55	29	31	63	33	82	31	46	8	46	50	68	58	33	33	49	41	39	18	14	56	21	47	34	52	21	16	6	52	32	45	20	44	34	44	55	59	26	24	53	67	60	47	70	39	0	33	50	6	1	53	56	35	64	51	56	37	19	68	28	51	63	57	24	45	64	54	10	64	68	9	36	76	61	45	41	35	34	5	65	20	59	50	71	
50	15	43	49	14	21	51	25	46	11	44	10	27	60	50	16	51	16	59	47	27	5	50	37	9	29	29	13	52	22	36	7	57	3	50	49	16	38	4	5	49	26	25	65	54	23	51	47	51	32	19	37	5	55	33	56	15	49	8	58	3	23	48	52	38	33	52	21	6	11	66	14	58	7	21	25	14	19	42	49	49	31	17	17	8	16	20	29	22	15	4	51	12	47	39	20	7	49	14	50	47	39	39	39	7	45	19	68	65	19	56	18	33	0	45	35	32	46	23	12	34	26	51	30	17	47	39	20	61	30	15	14	56	58	24	44	54	23	9	56	31	11	15	17	2	28	62	13	29	24	52	
59	36	9	34	56	60	5	31	4	34	40	38	18	21	37	38	6	29	14	8	31	51	36	11	36	24	35	54	7	65	19	39	14	43	17	4	30	22	48	49	18	47	29	23	30	58	7	45	43	26	49	44	51	11	26	38	59	26	43	23	43	53	32	26	19	18	7	52	40	55	22	30	42	51	31	46	43	61	37	8	29	18	57	31	53	48	50	34	31	42	42	8	46	50	53	60	51	13	41	17	25	7	17	24	42	36	53	23	22	64	21	28	50	45	0	45	49	2	50	57	42	30	6	15	38	28	25	41	16	35	54	57	13	16	44	26	19	46	37	32	42	48	61	27	48	46	16	43	43	32	27	
16	21	50	23	49	56	48	50	42	29	69	39	33	47	72	19	49	34	53	52	15	38	71	35	35	22	10	48	52	55	51	36	49	36	37	49	36	54	34	40	35	9	19	53	70	58	52	73	75	52	18	2	39	48	19	76	47	29	27	43	32	18	23	32	52	47	52	56	29	34	57	32	79	34	45	10	47	53	66	54	26	28	52	40	42	21	18	55	19	47	35	46	24	12	7	55	35	39	21	38	27	39	52	56	28	17	54	61	53	50	65	38	6	35	45	0	6	48	57	38	63	50	51	33	18	65	22	51	57	56	28	48	59	48	11	61	63	12	36	72	60	46	44	33	37	7	59	22	59	49	67	
17	20	54	29	45	52	53	50	47	28	70	38	35	53	73	18	54	34	58	56	18	34	72	38	34	25	14	44	56	51	53	34	54	34	42	53	36	56	30	36	40	5	21	59	72	55	56	73	76	53	14	9	35	53	24	77	43	35	24	49	29	12	29	38	54	49	56	53	27	30	62	32	80	30	45	6	45	49	67	57	33	32	48	40	38	17	13	55	20	46	33	51	20	16	7	51	31	44	18	43	33	42	54	58	25	23	52	66	59	46	68	38	1	32	49	6	0	52	55	34	62	50	55	36	17	67	27	49	62	55	23	44	63	53	8	63	67	8	34	74	60	43	40	33	33	4	64	18	58	49	69	
62	38	7	37	56	60	6	31	7	36	38	38	19	23	35	40	6	30	14	5	33	52	33	13	37	26	38	55	5	65	18	40	16	44	20	2	30	20	49	49	21	49	31	25	27	58	5	43	41	25	51	47	51	13	28	35	60	29	44	25	44	55	35	29	17	17	5	52	41	56	22	31	39	52	31	48	43	62	35	5	32	20	57	32	54	50	52	33	33	42	42	10	47	53	55	60	52	16	43	19	28	9	15	22	43	39	53	23	24	65	18	28	53	46	2	48	52	0	50	58	41	29	5	17	40	26	28	41	16	34	56	58	11	18	46	24	16	48	38	29	41	49	62	28	49	48	15	45	42	31	25	
72	35	44	67	16	14	56	19	52	28	29	18	36	70	36	37	56	26	64	48	46	24	37	46	22	45	49	15	55	22	33	20	65	21	61	52	24	32	26	19	61	49	43	73	44	10	53	29	35	26	42	58	22	61	50	43	22	64	30	70	25	46	65	66	34	32	55	4	27	31	72	27	44	28	19	48	10	19	28	50	65	44	14	20	21	39	43	18	41	10	21	58	35	68	62	15	27	59	36	62	61	46	36	32	29	64	6	73	73	25	52	24	56	23	50	57	55	50	0	29	17	20	54	40	38	37	55	8	66	18	37	19	56	66	46	35	50	46	21	46	14	12	27	28	22	51	65	36	11	18	43	
51	24	56	57	14	20	63	37	57	22	55	22	39	71	61	23	63	28	70	59	35	7	61	48	21	39	36	14	64	17	48	19	69	15	60	61	28	50	8	11	59	29	34	77	66	24	63	56	61	44	20	41	8	66	42	67	9	58	15	69	14	22	56	61	50	45	64	26	17	4	77	26	69	6	33	28	24	15	53	62	58	42	17	29	8	17	21	40	31	25	16	63	15	50	41	19	5	60	20	61	56	51	51	51	15	52	24	80	76	12	68	30	35	12	57	38	34	58	29	0	44	38	63	42	24	59	48	29	73	40	11	11	68	69	28	56	66	26	21	68	40	17	6	30	10	31	74	18	38	36	64	
79	42	34	67	32	31	47	13	45	34	12	25	34	63	19	44	47	28	55	37	49	37	20	42	29	45	53	31	45	39	23	29	57	31	57	43	26	21	38	33	57	57	45	66	28	27	43	12	18	16	52	64	36	54	50	26	38	62	40	64	35	56	65	64	23	24	45	21	36	44	63	30	27	41	17	56	20	36	11	40	64	42	31	22	36	49	53	9	44	19	31	50	45	73	69	32	40	54	44	57	60	41	26	19	38	65	23	63	65	42	38	25	64	34	42	63	62	41	17	44	0	14	45	37	45	22	55	14	56	8	49	35	44	58	54	21	36	54	28	29	3	26	43	29	35	58	54	45	6	13	28	
66	29	24	52	30	32	35	1	33	22	19	16	20	50	24	31	36	15	44	27	35	31	24	28	18	31	39	29	35	39	12	19	45	23	43	32	13	13	30	27	43	45	31	54	28	30	33	23	26	6	41	50	30	42	36	30	35	48	29	51	26	45	50	50	14	12	35	23	25	37	52	17	32	33	5	43	15	35	17	30	50	28	30	10	31	38	42	5	31	14	22	38	34	60	56	32	33	41	33	43	46	27	16	13	28	51	24	53	53	40	32	12	51	26	30	50	50	29	20	38	14	0	34	23	32	21	40	12	45	6	41	32	36	46	41	18	30	42	18	30	13	22	39	16	28	45	44	34	13	2	26	
65	42	10	38	61	65	3	35	8	40	41	43	24	20	38	44	3	35	10	8	37	57	36	17	42	30	41	60	1	70	22	45	13	49	19	2	35	24	54	54	21	53	35	21	29	63	2	46	44	29	55	50	56	10	31	37	65	29	49	23	49	59	36	29	21	22	1	57	46	61	18	36	41	57	36	52	48	67	38	6	33	24	62	37	59	54	56	37	37	47	47	8	52	55	58	65	57	16	47	19	29	13	19	25	48	40	58	18	20	70	18	33	56	51	6	51	55	5	54	63	45	34	0	21	44	29	30	46	11	38	60	63	8	15	50	27	17	52	43	30	45	54	67	33	54	52	10	50	47	36	26	
49	21	17	30	42	47	20	24	15	19	39	25	3	30	40	23	21	15	28	20	17	36	39	6	22	11	22	41	22	51	18	25	26	29	21	19	16	22	33	34	20	32	14	35	37	47	22	44	44	22	34	33	36	24	15	43	45	25	27	29	28	38	28	27	19	15	22	41	25	39	35	16	46	36	21	31	31	48	36	22	27	5	44	19	39	33	35	28	16	30	27	20	30	41	41	47	36	19	26	21	23	8	19	24	27	29	41	37	34	50	32	15	37	30	15	33	36	17	40	42	37	23	21	0	23	32	18	31	31	29	39	43	28	27	29	29	30	31	23	39	36	35	46	13	33	32	31	28	36	24	34	
34	2	40	33	31	38	42	32	37	10	52	20	21	48	56	1	43	17	49	43	11	21	55	27	16	16	12	30	45	38	36	17	47	18	37	42	19	39	17	22	35	12	10	54	56	40	45	55	58	36	11	20	21	44	18	60	31	34	9	45	14	15	31	37	38	33	45	37	11	20	55	14	63	18	27	11	28	36	49	45	33	20	34	22	25	10	12	37	8	28	17	42	9	30	24	37	19	37	4	38	31	31	38	41	10	28	36	58	53	35	54	20	19	17	38	18	17	40	38	24	45	32	44	23	0	50	24	32	53	38	17	31	51	46	9	46	52	10	17	58	42	28	30	16	19	13	54	6	40	31	53	
81	47	19	61	50	51	32	22	33	41	13	37	31	49	9	50	32	34	39	21	49	52	7	34	38	43	54	49	29	58	14	40	42	44	46	28	32	10	51	48	46	62	46	50	7	48	27	18	15	15	60	65	51	39	48	10	56	54	50	51	46	65	59	54	12	17	29	41	45	58	46	36	14	54	26	61	36	55	11	23	57	38	50	30	52	58	61	19	46	35	43	36	54	73	72	51	54	42	52	45	52	31	13	8	48	61	43	45	49	60	16	30	68	47	28	65	67	26	37	59	22	21	29	32	50	0	50	31	38	19	61	53	25	44	59	3	15	60	38	9	24	43	60	34	49	62	35	53	26	23	5	
34	24	32	12	53	59	27	41	21	28	57	37	20	26	58	24	28	29	31	33	12	44	57	16	34	10	14	52	31	61	36	36	27	39	15	29	31	40	40	44	13	26	13	32	53	60	32	62	63	40	32	20	44	26	5	60	54	10	33	22	36	34	10	13	37	33	31	55	32	44	35	28	64	42	38	26	45	58	54	34	10	12	55	35	47	33	32	46	16	45	37	24	33	25	29	58	43	17	28	16	7	19	36	42	33	11	55	39	32	58	46	31	28	39	25	22	27	28	55	48	55	40	30	18	24	50	0	47	35	47	41	53	38	26	24	46	45	26	35	55	53	48	53	27	42	25	37	30	53	41	50	
67	29	36	59	19	20	47	10	43	21	25	11	27	61	32	31	47	18	55	39	38	22	33	37	15	37	42	18	46	27	25	15	56	17	52	44	16	25	23	18	52	44	35	65	38	17	45	27	32	18	38	52	21	53	42	39	25	55	26	61	21	42	57	58	26	24	46	11	22	29	63	19	40	26	10	43	5	23	24	42	57	35	18	12	21	35	39	12	33	4	16	49	31	62	56	20	25	50	31	53	53	38	28	25	24	56	12	64	64	29	44	16	51	20	41	51	49	41	8	29	14	12	46	31	32	31	47	0	57	12	35	22	48	57	41	29	42	41	14	40	11	12	29	20	20	45	56	31	9	10	37	
68	51	21	39	72	76	10	47	16	51	51	54	34	14	47	53	10	46	4	18	44	67	45	25	53	37	48	71	10	81	33	56	8	59	20	13	46	35	64	65	22	60	42	12	37	75	12	56	53	40	63	55	67	9	38	45	76	31	59	19	59	67	38	29	32	33	10	68	56	71	8	47	49	67	47	59	59	78	48	16	34	32	73	48	69	63	64	48	45	58	58	11	61	58	64	76	68	18	56	19	31	22	30	36	58	43	69	7	11	81	24	44	63	61	16	57	62	16	66	73	56	45	11	31	53	38	35	57	0	49	70	74	13	10	57	37	24	59	53	38	56	65	77	44	64	59	3	59	58	47	35	
72	35	27	59	31	31	40	5	38	27	14	20	26	56	20	37	40	21	48	31	41	33	21	34	23	37	46	30	38	39	16	23	49	26	49	36	19	14	34	29	49	50	38	58	26	28	37	17	21	8	46	56	32	46	43	27	37	54	34	56	30	50	57	56	17	16	38	21	30	40	56	23	28	37	10	49	17	35	12	33	56	34	30	15	33	43	47	1	37	16	26	43	39	66	62	32	36	46	38	49	52	33	19	14	33	57	23	56	57	41	33	18	57	30	35	56	55	34	18	40	8	6	38	29	38	19	47	12	49	0	45	34	39	51	47	17	32	48	22	28	7	24	41	22	31	51	48	39	8	6	25	
40	18	55	48	24	31	59	40	54	21	59	25	36	66	65	17	60	28	66	58	28	13	65	44	22	33	27	23	61	28	49	21	64	18	54	58	29	51	11	17	53	18	28	71	68	34	61	62	66	46	9	31	15	62	35	71	20	50	12	63	14	11	47	54	51	46	61	35	16	7	73	26	73	9	35	18	30	26	57	60	50	38	27	31	17	7	10	44	25	30	18	59	8	40	30	29	10	55	13	55	48	48	52	52	13	43	33	76	71	23	69	31	24	15	54	28	23	56	37	11	49	41	60	39	17	61	41	35	70	45	0	22	66	64	18	58	67	16	23	70	46	25	17	29	14	21	71	11	44	39	65	
61	29	54	63	3	8	63	31	58	25	47	19	40	74	54	30	64	28	71	58	41	10	55	50	21	43	43	4	64	8	44	18	70	15	64	61	27	45	14	9	63	39	39	79	60	12	62	48	53	39	30	50	9	67	47	61	3	63	21	72	17	32	62	66	46	42	64	15	21	14	79	27	62	14	28	38	17	5	46	60	63	45	5	26	6	27	31	34	37	18	16	64	24	60	51	7	13	63	27	64	61	52	48	46	20	59	13	81	78	7	65	29	45	14	57	48	44	58	19	11	35	32	63	43	31	53	53	22	74	34	22	0	67	71	37	50	63	36	20	62	32	10	8	30	11	41	74	26	29	30	58	
73	49	12	46	65	68	11	37	16	46	38	47	30	26	34	51	10	40	14	8	44	62	32	24	47	37	49	63	7	74	23	49	18	53	27	9	39	24	59	59	29	60	42	25	24	66	6	43	40	30	62	57	61	16	39	32	69	37	55	30	54	66	44	36	21	24	7	59	51	66	21	41	36	62	38	59	51	70	36	6	41	31	65	40	63	61	63	38	44	50	52	15	58	63	66	68	62	24	54	26	37	20	19	25	54	48	60	19	24	74	11	38	64	56	13	59	63	11	56	68	44	36	8	28	51	25	38	48	13	39	66	67	0	21	57	24	11	59	47	25	45	57	71	38	58	59	10	56	47	38	22	
58	46	25	29	70	74	12	47	13	46	56	52	31	5	53	47	12	43	7	23	37	63	51	21	50	30	40	68	15	79	35	53	2	56	11	16	44	38	60	62	13	52	36	7	44	74	17	61	59	42	57	46	63	5	30	52	72	20	54	9	55	60	27	18	35	34	15	68	52	66	9	43	56	63	47	51	58	75	53	21	24	26	71	46	66	57	57	50	38	57	55	8	55	48	55	74	63	9	51	10	21	19	33	40	53	33	68	13	7	77	32	42	54	58	16	48	53	18	66	69	58	46	15	27	46	44	26	57	10	51	64	71	21	0	50	42	31	52	50	45	58	63	73	41	60	50	14	53	59	48	41	
26	12	47	30	38	45	48	41	42	20	61	29	28	50	65	10	49	26	53	49	13	27	64	33	25	20	10	37	51	44	45	26	50	25	39	48	28	48	23	29	37	3	15	56	64	47	51	65	68	45	8	13	28	48	19	69	36	33	16	46	21	10	29	37	46	41	51	45	19	24	59	24	72	23	36	2	37	42	58	51	32	26	41	31	31	10	8	46	13	37	25	46	13	23	15	44	24	40	10	40	31	37	47	50	17	25	44	62	56	40	62	29	10	24	44	11	8	46	46	28	54	41	50	29	9	59	24	41	57	47	18	37	57	50	0	55	60	2	26	67	51	35	34	25	26	4	59	11	49	41	62	
77	44	17	58	48	49	30	19	30	37	14	34	28	47	11	46	30	30	37	19	46	49	10	30	35	40	51	46	27	56	10	37	40	41	43	26	29	7	48	45	43	59	42	48	10	46	25	19	17	12	57	61	48	37	44	14	53	51	46	49	43	61	55	51	9	14	27	39	42	55	44	32	17	51	23	57	33	52	11	21	54	34	47	27	49	55	58	17	43	32	40	34	51	70	69	49	51	40	48	43	49	28	10	5	45	58	40	43	47	58	16	27	64	44	26	61	63	24	35	56	21	18	27	29	46	3	46	29	37	17	58	50	24	42	55	0	15	56	35	12	22	40	57	30	46	59	34	49	25	20	8	
78	50	13	54	61	63	20	32	24	46	29	45	31	36	23	52	20	39	25	11	48	60	21	29	45	41	53	59	16	69	18	47	29	51	36	17	38	17	58	56	37	63	45	36	13	60	14	33	29	24	63	63	59	26	44	21	66	46	55	40	53	67	52	45	16	21	16	53	51	65	32	41	25	61	34	62	46	66	26	11	49	35	61	37	60	62	64	31	46	45	50	25	59	69	71	63	61	33	55	36	45	25	15	18	54	56	55	30	35	70	2	36	68	54	19	63	67	16	50	66	36	30	17	30	52	15	45	42	24	32	67	63	11	31	60	15	0	61	45	14	38	53	69	38	56	63	21	57	40	33	11	
26	12	49	32	37	44	50	42	44	20	62	29	30	52	66	10	51	27	55	51	15	26	65	35	25	22	12	36	53	43	46	26	52	25	41	50	29	49	22	28	39	3	17	58	66	46	53	65	68	46	6	14	27	50	22	70	35	36	15	49	21	8	31	39	48	42	53	45	19	22	61	24	73	22	37	2	37	41	59	53	34	28	40	32	30	9	6	47	15	37	25	48	12	24	15	43	23	42	10	42	34	39	48	51	17	27	43	64	58	38	63	30	9	23	46	12	8	48	46	26	54	42	52	31	10	60	26	41	59	48	16	36	59	52	2	56	61	0	26	68	52	35	32	26	25	5	61	10	50	41	63	
52	14	35	46	19	24	43	17	38	7	37	3	19	54	42	16	43	7	51	38	25	14	42	29	1	25	28	17	43	28	27	2	50	6	44	40	7	29	13	11	43	29	22	58	45	25	42	40	43	23	24	37	13	47	29	48	22	44	12	52	8	28	44	47	29	24	43	21	7	20	58	7	50	16	12	28	11	24	34	41	45	25	21	8	16	21	25	21	20	11	5	43	17	47	42	24	16	42	16	44	42	31	30	30	10	43	20	60	58	27	47	9	36	9	37	36	34	38	21	21	28	18	43	23	17	38	35	14	53	22	23	20	47	50	26	35	45	26	0	47	25	13	24	9	11	30	53	16	23	16	43	
88	56	23	66	59	59	34	31	36	50	19	46	39	50	12	58	33	42	39	23	56	61	9	39	47	50	61	58	30	67	21	49	43	53	49	30	41	18	60	57	50	70	53	50	2	56	28	22	17	24	68	72	60	40	54	7	65	58	58	54	55	73	64	58	20	25	30	50	54	67	46	44	11	63	35	69	45	64	18	24	61	44	59	39	61	67	70	28	54	44	52	38	63	80	80	60	63	46	60	49	57	36	20	17	57	67	51	44	49	69	14	39	76	56	32	72	74	29	46	68	29	30	30	39	58	9	55	40	38	28	70	62	25	45	67	12	14	68	47	0	32	52	69	42	58	70	35	61	35	32	5	
77	39	34	65	29	28	47	12	45	31	15	22	33	63	22	41	47	26	55	38	47	34	23	41	26	44	51	28	46	36	23	26	57	28	56	43	24	21	35	29	56	55	43	66	30	24	44	15	21	16	49	61	33	54	49	29	35	61	37	64	32	53	63	63	24	24	46	18	33	41	63	28	30	38	15	53	17	33	14	40	63	41	28	20	32	46	50	8	42	16	28	50	42	71	67	29	37	53	41	56	59	40	26	20	36	63	20	64	65	39	39	23	61	31	42	60	60	41	14	40	3	13	45	36	42	24	53	11	56	7	46	32	45	58	51	22	38	52	25	32	0	23	40	27	32	56	55	42	3	12	30	
61	26	44	59	7	11	54	21	50	19	37	10	32	66	44	27	55	20	62	48	37	12	45	42	13	37	40	6	54	16	34	11	62	10	56	51	19	35	14	7	55	38	34	71	50	12	53	38	44	29	30	48	10	59	42	51	13	57	19	65	14	34	57	60	36	33	54	9	17	19	70	20	52	16	18	37	7	13	36	51	58	38	8	17	9	27	32	24	32	8	11	55	23	58	51	11	15	55	25	57	55	43	38	36	18	55	8	72	70	17	55	20	45	11	48	46	43	49	12	17	26	22	54	35	28	43	48	12	65	24	25	10	57	63	35	40	53	35	13	52	23	0	17	22	10	40	64	25	20	20	48	
57	29	59	63	11	16	66	38	61	27	54	24	43	76	61	29	67	31	74	62	41	10	62	52	24	44	42	11	68	11	50	21	73	17	65	64	31	51	13	12	64	35	40	81	67	20	67	55	61	45	26	47	10	70	48	68	5	63	20	74	18	28	61	67	52	48	68	23	21	10	82	30	69	11	34	34	24	10	53	65	63	47	13	31	8	23	27	41	37	25	19	67	21	56	47	14	10	65	25	66	61	55	53	52	20	58	21	84	80	6	71	33	41	15	61	44	40	62	27	6	43	39	67	46	30	60	53	29	77	41	17	8	71	73	34	57	69	32	24	69	40	17	0	33	13	37	77	24	37	37	65	
50	13	26	39	29	34	33	16	28	8	36	11	9	44	39	16	34	2	41	29	19	23	39	19	9	17	23	27	34	38	20	12	40	15	34	31	4	23	21	21	33	29	15	48	40	34	33	39	42	19	26	34	23	37	22	44	32	35	17	43	15	31	37	38	22	17	34	29	13	27	48	3	47	24	12	27	18	34	33	32	37	16	30	8	25	24	27	21	14	18	14	34	21	43	40	33	24	33	18	34	33	22	23	25	16	36	28	50	48	37	40	4	35	17	27	33	33	28	28	30	29	16	33	13	16	34	27	20	44	22	29	30	38	41	25	30	38	26	9	42	27	22	33	0	20	29	44	19	26	16	37	
51	18	46	52	12	19	53	27	48	14	45	12	30	63	51	18	54	18	61	49	30	3	52	39	11	32	31	11	55	19	38	9	60	5	53	51	18	40	3	3	51	28	28	68	56	21	54	47	52	34	20	39	2	57	36	58	12	51	10	61	5	23	50	55	40	35	55	20	9	9	69	17	59	5	23	27	15	16	43	52	52	34	15	19	5	17	21	31	25	16	6	54	13	49	41	18	5	52	16	53	49	42	41	41	9	47	18	71	68	17	58	20	34	2	48	37	33	49	22	10	35	28	54	33	19	49	42	20	64	31	14	11	58	60	26	46	56	25	11	58	32	10	13	20	0	30	64	15	29	26	54	
21	16	50	29	42	49	50	46	44	24	65	34	31	51	69	14	51	30	55	52	15	31	68	35	30	22	11	41	53	48	48	30	51	30	40	50	32	52	27	33	38	2	17	57	68	51	53	69	72	49	11	9	32	50	21	73	40	33	20	47	25	11	28	37	50	45	53	50	23	27	60	28	76	27	41	3	41	46	62	54	31	28	45	36	35	14	10	50	16	42	29	48	17	19	11	48	28	41	14	41	31	39	50	54	21	23	48	63	57	43	65	33	5	28	46	7	4	48	51	31	58	45	52	32	13	62	25	45	59	51	21	41	59	50	4	59	63	5	30	70	56	40	37	29	30	0	61	15	54	45	65	
71	52	20	42	72	75	11	46	17	51	49	54	34	18	44	54	10	46	7	17	46	68	42	26	53	39	50	70	10	81	32	56	12	60	23	13	46	33	65	65	25	62	44	16	34	74	11	53	50	39	65	57	67	11	40	42	76	34	59	23	59	68	41	32	31	32	10	67	56	71	11	47	46	68	46	61	58	77	46	14	37	33	73	47	69	64	65	47	46	58	58	13	62	61	66	75	68	20	57	22	34	23	28	34	59	46	68	9	15	80	21	44	65	62	16	59	64	15	65	74	54	44	10	31	54	35	37	56	3	48	71	74	10	14	59	34	21	61	53	35	55	64	77	44	64	61	0	60	56	46	32	
36	7	45	38	27	34	48	33	43	12	53	19	26	54	58	5	49	19	55	48	17	16	58	33	16	22	17	26	50	33	40	16	53	15	43	47	21	43	12	18	42	13	17	60	59	36	50	56	60	38	7	24	17	51	24	63	25	40	5	52	10	11	37	43	42	36	50	34	9	14	62	17	66	12	28	12	26	31	51	50	40	26	30	23	20	5	8	38	14	27	14	48	2	34	26	33	13	43	2	44	38	37	42	44	6	34	33	65	60	29	59	22	20	13	43	22	18	45	36	18	45	34	50	28	6	53	30	31	59	39	11	26	56	53	11	49	57	10	16	61	42	25	24	19	15	15	60	0	40	33	57	
75	38	36	65	26	25	48	12	46	30	18	20	33	64	25	39	49	25	57	39	46	31	26	41	24	43	50	25	47	33	24	24	58	26	56	45	23	23	33	27	56	53	42	67	33	21	45	18	24	17	47	60	30	55	48	32	32	61	35	64	30	51	63	63	25	25	47	15	31	38	65	26	33	35	15	51	14	30	17	42	63	41	25	18	30	44	48	9	41	13	26	51	40	70	65	26	34	54	40	57	59	41	28	22	33	63	17	65	66	36	42	22	59	29	43	59	58	42	11	38	6	13	47	36	40	26	53	9	58	8	44	29	47	59	49	25	40	50	23	35	3	20	37	26	29	54	56	40	0	12	32	
66	29	26	53	28	30	37	1	34	21	20	14	21	52	25	31	38	15	46	29	35	29	25	29	17	32	39	26	37	36	15	18	46	21	44	34	12	15	28	25	44	44	31	55	30	27	35	24	27	8	40	50	28	43	37	31	33	49	28	52	24	44	51	51	16	14	37	21	24	35	54	17	33	31	4	43	13	33	18	32	51	29	28	9	29	37	41	5	30	12	20	40	33	59	56	30	31	42	32	45	47	29	18	15	27	51	22	55	55	38	34	11	50	24	32	49	49	31	18	36	13	2	36	24	31	23	41	10	47	6	39	30	38	48	41	20	33	41	16	32	12	20	37	16	26	45	46	33	12	0	28	
83	51	18	61	56	56	30	27	32	45	18	42	34	46	12	53	29	38	36	19	51	57	10	34	43	45	56	54	26	64	17	45	39	49	45	26	36	14	56	53	46	65	48	47	2	53	24	22	18	20	64	67	56	36	49	10	61	53	54	50	51	68	59	54	15	20	26	47	49	63	43	40	14	59	31	64	41	60	16	20	57	39	55	35	57	62	65	25	49	40	48	34	58	75	75	57	59	41	55	44	52	31	15	13	52	62	48	41	46	66	11	34	71	52	27	67	69	25	43	64	28	26	26	34	53	5	50	37	35	25	65	58	22	41	62	8	11	63	43	5	30	48	65	37	54	65	32	57	32	28	0	

